seq,subj,item,cond,R1,R2,R3,R4,R5,R6,R7,R8
0,1,1,0,,,,,,,,
0,1,1,0,,,,,,,,
21,1,1,2,4852,3501,277,156,398,398,,
34,1,2,1,1542,3965,6411,568,1024,1015,,
0,1,2,0,,,,,,,,
0,1,2,0,,,,,,,,
0,1,3,0,,,,,,,,
0,1,3,0,,,,,,,,
3,1,3,2,1410,1247,1650,1423,150,1451,,
29,1,4,1,1946,1764,1422,190,594,770,,
0,1,4,0,,,,,,,,
0,1,4,0,,,,,,,,
0,1,5,0,,,,,,,,
0,1,5,0,,,,,,,,
19,1,5,2,2849,2195,1201,1024,913,811,,
14,1,6,1,1757,1682,753,393,679,508,,
0,1,6,0,,,,,,,,
0,1,6,0,,,,,,,,
0,1,7,0,,,,,,,,
0,1,7,0,,,,,,,,
32,1,7,2,847,128,395,732,497,278,,
24,1,8,1,920,893,452,568,861,520,,
0,1,8,0,,,,,,,,
0,1,8,0,,,,,,,,
0,1,9,0,,,,,,,,
0,1,9,0,,,,,,,,
11,1,9,2,1630,2650,5328,1421,491,509,,
5,1,10,1,1165,504,741,608,963,653,,
0,1,10,0,,,,,,,,
0,1,10,0,,,,,,,,
0,1,11,0,,,,,,,,
28,1,11,2,6943,3965,890,555,469,636,,
0,1,11,0,,,,,,,,
17,1,12,1,1879,4195,980,684,454,527,,
0,1,12,0,,,,,,,,
0,1,12,0,,,,,,,,
0,1,13,0,,,,,,,,
38,1,13,2,2604,670,1411,1287,1051,598,,
0,1,13,0,,,,,,,,
26,1,14,1,1717,1375,1826,674,494,670,,
0,1,14,0,,,,,,,,
0,1,14,0,,,,,,,,
0,1,15,0,,,,,,,,
9,1,15,2,909,624,1088,679,613,656,,
0,1,15,0,,,,,,,,
41,1,16,1,2328,850,2024,435,500,866,,
0,1,16,0,,,,,,,,
0,1,16,0,,,,,,,,
0,1,17,0,,,,,,,,
8,1,17,2,9118,3693,4217,1124,748,1673,,
0,1,17,0,,,,,,,,
7,1,18,1,1773,1379,2486,1250,791,318,,
0,1,18,0,,,,,,,,
0,1,18,0,,,,,,,,
0,1,19,0,,,,,,,,
10,1,19,2,1840,160,1265,931,685,745,,
0,1,19,0,,,,,,,,
43,1,20,1,7396,1073,1005,224,917,893,,
0,1,20,0,,,,,,,,
0,1,20,0,,,,,,,,
0,1,21,0,,,,,,,,
36,1,21,2,4159,1084,538,656,896,443,,
0,1,21,0,,,,,,,,
39,1,22,1,1141,1203,1847,331,948,424,,
0,1,22,0,,,,,,,,
0,1,22,0,,,,,,,,
0,1,23,0,,,,,,,,
1,1,23,2,3434,1954,1857,578,535,1146,,
0,1,23,0,,,,,,,,
42,1,24,1,641,615,810,1981,464,1600,,
0,1,24,0,,,,,,,,
0,1,24,0,,,,,,,,
0,1,25,0,,,,,,,,
2,1,25,2,2815,475,1673,1383,631,338,,
0,1,25,0,,,,,,,,
37,1,26,1,1192,1253,1171,969,992,598,,
0,1,26,0,,,,,,,,
0,1,26,0,,,,,,,,
0,1,27,0,,,,,,,,
13,1,27,2,1986,1672,1394,180,644,647,,
0,1,27,0,,,,,,,,
23,1,28,1,2150,1949,1487,1034,659,1061,,
0,1,28,0,,,,,,,,
0,1,28,0,,,,,,,,
0,1,29,0,,,,,,,,
40,1,29,2,2090,1485,421,1581,997,968,,
0,1,29,0,,,,,,,,
27,1,30,1,2476,1779,806,1167,890,1349,,
0,1,30,0,,,,,,,,
0,1,30,0,,,,,,,,
0,1,31,0,,,,,,,,
16,1,31,2,1311,809,429,590,481,644,,
0,1,31,0,,,,,,,,
18,1,32,1,1333,2601,955,523,433,455,,
0,1,32,0,,,,,,,,
0,1,32,0,,,,,,,,
14,2,1,1,230,172,165,1745,1338,948,,
0,2,1,0,,,,,,,,
21,2,1,0,,,,,,,,
34,2,2,0,,,,,,,,
0,2,2,0,,,,,,,,
28,2,2,2,1947,1449,2719,1480,1146,1086,,
36,2,3,1,2424,1280,1855,2223,2181,1738,,
0,2,3,0,,,,,,,,
3,2,3,0,,,,,,,,
29,2,4,0,,,,,,,,
0,2,4,0,,,,,,,,
12,2,4,2,2232,258,1778,2389,1796,1138,,
20,2,5,1,1736,1115,1389,1019,860,826,,
0,2,5,0,,,,,,,,
19,2,5,0,,,,,,,,
14,2,6,0,,,,,,,,
0,2,6,0,,,,,,,,
6,2,6,2,1554,1860,1635,1248,1201,572,,
2,2,7,1,2736,3071,1207,1546,1145,1189,,
0,2,7,0,,,,,,,,
32,2,7,0,,,,,,,,
24,2,8,0,,,,,,,,
0,2,8,0,,,,,,,,
10,2,8,2,1368,1619,1134,860,1881,1953,,
16,2,9,1,1587,2134,1272,1402,810,959,,
0,2,9,0,,,,,,,,
11,2,9,0,,,,,,,,
5,2,10,0,,,,,,,,
0,2,10,0,,,,,,,,
25,2,10,2,1205,291,1172,1699,1032,1045,,
8,2,11,1,2493,1986,1314,1020,393,868,,
28,2,11,0,,,,,,,,
0,2,11,0,,,,,,,,
17,2,12,0,,,,,,,,
39,2,12,2,1247,2198,2389,2202,1314,370,,
0,2,12,0,,,,,,,,
22,2,13,1,3033,1211,207,1702,1013,2132,,
38,2,13,0,,,,,,,,
0,2,13,0,,,,,,,,
26,2,14,0,,,,,,,,
42,2,14,2,1645,1020,1146,2524,1171,835,,
0,2,14,0,,,,,,,,
40,2,15,1,1043,1671,1154,1748,933,743,,
9,2,15,0,,,,,,,,
0,2,15,0,,,,,,,,
41,2,16,0,,,,,,,,
41,2,16,2,2019,1151,167,1494,1009,1412,,
0,2,16,0,,,,,,,,
4,2,17,1,5749,1481,3143,1488,1390,1288,,
8,2,17,0,,,,,,,,
0,2,17,0,,,,,,,,
7,2,18,0,,,,,,,,
31,2,18,2,1050,1507,1066,1428,1288,847,,
0,2,18,0,,,,,,,,
24,2,19,1,1276,2348,1537,996,905,2182,,
10,2,19,0,,,,,,,,
0,2,19,0,,,,,,,,
43,2,20,0,,,,,,,,
19,2,20,2,1976,1240,1715,886,444,527,,
0,2,20,0,,,,,,,,
33,2,21,1,1426,2408,1777,1468,1695,1040,,
36,2,21,0,,,,,,,,
0,2,21,0,,,,,,,,
39,2,22,0,,,,,,,,
1,2,22,2,2172,3002,2028,1407,1486,1333,,
0,2,22,0,,,,,,,,
23,2,23,1,1138,1403,933,950,862,1391,,
1,2,23,0,,,,,,,,
0,2,23,0,,,,,,,,
42,2,24,0,,,,,,,,
34,2,24,2,1769,1105,1279,1626,1266,816,,
0,2,24,0,,,,,,,,
35,2,25,1,2305,1338,1604,2204,1768,104,,
2,2,25,0,,,,,,,,
0,2,25,0,,,,,,,,
37,2,26,0,,,,,,,,
9,2,26,2,2438,783,1233,289,1396,1648,,
0,2,26,0,,,,,,,,
38,2,27,1,2197,1684,1203,281,1495,1797,,
13,2,27,0,,,,,,,,
0,2,27,0,,,,,,,,
23,2,28,0,,,,,,,,
32,2,28,2,4563,2849,897,137,1279,2870,,
0,2,28,0,,,,,,,,
30,2,29,1,6738,1981,1667,1541,1265,1367,,
40,2,29,0,,,,,,,,
0,2,29,0,,,,,,,,
27,2,30,0,,,,,,,,
27,2,30,2,2391,1558,1495,1693,2193,1208,,
0,2,30,0,,,,,,,,
5,2,31,1,1686,1566,1971,1100,1098,1301,,
16,2,31,0,,,,,,,,
0,2,31,0,,,,,,,,
18,2,32,0,,,,,,,,
18,2,32,2,1244,2195,2305,123,1236,833,,
0,2,32,0,,,,,,,,
14,3,1,0,,,,,,,,
0,3,1,0,,,,,,,,
29,3,1,2,5020,1976,137,2348,1080,967,,
40,3,2,1,2870,2024,1425,1150,1605,1048,,
0,3,2,0,,,,,,,,
28,3,2,0,,,,,,,,
36,3,3,0,,,,,,,,
0,3,3,0,,,,,,,,
11,3,3,2,3275,1623,1865,1421,830,590,,
1,3,4,1,2419,2554,1451,1600,917,2324,,
0,3,4,0,,,,,,,,
12,3,4,0,,,,,,,,
20,3,5,0,,,,,,,,
0,3,5,0,,,,,,,,
7,3,5,2,2448,2708,2496,1189,982,1068,,
22,3,6,1,2598,1839,1561,1569,1400,1216,,
0,3,6,0,,,,,,,,
6,3,6,0,,,,,,,,
2,3,7,0,,,,,,,,
0,3,7,0,,,,,,,,
34,3,7,2,2156,1626,1244,864,1418,1134,,
14,3,8,1,1280,1832,1303,832,1542,2594,,
0,3,8,0,,,,,,,,
10,3,8,0,,,,,,,,
16,3,9,0,,,,,,,,
0,3,9,0,,,,,,,,
42,3,9,2,1520,1523,1195,760,1517,1025,,
18,3,10,1,2083,314,2990,1266,876,1223,,
0,3,10,0,,,,,,,,
25,3,10,0,,,,,,,,
8,3,11,0,,,,,,,,
33,3,11,2,2182,1525,1014,931,624,1196,,
0,3,11,0,,,,,,,,
13,3,12,1,1192,6036,3016,434,855,1371,,
39,3,12,0,,,,,,,,
0,3,12,0,,,,,,,,
22,3,13,0,,,,,,,,
27,3,13,2,3467,2971,1517,1402,1520,1489,,
0,3,13,0,,,,,,,,
24,3,14,1,1891,4020,564,2472,1031,870,,
42,3,14,0,,,,,,,,
0,3,14,0,,,,,,,,
40,3,15,0,,,,,,,,
37,3,15,2,1347,1221,182,769,1088,1415,,
0,3,15,0,,,,,,,,
9,3,16,1,2425,1474,1376,782,827,997,,
41,3,16,0,,,,,,,,
0,3,16,0,,,,,,,,
4,3,17,0,,,,,,,,
21,3,17,2,1223,3048,1735,919,1122,2026,,
0,3,17,0,,,,,,,,
26,3,18,1,3600,289,523,2126,1027,1481,,
31,3,18,0,,,,,,,,
0,3,18,0,,,,,,,,
24,3,19,0,,,,,,,,
36,3,19,2,4184,1959,976,974,1625,1380,,
0,3,19,0,,,,,,,,
28,3,20,1,4678,1691,1152,863,900,1250,,
19,3,20,0,,,,,,,,
0,3,20,0,,,,,,,,
33,3,21,0,,,,,,,,
16,3,21,2,2585,2135,986,1611,1063,1323,,
0,3,21,0,,,,,,,,
25,3,22,1,1845,1907,1573,790,1243,1780,,
1,3,22,0,,,,,,,,
0,3,22,0,,,,,,,,
23,3,23,0,,,,,,,,
3,3,23,2,2026,713,1456,1164,907,1237,,
0,3,23,0,,,,,,,,
20,3,24,1,2275,1910,781,1130,928,1220,,
34,3,24,0,,,,,,,,
0,3,24,0,,,,,,,,
35,3,25,0,,,,,,,,
10,3,25,2,2169,3607,1481,2296,801,1354,,
0,3,25,0,,,,,,,,
4,3,26,1,2719,2273,2105,1331,1993,1705,,
9,3,26,0,,,,,,,,
0,3,26,0,,,,,,,,
38,3,27,0,,,,,,,,
38,3,27,2,1456,1609,1710,1650,859,2120,,
0,3,27,0,,,,,,,,
6,3,28,1,3747,3481,2561,1539,1036,2554,,
32,3,28,0,,,,,,,,
0,3,28,0,,,,,,,,
30,3,29,0,,,,,,,,
31,3,29,2,2884,1268,1400,1818,1738,2853,,
0,3,29,0,,,,,,,,
32,3,30,1,2920,421,2011,225,1030,3367,,
27,3,30,0,,,,,,,,
0,3,30,0,,,,,,,,
5,3,31,0,,,,,,,,
39,3,31,2,1118,1775,1713,776,484,2059,,
0,3,31,0,,,,,,,,
5,3,32,1,1306,2955,286,783,889,1297,,
18,3,32,0,,,,,,,,
0,3,32,0,,,,,,,,
18,4,1,1,5095,1508,135,1979,1262,1762,,
0,4,1,0,,,,,,,,
29,4,1,0,,,,,,,,
40,4,2,0,,,,,,,,
0,4,2,0,,,,,,,,
7,4,2,2,3006,2372,2580,2426,1404,2867,,
28,4,3,1,2084,1254,1750,1676,1523,1424,,
0,4,3,0,,,,,,,,
11,4,3,0,,,,,,,,
1,4,4,0,,,,,,,,
0,4,4,0,,,,,,,,
9,4,4,2,3975,701,1290,2023,1050,1332,,
1,4,5,1,2949,1513,1321,1384,1188,1647,,
0,4,5,0,,,,,,,,
7,4,5,0,,,,,,,,
22,4,6,0,,,,,,,,
0,4,6,0,,,,,,,,
5,4,6,2,1300,2364,1598,1694,1131,1391,,
31,4,7,1,2642,2122,2555,2262,1204,2196,,
0,4,7,0,,,,,,,,
34,4,7,0,,,,,,,,
14,4,8,0,,,,,,,,
0,4,8,0,,,,,,,,
13,4,8,2,1411,1726,1609,1411,3143,2359,,
33,4,9,1,4195,1367,1070,927,1121,744,,
0,4,9,0,,,,,,,,
42,4,9,0,,,,,,,,
18,4,10,0,,,,,,,,
0,4,10,0,,,,,,,,
36,4,10,2,1968,1509,2219,1913,1717,1372,,
38,4,11,1,1641,1885,1368,1122,861,952,,
33,4,11,0,,,,,,,,
0,4,11,0,,,,,,,,
13,4,12,0,,,,,,,,
39,4,12,2,1184,2058,1743,1504,2273,1007,,
0,4,12,0,,,,,,,,
44,4,13,1,2207,1073,1650,1794,1620,1235,,
27,4,13,0,,,,,,,,
0,4,13,0,,,,,,,,
24,4,14,0,,,,,,,,
12,4,14,2,3500,1554,727,1219,1584,1262,,
0,4,14,0,,,,,,,,
24,4,15,1,1579,1956,2121,1301,1226,1221,,
37,4,15,0,,,,,,,,
0,4,15,0,,,,,,,,
9,4,16,0,,,,,,,,
3,4,16,2,2550,2789,3275,1438,1124,1433,,
0,4,16,0,,,,,,,,
25,4,17,1,1621,1073,1967,1272,1175,1400,,
21,4,17,0,,,,,,,,
0,4,17,0,,,,,,,,
26,4,18,0,,,,,,,,
42,4,18,2,1625,1827,1686,1929,1661,2943,,
0,4,18,0,,,,,,,,
41,4,19,1,1999,324,2777,2127,2263,2134,,
36,4,19,0,,,,,,,,
0,4,19,0,,,,,,,,
28,4,20,0,,,,,,,,
30,4,20,2,2613,2079,2968,1579,1106,1824,,
0,4,20,0,,,,,,,,
16,4,21,1,4563,1946,1355,1305,1547,1472,,
16,4,21,0,,,,,,,,
0,4,21,0,,,,,,,,
25,4,22,0,,,,,,,,
21,4,22,2,2179,1520,1400,1101,1574,1009,,
0,4,22,0,,,,,,,,
35,4,23,1,1632,1442,1733,1273,1119,1579,,
3,4,23,0,,,,,,,,
0,4,23,0,,,,,,,,
20,4,24,0,,,,,,,,
17,4,24,2,2371,920,1400,1754,998,1142,,
0,4,24,0,,,,,,,,
27,4,25,1,1245,4621,1550,2413,1306,1432,,
10,4,25,0,,,,,,,,
0,4,25,0,,,,,,,,
4,4,26,0,,,,,,,,
4,4,26,2,2745,1385,1770,1223,1636,1682,,
0,4,26,0,,,,,,,,
22,4,27,1,3463,2323,1417,1957,903,1497,,
38,4,27,0,,,,,,,,
0,4,27,0,,,,,,,,
6,4,28,0,,,,,,,,
11,4,28,2,3380,1788,2030,2921,1450,2610,,
0,4,28,0,,,,,,,,
20,4,29,1,4957,1939,2811,2013,1527,2139,,
31,4,29,0,,,,,,,,
0,4,29,0,,,,,,,,
32,4,30,0,,,,,,,,
23,4,30,2,2824,1965,1643,1739,2109,2322,,
0,4,30,0,,,,,,,,
40,4,31,1,1552,1819,2382,1192,1396,2023,,
39,4,31,0,,,,,,,,
0,4,31,0,,,,,,,,
5,4,32,0,,,,,,,,
43,4,32,2,1060,1182,748,950,898,492,,
0,4,32,0,,,,,,,,
18,5,1,0,,,,,,,,
0,5,1,0,,,,,,,,
14,5,1,2,2331,667,165,653,682,810,,
3,5,2,1,1782,1327,1390,992,1005,735,,
0,5,2,0,,,,,,,,
7,5,2,0,,,,,,,,
28,5,3,0,,,,,,,,
0,5,3,0,,,,,,,,
22,5,3,2,2179,1273,1069,634,744,1032,,
12,5,4,1,534,1835,1225,869,536,1630,,
0,5,4,0,,,,,,,,
9,5,4,0,,,,,,,,
1,5,5,0,,,,,,,,
0,5,5,0,,,,,,,,
7,5,5,2,864,779,1545,422,693,686,,
25,5,6,1,874,1153,1260,844,899,858,,
0,5,6,0,,,,,,,,
5,5,6,0,,,,,,,,
31,5,7,0,,,,,,,,
0,5,7,0,,,,,,,,
20,5,7,2,2119,137,1751,187,656,638,,
39,5,8,1,730,1132,285,521,1408,1028,,
0,5,8,0,,,,,,,,
13,5,8,0,,,,,,,,
33,5,9,0,,,,,,,,
0,5,9,0,,,,,,,,
28,5,9,2,1378,1423,479,815,523,505,,
30,5,10,1,1210,990,972,275,506,888,,
0,5,10,0,,,,,,,,
36,5,10,0,,,,,,,,
38,5,11,0,,,,,,,,
18,5,11,2,372,1604,734,571,437,295,,
0,5,11,0,,,,,,,,
35,5,12,1,605,1548,2327,816,860,456,,
39,5,12,0,,,,,,,,
0,5,12,0,,,,,,,,
44,5,13,0,,,,,,,,
41,5,13,2,903,1093,918,770,853,313,,
0,5,13,0,,,,,,,,
33,5,14,1,941,883,819,732,410,751,,
12,5,14,0,,,,,,,,
0,5,14,0,,,,,,,,
24,5,15,0,,,,,,,,
36,5,15,2,541,813,532,404,1357,1014,,
0,5,15,0,,,,,,,,
6,5,16,1,1235,1174,155,636,613,655,,
3,5,16,0,,,,,,,,
0,5,16,0,,,,,,,,
25,5,17,0,,,,,,,,
2,5,17,2,1554,2186,674,1092,425,1839,,
0,5,17,0,,,,,,,,
17,5,18,1,458,2991,1258,977,321,1204,,
42,5,18,0,,,,,,,,
0,5,18,0,,,,,,,,
41,5,19,0,,,,,,,,
32,5,19,2,1032,946,788,584,581,1814,,
0,5,19,0,,,,,,,,
27,5,20,1,1167,476,940,1227,904,815,,
30,5,20,0,,,,,,,,
0,5,20,0,,,,,,,,
16,5,21,0,,,,,,,,
38,5,21,2,1337,783,580,529,1524,1156,,
0,5,21,0,,,,,,,,
37,5,22,1,1196,809,760,692,665,860,,
21,5,22,0,,,,,,,,
0,5,22,0,,,,,,,,
35,5,23,0,,,,,,,,
34,5,23,2,832,1184,812,548,693,965,,
0,5,23,0,,,,,,,,
16,5,24,1,855,634,1031,1011,712,802,,
17,5,24,0,,,,,,,,
0,5,24,0,,,,,,,,
27,5,25,0,,,,,,,,
42,5,25,2,1362,1001,1309,1062,823,1274,,
0,5,25,0,,,,,,,,
24,5,26,1,1575,994,1026,773,600,792,,
4,5,26,0,,,,,,,,
0,5,26,0,,,,,,,,
22,5,27,0,,,,,,,,
9,5,27,2,1291,1807,769,1020,425,945,,
0,5,27,0,,,,,,,,
5,5,28,1,2104,666,282,776,647,1533,,
11,5,28,0,,,,,,,,
0,5,28,0,,,,,,,,
20,5,29,0,,,,,,,,
19,5,29,2,2064,1330,148,1131,646,817,,
0,5,29,0,,,,,,,,
11,5,30,1,1427,1309,1190,634,797,620,,
23,5,30,0,,,,,,,,
0,5,30,0,,,,,,,,
40,5,31,0,,,,,,,,
10,5,31,2,902,890,625,968,495,764,,
0,5,31,0,,,,,,,,
1,5,32,1,1817,2240,1251,1047,749,461,,
43,5,32,0,,,,,,,,
0,5,32,0,,,,,,,,
20,6,1,1,1463,3528,866,989,569,579,,
0,6,1,0,,,,,,,,
14,6,1,0,,,,,,,,
3,6,2,0,,,,,,,,
0,6,2,0,,,,,,,,
2,6,2,2,3813,2801,846,2787,1193,1112,,
15,6,3,1,4827,1234,1820,2530,859,1287,,
0,6,3,0,,,,,,,,
22,6,3,0,,,,,,,,
12,6,4,0,,,,,,,,
0,6,4,0,,,,,,,,
8,6,4,2,1376,2569,1302,1705,1499,1075,,
37,6,5,1,2878,1699,1452,1673,663,701,,
0,6,5,0,,,,,,,,
7,6,5,0,,,,,,,,
25,6,6,0,,,,,,,,
0,6,6,0,,,,,,,,
4,6,6,2,2994,183,196,932,2295,1081,,
31,6,7,1,1572,2286,1177,465,422,457,,
0,6,7,0,,,,,,,,
20,6,7,0,,,,,,,,
39,6,8,0,,,,,,,,
0,6,8,0,,,,,,,,
34,6,8,2,539,230,1187,438,1008,1719,,
28,6,9,1,3914,1586,1565,1875,807,132,,
0,6,9,0,,,,,,,,
28,6,9,0,,,,,,,,
30,6,10,0,,,,,,,,
0,6,10,0,,,,,,,,
24,6,10,2,1378,2120,1095,998,963,2027,,
23,6,11,1,3228,3130,1502,764,604,894,,
18,6,11,0,,,,,,,,
0,6,11,0,,,,,,,,
35,6,12,0,,,,,,,,
41,6,12,2,1774,1772,2591,1455,1009,539,,
0,6,12,0,,,,,,,,
19,6,13,1,2491,1851,2164,1263,1014,566,,
41,6,13,0,,,,,,,,
0,6,13,0,,,,,,,,
33,6,14,0,,,,,,,,
39,6,14,2,1812,523,1654,492,639,927,,
0,6,14,0,,,,,,,,
33,6,15,1,661,2425,1961,111,605,768,,
36,6,15,0,,,,,,,,
0,6,15,0,,,,,,,,
6,6,16,0,,,,,,,,
10,6,16,2,2713,1303,1150,510,737,509,,
0,6,16,0,,,,,,,,
22,6,17,1,1546,2299,6690,1134,607,165,,
2,6,17,0,,,,,,,,
0,6,17,0,,,,,,,,
17,6,18,0,,,,,,,,
11,6,18,2,2493,1994,2907,855,801,1276,,
0,6,18,0,,,,,,,,
14,6,19,1,4371,1454,3788,634,758,1869,,
32,6,19,0,,,,,,,,
0,6,19,0,,,,,,,,
27,6,20,0,,,,,,,,
30,6,20,2,2507,2798,2668,2215,776,848,,
0,6,20,0,,,,,,,,
27,6,21,1,1946,718,878,1078,595,1898,,
38,6,21,0,,,,,,,,
0,6,21,0,,,,,,,,
37,6,22,0,,,,,,,,
12,6,22,2,2452,1366,2690,695,220,889,,
0,6,22,0,,,,,,,,
42,6,23,1,1112,1128,1953,1232,933,266,,
34,6,23,0,,,,,,,,
0,6,23,0,,,,,,,,
16,6,24,0,,,,,,,,
1,6,24,2,4268,2226,2083,2616,795,1231,,
0,6,24,0,,,,,,,,
36,6,25,1,2289,205,364,871,509,1180,,
42,6,25,0,,,,,,,,
0,6,25,0,,,,,,,,
24,6,26,0,,,,,,,,
17,6,26,2,2976,1291,1093,1509,762,840,,
0,6,26,0,,,,,,,,
40,6,27,1,2647,1799,1951,1881,1243,2724,,
9,6,27,0,,,,,,,,
0,6,27,0,,,,,,,,
5,6,28,0,,,,,,,,
26,6,28,2,1791,2069,3211,1482,974,761,,
0,6,28,0,,,,,,,,
7,6,29,1,2782,1637,2975,1022,1206,774,,
19,6,29,0,,,,,,,,
0,6,29,0,,,,,,,,
11,6,30,0,,,,,,,,
6,6,30,2,3331,2028,1129,1128,1141,1457,,
0,6,30,0,,,,,,,,
18,6,31,1,1689,1196,3021,1165,1004,1015,,
10,6,31,0,,,,,,,,
0,6,31,0,,,,,,,,
1,6,32,0,,,,,,,,
13,6,32,2,2733,2906,2420,1477,1076,185,,
0,6,32,0,,,,,,,,
20,7,1,0,,,,,,,,
0,7,1,0,,,,,,,,
40,7,1,2,3327,1501,1224,1707,1873,1937,,
25,7,2,1,3982,1700,1514,1196,1642,1088,,
0,7,2,0,,,,,,,,
2,7,2,0,,,,,,,,
15,7,3,0,,,,,,,,
0,7,3,0,,,,,,,,
14,7,3,2,5571,1339,3007,1823,1630,1167,,
22,7,4,1,5039,4665,1949,1478,1070,1424,,
0,7,4,0,,,,,,,,
8,7,4,0,,,,,,,,
37,7,5,0,,,,,,,,
0,7,5,0,,,,,,,,
35,7,5,2,2415,1485,2624,1015,994,2186,,
28,7,6,1,6195,5544,1521,1534,2749,721,,
0,7,6,0,,,,,,,,
4,7,6,0,,,,,,,,
31,7,7,0,,,,,,,,
0,7,7,0,,,,,,,,
16,7,7,2,6200,2109,1491,300,1191,1482,,
9,7,8,1,4677,2387,2776,1573,2193,2327,,
0,7,8,0,,,,,,,,
34,7,8,0,,,,,,,,
28,7,9,0,,,,,,,,
0,7,9,0,,,,,,,,
33,7,9,2,3374,4913,3095,1720,1442,1420,,
4,7,10,1,3023,3788,1859,2082,2210,1889,,
0,7,10,0,,,,,,,,
24,7,10,0,,,,,,,,
23,7,11,0,,,,,,,,
38,7,11,2,3832,1360,1080,1687,745,1001,,
0,7,11,0,,,,,,,,
44,7,12,1,3126,4429,2332,1515,1199,559,,
41,7,12,0,,,,,,,,
0,7,12,0,,,,,,,,
19,7,13,0,,,,,,,,
2,7,13,2,6684,4908,3684,2766,1672,919,,
0,7,13,0,,,,,,,,
42,7,14,1,3677,982,1042,951,1204,582,,
39,7,14,0,,,,,,,,
0,7,14,0,,,,,,,,
33,7,15,0,,,,,,,,
24,7,15,2,4274,2477,2394,2724,2264,996,,
0,7,15,0,,,,,,,,
11,7,16,1,2906,2392,2582,1847,2165,1016,,
10,7,16,0,,,,,,,,
0,7,16,0,,,,,,,,
22,7,17,0,,,,,,,,
3,7,17,2,,,1795,1920,1259,2915,,
0,7,17,0,,,,,,,,
37,7,18,1,2157,2494,2480,1629,,882,,
11,7,18,0,,,,,,,,
0,7,18,0,,,,,,,,
14,7,19,0,,,,,,,,
20,7,19,2,4113,2206,2032,2006,1614,2104,,
0,7,19,0,,,,,,,,
43,7,20,1,3036,2203,1510,1928,1181,,,
30,7,20,0,,,,,,,,
0,7,20,0,,,,,,,,
27,7,21,0,,,,,,,,
19,7,21,2,3674,1358,562,,189,1644,,
0,7,21,0,,,,,,,,
7,7,22,1,5643,5130,387,2057,1424,1032,,
12,7,22,0,,,,,,,,
0,7,22,0,,,,,,,,
42,7,23,0,,,,,,,,
30,7,23,2,4996,1108,1120,1152,1518,963,,
0,7,23,0,,,,,,,,
18,7,24,1,5437,1157,998,2098,1147,1645,,
1,7,24,0,,,,,,,,
0,7,24,0,,,,,,,,
36,7,25,0,,,,,,,,
13,7,25,2,4227,1461,1317,1350,1210,1326,,
0,7,25,0,,,,,,,,
8,7,26,1,6118,4428,1393,1993,1538,1382,,
17,7,26,0,,,,,,,,
0,7,26,0,,,,,,,,
40,7,27,0,,,,,,,,
6,7,27,2,3752,2911,2205,3641,1690,2921,,
0,7,27,0,,,,,,,,
1,7,28,1,12174,3147,7390,3079,1686,4935,,
26,7,28,0,,,,,,,,
0,7,28,0,,,,,,,,
7,7,29,0,,,,,,,,
39,7,29,2,3676,2272,2093,1086,944,613,,
0,7,29,0,,,,,,,,
21,7,30,1,5008,2112,2824,1622,1852,836,,
6,7,30,0,,,,,,,,
0,7,30,0,,,,,,,,
18,7,31,0,,,,,,,,
32,7,31,2,2908,3356,3486,1339,1275,776,,
0,7,31,0,,,,,,,,
31,7,32,1,5831,3993,1140,1283,924,534,,
13,7,32,0,,,,,,,,
0,7,32,0,,,,,,,,
29,8,1,1,1642,2583,1762,841,662,734,,
0,8,1,0,,,,,,,,
40,8,1,0,,,,,,,,
25,8,2,0,,,,,,,,
0,8,2,0,,,,,,,,
1,8,2,2,3363,1833,1640,1839,1236,941,,
4,8,3,1,2140,1532,1514,1416,256,1031,,
0,8,3,0,,,,,,,,
14,8,3,0,,,,,,,,
22,8,4,0,,,,,,,,
0,8,4,0,,,,,,,,
39,8,4,2,873,1814,1269,1508,875,958,,
22,8,5,1,1576,1065,1307,697,714,731,,
0,8,5,0,,,,,,,,
35,8,5,0,,,,,,,,
28,8,6,0,,,,,,,,
0,8,6,0,,,,,,,,
12,8,6,2,1750,1521,1051,1084,654,951,,
27,8,7,1,1259,926,1729,1376,733,920,,
0,8,7,0,,,,,,,,
16,8,7,0,,,,,,,,
9,8,8,0,,,,,,,,
0,8,8,0,,,,,,,,
35,8,8,2,1087,920,717,808,1127,596,,
14,8,9,1,1852,1600,1439,1028,744,849,,
0,8,9,0,,,,,,,,
33,8,9,0,,,,,,,,
4,8,10,0,,,,,,,,
0,8,10,0,,,,,,,,
17,8,10,2,1051,1426,916,1289,1207,974,,
25,8,11,1,1212,2236,1783,778,524,843,,
38,8,11,0,,,,,,,,
0,8,11,0,,,,,,,,
44,8,12,0,,,,,,,,
3,8,12,2,1487,2553,1610,1705,927,476,,
0,8,12,0,,,,,,,,
6,8,13,1,3367,1084,1920,1724,1136,515,,
2,8,13,0,,,,,,,,
0,8,13,0,,,,,,,,
42,8,14,0,,,,,,,,
7,8,14,2,3686,965,1395,739,1070,745,,
0,8,14,0,,,,,,,,
24,8,15,1,919,1741,1779,1169,1619,718,,
24,8,15,0,,,,,,,,
0,8,15,0,,,,,,,,
11,8,16,0,,,,,,,,
32,8,16,2,2925,1548,2753,717,154,643,,
0,8,16,0,,,,,,,,
11,8,17,1,1358,1386,1537,1578,1713,1619,,
3,8,17,0,,,,,,,,
0,8,17,0,,,,,,,,
37,8,18,0,,,,,,,,
21,8,18,2,2040,1155,999,719,266,984,,
0,8,18,0,,,,,,,,
41,8,19,1,3739,,2275,1598,1632,965,,
20,8,19,0,,,,,,,,
0,8,19,0,,,,,,,,
43,8,20,0,,,,,,,,
8,8,20,2,2524,1483,2112,731,594,466,,
0,8,20,0,,,,,,,,
33,8,21,1,1545,946,1406,885,397,165,,
19,8,21,0,,,,,,,,
0,8,21,0,,,,,,,,
7,8,22,0,,,,,,,,
34,8,22,2,1685,1784,1776,721,759,865,,
0,8,22,0,,,,,,,,
20,8,23,1,1323,1178,1995,681,830,1093,,
30,8,23,0,,,,,,,,
0,8,23,0,,,,,,,,
18,8,24,0,,,,,,,,
38,8,24,2,924,1090,507,956,742,675,,
0,8,24,0,,,,,,,,
16,8,25,1,1435,2223,1693,1499,710,982,,
13,8,25,0,,,,,,,,
0,8,25,0,,,,,,,,
8,8,26,0,,,,,,,,
31,8,26,2,1296,874,1282,1063,1081,1209,,
0,8,26,0,,,,,,,,
10,8,27,1,2535,1442,1196,1186,1100,1462,,
6,8,27,0,,,,,,,,
0,8,27,0,,,,,,,,
1,8,28,0,,,,,,,,
26,8,28,2,2258,903,1184,1186,1209,1150,,
0,8,28,0,,,,,,,,
9,8,29,1,4122,1264,1107,922,920,119,,
39,8,29,0,,,,,,,,
0,8,29,0,,,,,,,,
21,8,30,0,,,,,,,,
37,8,30,2,1304,1702,1165,922,1494,1091,,
0,8,30,0,,,,,,,,
19,8,31,1,1124,1347,1814,,123,1493,,
32,8,31,0,,,,,,,,
0,8,31,0,,,,,,,,
31,8,32,0,,,,,,,,
42,8,32,2,2655,1538,1901,1156,1159,579,,
0,8,32,0,,,,,,,,
29,9,1,0,,,,,,,,
0,9,1,0,,,,,,,,
8,9,1,2,4279,3981,2271,3325,2770,1979,,
3,9,2,1,2692,787,3460,4444,3601,1753,,
0,9,2,0,,,,,,,,
1,9,2,0,,,,,,,,
4,9,3,0,,,,,,,,
0,9,3,0,,,,,,,,
5,9,3,2,3063,1917,1942,3019,2307,4039,,
14,9,4,1,1886,6901,1555,3211,1485,1699,,
0,9,4,0,,,,,,,,
39,9,4,0,,,,,,,,
22,9,5,0,,,,,,,,
0,9,5,0,,,,,,,,
21,9,5,2,2054,2139,3932,1984,1621,1358,,
23,9,6,1,4867,2513,2068,2690,2333,1409,,
0,9,6,0,,,,,,,,
12,9,6,0,,,,,,,,
27,9,7,0,,,,,,,,
0,9,7,0,,,,,,,,
42,9,7,2,2806,181,4241,2171,1823,2413,,
11,9,8,1,1513,3926,2649,2006,2821,3094,,
0,9,8,0,,,,,,,,
35,9,8,0,,,,,,,,
14,9,9,0,,,,,,,,
0,9,9,0,,,,,,,,
39,9,9,2,1847,2090,1676,1593,1707,1593,,
16,9,10,1,3279,1842,2033,2826,2709,2012,,
0,9,10,0,,,,,,,,
17,9,10,0,,,,,,,,
25,9,11,0,,,,,,,,
18,9,11,2,2399,2626,258,3267,1243,1679,,
0,9,11,0,,,,,,,,
19,9,12,1,1661,3202,1989,2050,1454,1357,,
3,9,12,0,,,,,,,,
0,9,12,0,,,,,,,,
6,9,13,0,,,,,,,,
7,9,13,2,2886,1721,4175,3693,1802,1727,,
0,9,13,0,,,,,,,,
38,9,14,1,2195,1427,1562,2137,1781,1278,,
7,9,14,0,,,,,,,,
0,9,14,0,,,,,,,,
24,9,15,0,,,,,,,,
30,9,15,2,2854,3586,2033,2353,1930,1832,,
0,9,15,0,,,,,,,,
2,9,16,1,3510,4015,3813,1613,1257,1250,,
32,9,16,0,,,,,,,,
0,9,16,0,,,,,,,,
11,9,17,0,,,,,,,,
36,9,17,2,2860,4102,2895,2000,1902,1584,,
0,9,17,0,,,,,,,,
26,9,18,1,3329,2885,863,514,1449,2976,,
21,9,18,0,,,,,,,,
0,9,18,0,,,,,,,,
41,9,19,0,,,,,,,,
33,9,19,2,2897,2567,3329,1754,1938,2517,,
0,9,19,0,,,,,,,,
28,9,20,1,4523,2599,899,4349,1206,1748,,
8,9,20,0,,,,,,,,
0,9,20,0,,,,,,,,
33,9,21,0,,,,,,,,
13,9,21,2,3982,3027,367,3428,1809,373,,
0,9,21,0,,,,,,,,
27,9,22,1,1953,3574,2508,1555,1896,1766,,
34,9,22,0,,,,,,,,
0,9,22,0,,,,,,,,
20,9,23,0,,,,,,,,
34,9,23,2,2727,2301,1904,2945,1729,3224,,
0,9,23,0,,,,,,,,
35,9,24,1,3881,2560,2261,2496,1072,2705,,
38,9,24,0,,,,,,,,
0,9,24,0,,,,,,,,
16,9,25,0,,,,,,,,
1,9,25,2,4860,3429,3510,3900,2671,1955,,
0,9,25,0,,,,,,,,
29,9,26,1,2737,1964,2330,1597,1891,2001,,
31,9,26,0,,,,,,,,
0,9,26,0,,,,,,,,
10,9,27,0,,,,,,,,
41,9,27,2,2955,3021,2548,416,1588,2331,,
0,9,27,0,,,,,,,,
20,9,28,1,5974,1951,2091,2880,1427,314,,
26,9,28,0,,,,,,,,
0,9,28,0,,,,,,,,
9,9,29,0,,,,,,,,
31,9,29,2,8132,3704,2507,3035,2280,1845,,
0,9,29,0,,,,,,,,
32,9,30,1,3123,3340,3266,3887,588,2200,,
37,9,30,0,,,,,,,,
0,9,30,0,,,,,,,,
19,9,31,0,,,,,,,,
10,9,31,2,3182,3245,3207,3770,1659,2028,,
0,9,31,0,,,,,,,,
37,9,32,1,1881,2826,1687,2452,1746,1425,,
42,9,32,0,,,,,,,,
0,9,32,0,,,,,,,,
39,10,1,1,1832,1604,128,1196,1495,805,,
0,10,1,0,,,,,,,,
8,10,1,0,,,,,,,,
3,10,2,0,,,,,,,,
0,10,2,0,,,,,,,,
35,10,2,2,1833,1676,1606,1209,437,752,,
28,10,3,1,2208,878,1028,1271,743,1893,,
0,10,3,0,,,,,,,,
5,10,3,0,,,,,,,,
14,10,4,0,,,,,,,,
0,10,4,0,,,,,,,,
16,10,4,2,1240,2385,954,1271,1281,1357,,
21,10,5,1,1645,951,941,797,1321,1215,,
0,10,5,0,,,,,,,,
21,10,5,0,,,,,,,,
23,10,6,0,,,,,,,,
0,10,6,0,,,,,,,,
25,10,6,2,1211,3039,1502,1232,1039,1393,,
30,10,7,1,1440,1659,1650,1591,1055,947,,
0,10,7,0,,,,,,,,
42,10,7,0,,,,,,,,
11,10,8,0,,,,,,,,
0,10,8,0,,,,,,,,
7,10,8,2,1094,2219,861,882,1324,2093,,
14,10,9,1,3909,1027,1628,1236,673,1020,,
0,10,9,0,,,,,,,,
39,10,9,0,,,,,,,,
16,10,10,0,,,,,,,,
0,10,10,0,,,,,,,,
41,10,10,2,915,1723,996,873,722,1099,,
2,10,11,1,1502,2187,2316,1105,976,728,,
18,10,11,0,,,,,,,,
0,10,11,0,,,,,,,,
19,10,12,0,,,,,,,,
5,10,12,2,1851,3350,1139,2556,1592,621,,
0,10,12,0,,,,,,,,
43,10,13,1,1455,1051,1258,183,1181,1195,,
7,10,13,0,,,,,,,,
0,10,13,0,,,,,,,,
38,10,14,0,,,,,,,,
33,10,14,2,853,1350,2821,1326,920,574,,
0,10,14,0,,,,,,,,
9,10,15,1,951,813,1579,1018,1533,1028,,
30,10,15,0,,,,,,,,
0,10,15,0,,,,,,,,
2,10,16,0,,,,,,,,
11,10,16,2,1356,1304,3060,419,658,932,,
0,10,16,0,,,,,,,,
34,10,17,1,1927,2015,1990,843,906,1640,,
36,10,17,0,,,,,,,,
0,10,17,0,,,,,,,,
26,10,18,0,,,,,,,,
23,10,18,2,972,2628,1090,1177,627,1535,,
0,10,18,0,,,,,,,,
1,10,19,1,2848,2029,1269,1118,1541,1303,,
33,10,19,0,,,,,,,,
0,10,19,0,,,,,,,,
28,10,20,0,,,,,,,,
10,10,20,2,2237,1418,2125,1020,594,1173,,
0,10,20,0,,,,,,,,
20,10,21,1,1446,778,605,1065,888,1505,,
13,10,21,0,,,,,,,,
0,10,21,0,,,,,,,,
27,10,22,0,,,,,,,,
38,10,22,2,867,1435,1424,1047,1241,745,,
0,10,22,0,,,,,,,,
24,10,23,1,1399,1113,196,825,884,1239,,
34,10,23,0,,,,,,,,
0,10,23,0,,,,,,,,
35,10,24,0,,,,,,,,
37,10,24,2,1354,2385,1109,1871,757,1282,,
0,10,24,0,,,,,,,,
13,10,25,1,1002,911,791,1092,1091,2015,,
1,10,25,0,,,,,,,,
0,10,25,0,,,,,,,,
29,10,26,0,,,,,,,,
19,10,26,2,1211,1491,1296,1106,896,1290,,
0,10,26,0,,,,,,,,
3,10,27,1,,187,1164,1735,759,1670,,
41,10,27,0,,,,,,,,
0,10,27,0,,,,,,,,
20,10,28,0,,,,,,,,
12,10,28,2,2098,790,1397,1325,947,1644,,
0,10,28,0,,,,,,,,
18,10,29,1,1832,143,1693,1479,2727,1321,,
31,10,29,0,,,,,,,,
0,10,29,0,,,,,,,,
32,10,30,0,,,,,,,,
4,10,30,2,2708,2454,1501,1726,1287,1023,,
0,10,30,0,,,,,,,,
6,10,31,1,1399,1204,1849,1586,1129,797,,
10,10,31,0,,,,,,,,
0,10,31,0,,,,,,,,
37,10,32,0,,,,,,,,
32,10,32,2,837,1227,1629,891,1248,350,,
0,10,32,0,,,,,,,,
39,11,1,0,,,,,,,,
0,11,1,0,,,,,,,,
25,11,1,2,2226,490,770,1024,753,898,,
12,11,2,1,1014,1973,1500,1895,2866,626,,
0,11,2,0,,,,,,,,
35,11,2,0,,,,,,,,
28,11,3,0,,,,,,,,
0,11,3,0,,,,,,,,
27,11,3,2,1355,1500,632,1135,962,1817,,
40,11,4,1,1772,2929,842,1185,2139,1626,,
0,11,4,0,,,,,,,,
16,11,4,0,,,,,,,,
21,11,5,0,,,,,,,,
0,11,5,0,,,,,,,,
22,11,5,2,1429,943,972,875,1286,911,,
7,11,6,1,325,855,716,1203,656,727,,
0,11,6,0,,,,,,,,
25,11,6,0,,,,,,,,
30,11,7,0,,,,,,,,
0,11,7,0,,,,,,,,
10,11,7,2,1443,663,711,683,411,842,,
14,11,8,1,4028,609,1158,447,1048,1890,,
0,11,8,0,,,,,,,,
7,11,8,0,,,,,,,,
14,11,9,0,,,,,,,,
0,11,9,0,,,,,,,,
4,11,9,2,655,1538,1417,1052,762,702,,
29,11,10,1,475,746,765,301,919,1232,,
0,11,10,0,,,,,,,,
41,11,10,0,,,,,,,,
2,11,11,0,,,,,,,,
38,11,11,2,1042,796,496,874,637,471,,
0,11,11,0,,,,,,,,
24,11,12,1,717,1589,1163,1003,906,232,,
5,11,12,0,,,,,,,,
0,11,12,0,,,,,,,,
43,11,13,0,,,,,,,,
9,11,13,2,1666,1263,1896,696,818,166,,
0,11,13,0,,,,,,,,
33,11,14,1,368,,246,534,680,771,,
33,11,14,0,,,,,,,,
0,11,14,0,,,,,,,,
9,11,15,0,,,,,,,,
1,11,15,2,854,966,2005,905,835,1098,,
0,11,15,0,,,,,,,,
3,11,16,1,1306,,139,641,558,542,,
11,11,16,0,,,,,,,,
0,11,16,0,,,,,,,,
34,11,17,0,,,,,,,,
16,11,17,2,1088,1979,1012,606,1378,2257,,
0,11,17,0,,,,,,,,
32,11,18,1,1697,1414,1616,1547,1103,846,,
23,11,18,0,,,,,,,,
0,11,18,0,,,,,,,,
1,11,19,0,,,,,,,,
34,11,19,2,613,826,527,586,990,2918,,
0,11,19,0,,,,,,,,
18,11,20,1,1262,752,790,900,975,1421,,
10,11,20,0,,,,,,,,
0,11,20,0,,,,,,,,
20,11,21,0,,,,,,,,
35,11,21,2,,102,431,740,860,1489,,
0,11,21,0,,,,,,,,
6,11,22,1,539,235,935,844,601,2329,,
38,11,22,0,,,,,,,,
0,11,22,0,,,,,,,,
24,11,23,0,,,,,,,,
36,11,23,2,1082,1187,2698,1058,1635,1612,,
0,11,23,0,,,,,,,,
42,11,24,1,1088,1101,1118,759,463,724,,
37,11,24,0,,,,,,,,
0,11,24,0,,,,,,,,
13,11,25,0,,,,,,,,
20,11,25,2,813,881,1252,1088,514,1041,,
0,11,25,0,,,,,,,,
37,11,26,1,1186,731,1247,809,779,1031,,
19,11,26,0,,,,,,,,
0,11,26,0,,,,,,,,
3,11,27,0,,,,,,,,
2,11,27,2,1325,713,1553,877,327,1034,,
0,11,27,0,,,,,,,,
31,11,28,1,1160,1061,458,900,767,2091,,
12,11,28,0,,,,,,,,
0,11,28,0,,,,,,,,
18,11,29,0,,,,,,,,
21,11,29,2,844,1446,932,926,848,890,,
0,11,29,0,,,,,,,,
19,11,30,1,436,281,642,785,469,1019,,
4,11,30,0,,,,,,,,
0,11,30,0,,,,,,,,
6,11,31,0,,,,,,,,
39,11,31,2,1149,1666,1046,846,851,860,,
0,11,31,0,,,,,,,,
17,11,32,1,505,1072,760,1477,757,550,,
32,11,32,0,,,,,,,,
0,11,32,0,,,,,,,,
12,12,1,1,1972,1806,1808,1587,1334,899,,
0,12,1,0,,,,,,,,
25,12,1,0,,,,,,,,
12,12,2,0,,,,,,,,
0,12,2,0,,,,,,,,
10,12,2,2,2105,2069,1903,1637,1507,832,,
40,12,3,1,1925,2403,2293,1995,1384,2219,,
0,12,3,0,,,,,,,,
27,12,3,0,,,,,,,,
40,12,4,0,,,,,,,,
0,12,4,0,,,,,,,,
21,12,4,2,3011,2869,1702,2019,1341,1670,,
35,12,5,1,2596,1883,2020,1381,1038,1454,,
0,12,5,0,,,,,,,,
22,12,5,0,,,,,,,,
7,12,6,0,,,,,,,,
0,12,6,0,,,,,,,,
27,12,6,2,1379,2339,1904,1955,3044,1846,,
38,12,7,1,2463,2235,1836,2476,1489,2001,,
0,12,7,0,,,,,,,,
10,12,7,0,,,,,,,,
14,12,8,0,,,,,,,,
0,12,8,0,,,,,,,,
16,12,8,2,1177,1910,1724,1044,2138,1583,,
25,12,9,1,1346,2053,2679,2296,1845,1435,,
0,12,9,0,,,,,,,,
4,12,9,0,,,,,,,,
29,12,10,0,,,,,,,,
0,12,10,0,,,,,,,,
7,12,10,2,1188,1589,1498,1297,1222,845,,
42,12,11,1,1081,1993,1566,2205,1048,989,,
38,12,11,0,,,,,,,,
0,12,11,0,,,,,,,,
24,12,12,0,,,,,,,,
14,12,12,2,1185,2676,1585,2296,1449,992,,
0,12,12,0,,,,,,,,
23,12,13,1,1571,2018,2184,1945,1337,1093,,
9,12,13,0,,,,,,,,
0,12,13,0,,,,,,,,
33,12,14,0,,,,,,,,
37,12,14,2,1172,996,1293,1172,1043,530,,
0,12,14,0,,,,,,,,
30,12,15,1,1012,1409,1904,2392,994,853,,
1,12,15,0,,,,,,,,
0,12,15,0,,,,,,,,
3,12,16,0,,,,,,,,
20,12,16,2,1470,1538,2526,1653,999,999,,
0,12,16,0,,,,,,,,
18,12,17,1,1245,1693,2206,1403,1067,1429,,
16,12,17,0,,,,,,,,
0,12,17,0,,,,,,,,
32,12,18,0,,,,,,,,
29,12,18,2,1714,1975,1820,1306,1251,1541,,
0,12,18,0,,,,,,,,
2,12,19,1,3126,2648,1916,1086,1618,1765,,
34,12,19,0,,,,,,,,
0,12,19,0,,,,,,,,
18,12,20,0,,,,,,,,
9,12,20,2,1498,2026,2265,2230,1099,912,,
0,12,20,0,,,,,,,,
5,12,21,1,1779,1109,1239,1920,1511,1601,,
35,12,21,0,,,,,,,,
0,12,21,0,,,,,,,,
6,12,22,0,,,,,,,,
19,12,22,2,929,1882,1934,886,1919,1865,,
0,12,22,0,,,,,,,,
34,12,23,1,2058,1441,1138,1346,1460,1061,,
36,12,23,0,,,,,,,,
0,12,23,0,,,,,,,,
42,12,24,0,,,,,,,,
32,12,24,2,2273,1803,1741,2128,1051,883,,
0,12,24,0,,,,,,,,
33,12,25,1,1683,2991,2341,1670,1003,1224,,
20,12,25,0,,,,,,,,
0,12,25,0,,,,,,,,
37,12,26,0,,,,,,,,
1,12,26,2,2309,1831,1989,1486,1396,1694,,
0,12,26,0,,,,,,,,
4,12,27,1,2477,3023,1941,2439,1220,1418,,
2,12,27,0,,,,,,,,
0,12,27,0,,,,,,,,
31,12,28,0,,,,,,,,
15,12,28,2,1982,1205,2546,1667,1258,1852,,
0,12,28,0,,,,,,,,
31,12,29,1,2106,2212,1738,2265,2582,2138,,
21,12,29,0,,,,,,,,
0,12,29,0,,,,,,,,
19,12,30,0,,,,,,,,
6,12,30,2,1788,1485,1622,1977,1263,1699,,
0,12,30,0,,,,,,,,
3,12,31,1,1787,3369,2439,2030,1231,1480,,
39,12,31,0,,,,,,,,
0,12,31,0,,,,,,,,
17,12,32,0,,,,,,,,
24,12,32,2,1628,1991,2762,2412,1739,1028,,
0,12,32,0,,,,,,,,
12,13,1,0,,,,,,,,
0,13,1,0,,,,,,,,
26,13,1,2,2072,1856,1184,1389,1446,934,,
12,13,2,1,2669,4167,283,4134,2286,1198,,
0,13,2,0,,,,,,,,
10,13,2,0,,,,,,,,
40,13,3,0,,,,,,,,
0,13,3,0,,,,,,,,
28,13,3,2,2046,1961,1903,2475,1381,2571,,
41,13,4,1,2334,2825,1342,1614,1138,964,,
0,13,4,0,,,,,,,,
21,13,4,0,,,,,,,,
35,13,5,0,,,,,,,,
0,13,5,0,,,,,,,,
22,13,5,2,2731,1658,1980,1262,971,1239,,
7,13,6,1,1565,2719,2769,2226,2242,2025,,
0,13,6,0,,,,,,,,
27,13,6,0,,,,,,,,
38,13,7,0,,,,,,,,
0,13,7,0,,,,,,,,
10,13,7,2,3837,3374,2339,3137,1321,1878,,
14,13,8,1,1401,1801,2163,2615,2241,2131,,
0,13,8,0,,,,,,,,
16,13,8,0,,,,,,,,
25,13,9,0,,,,,,,,
0,13,9,0,,,,,,,,
4,13,9,2,2121,2371,2409,2010,1234,1887,,
30,13,10,1,1891,1695,1226,1224,2037,1228,,
0,13,10,0,,,,,,,,
7,13,10,0,,,,,,,,
42,13,11,0,,,,,,,,
39,13,11,2,1263,2334,1917,2083,1015,1175,,
0,13,11,0,,,,,,,,
24,13,12,1,2155,2417,2026,2060,366,1626,,
14,13,12,0,,,,,,,,
0,13,12,0,,,,,,,,
23,13,13,0,,,,,,,,
9,13,13,2,4756,1770,4335,3719,2211,1954,,
0,13,13,0,,,,,,,,
34,13,14,1,1827,1347,2229,1880,1568,1115,,
37,13,14,0,,,,,,,,
0,13,14,0,,,,,,,,
30,13,15,0,,,,,,,,
1,13,15,2,1936,3506,2624,2078,1469,1011,,
0,13,15,0,,,,,,,,
3,13,16,1,2555,2603,2574,1299,1172,1138,,
20,13,16,0,,,,,,,,
0,13,16,0,,,,,,,,
18,13,17,0,,,,,,,,
16,13,17,2,3351,3265,3851,2859,1583,2346,,
0,13,17,0,,,,,,,,
33,13,18,1,2785,2394,3083,2194,265,1411,,
29,13,18,0,,,,,,,,
0,13,18,0,,,,,,,,
2,13,19,0,,,,,,,,
35,13,19,2,2215,158,5201,1802,2180,2767,,
0,13,19,0,,,,,,,,
18,13,20,1,3418,2950,2924,1929,1175,1136,,
9,13,20,0,,,,,,,,
0,13,20,0,,,,,,,,
5,13,21,0,,,,,,,,
36,13,21,2,2331,1731,162,1646,1291,2557,,
0,13,21,0,,,,,,,,
6,13,22,1,1855,2422,2098,2815,2032,1586,,
19,13,22,0,,,,,,,,
0,13,22,0,,,,,,,,
34,13,23,0,,,,,,,,
37,13,23,2,2151,3272,1814,1168,1934,1258,,
0,13,23,0,,,,,,,,
43,13,24,1,2434,1609,1149,1636,909,1082,,
32,13,24,0,,,,,,,,
0,13,24,0,,,,,,,,
33,13,25,0,,,,,,,,
20,13,25,2,2807,3071,2311,2858,1962,1141,,
0,13,25,0,,,,,,,,
38,13,26,1,2080,2743,2141,1838,1278,1677,,
1,13,26,0,,,,,,,,
0,13,26,0,,,,,,,,
4,13,27,0,,,,,,,,
2,13,27,2,2108,1928,1784,2709,1514,1908,,
0,13,27,0,,,,,,,,
32,13,28,1,2813,1986,2487,1990,1504,3044,,
15,13,28,0,,,,,,,,
0,13,28,0,,,,,,,,
31,13,29,0,,,,,,,,
21,13,29,2,4519,2488,1802,4576,2003,1510,,
0,13,29,0,,,,,,,,
19,13,30,1,2813,3509,4536,2694,3103,2930,,
6,13,30,0,,,,,,,,
0,13,30,0,,,,,,,,
3,13,31,0,,,,,,,,
40,13,31,2,2712,2461,2069,1558,221,1450,,
0,13,31,0,,,,,,,,
17,13,32,1,1976,2006,1203,2556,1191,718,,
24,13,32,0,,,,,,,,
0,13,32,0,,,,,,,,
12,14,1,1,1931,2104,839,749,826,876,,
0,14,1,0,,,,,,,,
26,14,1,0,,,,,,,,
12,14,2,0,,,,,,,,
0,14,2,0,,,,,,,,
6,14,2,2,1679,1902,1483,1122,751,361,,
31,14,3,1,1859,840,237,1216,763,922,,
0,14,3,0,,,,,,,,
28,14,3,0,,,,,,,,
41,14,4,0,,,,,,,,
0,14,4,0,,,,,,,,
33,14,4,2,1202,2264,959,793,762,850,,
26,14,5,1,877,753,819,582,507,627,,
0,14,5,0,,,,,,,,
22,14,5,0,,,,,,,,
7,14,6,0,,,,,,,,
0,14,6,0,,,,,,,,
10,14,6,2,894,916,762,834,272,670,,
28,14,7,1,1267,877,1308,1215,977,567,,
0,14,7,0,,,,,,,,
10,14,7,0,,,,,,,,
14,14,8,0,,,,,,,,
0,14,8,0,,,,,,,,
38,14,8,2,1646,1110,873,642,947,1333,,
1,14,9,1,1236,1818,1305,2172,1458,719,,
0,14,9,0,,,,,,,,
4,14,9,0,,,,,,,,
30,14,10,0,,,,,,,,
0,14,10,0,,,,,,,,
16,14,10,2,816,940,849,704,648,225,,
25,14,11,1,1206,1104,1437,522,401,491,,
39,14,11,0,,,,,,,,
0,14,11,0,,,,,,,,
24,14,12,0,,,,,,,,
20,14,12,2,1133,1050,728,1108,710,330,,
0,14,12,0,,,,,,,,
5,14,13,1,1588,1094,1031,980,1078,152,,
9,14,13,0,,,,,,,,
0,14,13,0,,,,,,,,
34,14,14,0,,,,,,,,
42,14,14,2,1816,1620,696,1178,817,662,,
0,14,14,0,,,,,,,,
23,14,15,1,483,1016,801,610,522,535,,
1,14,15,0,,,,,,,,
0,14,15,0,,,,,,,,
3,14,16,0,,,,,,,,
4,14,16,2,2830,1795,1171,723,535,658,,
0,14,16,0,,,,,,,,
36,14,17,1,1778,1048,1184,707,665,1021,,
16,14,17,0,,,,,,,,
0,14,17,0,,,,,,,,
33,14,18,0,,,,,,,,
14,14,18,2,909,1794,1195,1214,958,1008,,
0,14,18,0,,,,,,,,
30,14,19,1,1749,1191,1993,926,1140,1023,,
35,14,19,0,,,,,,,,
0,14,19,0,,,,,,,,
18,14,20,0,,,,,,,,
15,14,20,2,1411,1251,2072,876,583,919,,
0,14,20,0,,,,,,,,
8,14,21,1,3289,2177,1295,433,1038,760,,
36,14,21,0,,,,,,,,
0,14,21,0,,,,,,,,
6,14,22,0,,,,,,,,
41,14,22,2,1627,1187,1069,758,996,447,,
0,14,22,0,,,,,,,,
21,14,23,1,829,992,1211,727,626,697,,
37,14,23,0,,,,,,,,
0,14,23,0,,,,,,,,
43,14,24,0,,,,,,,,
19,14,24,2,1500,969,780,625,501,727,,
0,14,24,0,,,,,,,,
3,14,25,1,1003,2111,1056,2466,709,580,,
20,14,25,0,,,,,,,,
0,14,25,0,,,,,,,,
38,14,26,0,,,,,,,,
40,14,26,2,3807,2200,966,820,938,639,,
0,14,26,0,,,,,,,,
18,14,27,1,5338,1278,1344,1595,1441,933,,
2,14,27,0,,,,,,,,
0,14,27,0,,,,,,,,
32,14,28,0,,,,,,,,
22,14,28,2,1729,827,1079,794,847,1741,,
0,14,28,0,,,,,,,,
24,14,29,1,1234,643,1013,904,686,1102,,
21,14,29,0,,,,,,,,
0,14,29,0,,,,,,,,
19,14,30,0,,,,,,,,
37,14,30,2,1338,1581,1261,1454,442,951,,
0,14,30,0,,,,,,,,
35,14,31,1,2492,2093,2533,603,591,733,,
40,14,31,0,,,,,,,,
0,14,31,0,,,,,,,,
17,14,32,0,,,,,,,,
9,14,32,2,1934,1273,1251,1518,585,407,,
0,14,32,0,,,,,,,,
12,15,1,0,,,,,,,,
0,15,1,0,,,,,,,,
36,15,1,2,1510,1518,883,728,865,520,,
29,15,2,1,1734,1353,979,1131,837,898,,
0,15,2,0,,,,,,,,
6,15,2,0,,,,,,,,
31,15,3,0,,,,,,,,
0,15,3,0,,,,,,,,
1,15,3,2,1992,1135,1779,2276,1541,2715,,
22,15,4,1,1394,2830,493,215,900,841,,
0,15,4,0,,,,,,,,
33,15,4,0,,,,,,,,
26,15,5,0,,,,,,,,
0,15,5,0,,,,,,,,
10,15,5,2,2000,1471,1027,757,1046,1412,,
5,15,6,1,1878,2156,2083,95,1811,1199,,
0,15,6,0,,,,,,,,
10,15,6,0,,,,,,,,
28,15,7,0,,,,,,,,
0,15,7,0,,,,,,,,
20,15,7,2,995,1875,1349,924,855,837,,
3,15,8,1,5196,2470,1635,1325,1392,318,,
0,15,8,0,,,,,,,,
38,15,8,0,,,,,,,,
1,15,9,0,,,,,,,,
0,15,9,0,,,,,,,,
38,15,9,2,793,1210,838,1072,714,952,,
16,15,10,1,1785,1109,847,1092,1176,956,,
0,15,10,0,,,,,,,,
16,15,10,0,,,,,,,,
25,15,11,0,,,,,,,,
28,15,11,2,1057,1324,847,965,627,1214,,
0,15,11,0,,,,,,,,
43,15,12,1,1019,889,927,826,508,378,,
20,15,12,0,,,,,,,,
0,15,12,0,,,,,,,,
5,15,13,0,,,,,,,,
27,15,13,2,2107,776,1097,1188,1208,1276,,
0,15,13,0,,,,,,,,
26,15,14,1,1294,1117,775,1429,1258,886,,
42,15,14,0,,,,,,,,
0,15,14,0,,,,,,,,
23,15,15,0,,,,,,,,
25,15,15,2,771,1342,1665,1827,1005,1011,,
0,15,15,0,,,,,,,,
8,15,16,1,2064,1821,1561,1128,868,867,,
4,15,16,0,,,,,,,,
0,15,16,0,,,,,,,,
36,15,17,0,,,,,,,,
13,15,17,2,2383,2065,1830,1299,2045,1441,,
0,15,17,0,,,,,,,,
19,15,18,1,786,1856,1412,1199,1035,971,,
14,15,18,0,,,,,,,,
0,15,18,0,,,,,,,,
30,15,19,0,,,,,,,,
7,15,19,2,1903,2251,2280,1122,1106,2572,,
0,15,19,0,,,,,,,,
33,15,20,1,2557,1510,1184,1400,940,645,,
15,15,20,0,,,,,,,,
0,15,20,0,,,,,,,,
8,15,21,0,,,,,,,,
9,15,21,2,3171,1480,986,1539,811,762,,
0,15,21,0,,,,,,,,
34,15,22,1,570,1443,945,658,1007,998,,
41,15,22,0,,,,,,,,
0,15,22,0,,,,,,,,
21,15,23,0,,,,,,,,
14,15,23,2,1040,1016,1294,999,1101,975,,
0,15,23,0,,,,,,,,
40,15,24,1,989,826,684,1053,337,681,,
19,15,24,0,,,,,,,,
0,15,24,0,,,,,,,,
3,15,25,0,,,,,,,,
41,15,25,2,1476,1336,764,1148,572,1194,,
0,15,25,0,,,,,,,,
31,15,26,1,1395,1058,825,1216,661,1281,,
40,15,26,0,,,,,,,,
0,15,26,0,,,,,,,,
18,15,27,0,,,,,,,,
42,15,27,2,769,1352,1055,1284,744,1625,,
0,15,27,0,,,,,,,,
15,15,28,1,1550,1296,2100,1617,809,1489,,
22,15,28,0,,,,,,,,
0,15,28,0,,,,,,,,
24,15,29,0,,,,,,,,
12,15,29,2,1223,1268,1413,1204,1367,1070,,
0,15,29,0,,,,,,,,
18,15,30,1,1350,1794,1220,1226,763,1958,,
37,15,30,0,,,,,,,,
0,15,30,0,,,,,,,,
35,15,31,0,,,,,,,,
32,15,31,2,1463,1201,786,898,858,1147,,
0,15,31,0,,,,,,,,
35,15,32,1,1258,1742,1167,1837,677,647,,
9,15,32,0,,,,,,,,
0,15,32,0,,,,,,,,
37,16,1,1,1975,3252,1689,4647,1474,258,,
0,16,1,0,,,,,,,,
36,16,1,0,,,,,,,,
29,16,2,0,,,,,,,,
0,16,2,0,,,,,,,,
16,16,2,2,4099,4294,3397,3629,1456,243,,
25,16,3,1,2952,2180,2428,267,1607,1542,,
0,16,3,0,,,,,,,,
1,16,3,0,,,,,,,,
22,16,4,0,,,,,,,,
0,16,4,0,,,,,,,,
14,16,4,2,1287,3488,1780,2495,2821,2463,,
4,16,5,1,2373,2699,1681,2208,2239,1038,,
0,16,5,0,,,,,,,,
10,16,5,0,,,,,,,,
5,16,6,0,,,,,,,,
0,16,6,0,,,,,,,,
41,16,6,2,1802,2680,1648,1449,1127,635,,
10,16,7,1,2389,2439,1661,1930,859,1724,,
0,16,7,0,,,,,,,,
20,16,7,0,,,,,,,,
3,16,8,0,,,,,,,,
0,16,8,0,,,,,,,,
19,16,8,2,2426,1941,1199,1258,1395,2186,,
2,16,9,1,1618,2101,2131,1409,1449,350,,
0,16,9,0,,,,,,,,
38,16,9,0,,,,,,,,
16,16,10,0,,,,,,,,
0,16,10,0,,,,,,,,
35,16,10,2,1302,2192,2152,1640,1376,864,,
12,16,11,1,2291,2132,230,278,700,778,,
28,16,11,0,,,,,,,,
0,16,11,0,,,,,,,,
43,16,12,0,,,,,,,,
31,16,12,2,1454,2509,2287,2309,700,507,,
0,16,12,0,,,,,,,,
28,16,13,1,4254,2163,2475,4727,1835,296,,
27,16,13,0,,,,,,,,
0,16,13,0,,,,,,,,
26,16,14,0,,,,,,,,
18,16,14,2,2267,1656,205,1187,931,941,,
0,16,14,0,,,,,,,,
1,16,15,1,1726,4274,3991,1945,2092,838,,
25,16,15,0,,,,,,,,
0,16,15,0,,,,,,,,
8,16,16,0,,,,,,,,
43,16,16,2,2524,1544,1608,1566,854,743,,
0,16,16,0,,,,,,,,
8,16,17,1,2265,1542,257,1194,1331,2780,,
13,16,17,0,,,,,,,,
0,16,17,0,,,,,,,,
19,16,18,0,,,,,,,,
13,16,18,2,1921,3026,336,1255,1660,1241,,
0,16,18,0,,,,,,,,
6,16,19,1,2208,2382,3953,1165,1357,3541,,
7,16,19,0,,,,,,,,
0,16,19,0,,,,,,,,
33,16,20,0,,,,,,,,
23,16,20,2,3344,2729,2429,2325,836,1464,,
0,16,20,0,,,,,,,,
9,16,21,1,3367,563,3196,3901,1656,925,,
9,16,21,0,,,,,,,,
0,16,21,0,,,,,,,,
34,16,22,0,,,,,,,,
32,16,22,2,1533,2376,2431,966,3830,979,,
0,16,22,0,,,,,,,,
30,16,23,1,2023,1829,2251,1133,1096,1366,,
14,16,23,0,,,,,,,,
0,16,23,0,,,,,,,,
40,16,24,0,,,,,,,,
24,16,24,2,5875,1899,2609,1799,569,730,,
0,16,24,0,,,,,,,,
27,16,25,1,2239,2081,1360,3310,854,1259,,
41,16,25,0,,,,,,,,
0,16,25,0,,,,,,,,
31,16,26,0,,,,,,,,
40,16,26,2,1820,2514,2307,1104,2365,1075,,
0,16,26,0,,,,,,,,
39,16,27,1,2233,2026,1845,2050,750,1288,,
42,16,27,0,,,,,,,,
0,16,27,0,,,,,,,,
15,16,28,0,,,,,,,,
34,16,28,2,3045,1922,2603,2743,993,842,,
0,16,28,0,,,,,,,,
7,16,29,1,3681,2330,2987,2297,1351,1078,,
12,16,29,0,,,,,,,,
0,16,29,0,,,,,,,,
18,16,30,0,,,,,,,,
22,16,30,2,2981,235,2577,3014,1898,1734,,
0,16,30,0,,,,,,,,
21,16,31,1,2849,2811,2049,1010,1477,1412,,
32,16,31,0,,,,,,,,
0,16,31,0,,,,,,,,
35,16,32,0,,,,,,,,
33,16,32,2,1538,3118,301,2379,1635,432,,
0,16,32,0,,,,,,,,
37,17,1,0,,,,,,,,
0,17,1,0,,,,,,,,
27,17,1,2,2771,4785,1253,1720,1409,1759,,
11,17,2,1,4358,2711,6309,2578,2095,399,,
0,17,2,0,,,,,,,,
16,17,2,0,,,,,,,,
25,17,3,0,,,,,,,,
0,17,3,0,,,,,,,,
7,17,3,2,1596,2146,1778,2396,1988,2314,,
36,17,4,1,2409,3582,1522,1478,876,1004,,
0,17,4,0,,,,,,,,
14,17,4,0,,,,,,,,
4,17,5,0,,,,,,,,
0,17,5,0,,,,,,,,
1,17,5,2,4117,2762,1478,1644,3071,1052,,
15,17,6,1,1260,3622,1831,1889,2005,1865,,
0,17,6,0,,,,,,,,
41,17,6,0,,,,,,,,
10,17,7,0,,,,,,,,
0,17,7,0,,,,,,,,
9,17,7,2,4005,2425,2468,4596,1108,1407,,
23,17,8,1,1459,1854,2640,1291,2742,3241,,
0,17,8,0,,,,,,,,
19,17,8,0,,,,,,,,
2,17,9,0,,,,,,,,
0,17,9,0,,,,,,,,
18,17,9,2,2525,2193,1906,3208,1880,424,,
30,17,10,1,1026,2109,1996,305,1307,1381,,
0,17,10,0,,,,,,,,
35,17,10,0,,,,,,,,
12,17,11,0,,,,,,,,
32,17,11,2,1431,5263,642,1719,853,1242,,
0,17,11,0,,,,,,,,
40,17,12,1,989,2609,2871,2605,414,979,,
31,17,12,0,,,,,,,,
0,17,12,0,,,,,,,,
28,17,13,0,,,,,,,,
20,17,13,2,2286,1701,2640,2277,2529,1633,,
0,17,13,0,,,,,,,,
42,17,14,1,1409,1852,3968,3931,,732,,
18,17,14,0,,,,,,,,
0,17,14,0,,,,,,,,
1,17,15,0,,,,,,,,
25,17,15,2,987,1281,652,1782,1636,614,,
0,17,15,0,,,,,,,,
29,17,16,1,1275,1873,1369,1459,1013,1250,,
43,17,16,0,,,,,,,,
0,17,16,0,,,,,,,,
8,17,17,0,,,,,,,,
34,17,17,2,1726,3572,2314,1331,1555,2243,,
0,17,17,0,,,,,,,,
4,17,18,1,1901,102,1896,352,1786,2011,,
13,17,18,0,,,,,,,,
0,17,18,0,,,,,,,,
6,17,19,0,,,,,,,,
5,17,19,2,2321,135,,115,2243,3076,,
0,17,19,0,,,,,,,,
41,17,20,1,4101,2299,2179,2788,1291,1287,,
23,17,20,0,,,,,,,,
0,17,20,0,,,,,,,,
9,17,21,0,,,,,,,,
26,17,21,2,3084,2258,2337,1832,2132,1752,,
0,17,21,0,,,,,,,,
39,17,22,1,1681,1294,1268,1041,1542,994,,
32,17,22,0,,,,,,,,
0,17,22,0,,,,,,,,
30,17,23,0,,,,,,,,
38,17,23,2,1338,3291,3397,1512,1182,1113,,
0,17,23,0,,,,,,,,
13,17,24,1,2568,1788,2091,1641,908,1648,,
24,17,24,0,,,,,,,,
0,17,24,0,,,,,,,,
27,17,25,0,,,,,,,,
22,17,25,2,3413,2345,2016,3330,320,2211,,
0,17,25,0,,,,,,,,
6,17,26,1,2108,2649,2532,5227,2196,2345,,
40,17,26,0,,,,,,,,
0,17,26,0,,,,,,,,
39,17,27,0,,,,,,,,
3,17,27,2,2905,3249,2623,2069,943,5374,,
0,17,27,0,,,,,,,,
21,17,28,1,7248,1716,1556,2906,1439,8197,,
34,17,28,0,,,,,,,,
0,17,28,0,,,,,,,,
7,17,29,0,,,,,,,,
33,17,29,2,522,264,877,1905,1216,1357,,
0,17,29,0,,,,,,,,
14,17,30,1,3124,98,2811,1923,1456,1840,,
22,17,30,0,,,,,,,,
0,17,30,0,,,,,,,,
21,17,31,0,,,,,,,,
17,17,31,2,3982,393,3451,1636,1121,1699,,
0,17,31,0,,,,,,,,
35,17,32,1,1109,3409,1701,1281,762,1063,,
33,17,32,0,,,,,,,,
0,17,32,0,,,,,,,,
37,18,1,0,,,,,,,,
0,18,1,0,,,,,,,,
7,18,1,2,4845,2653,1238,2321,1083,534,,
2,18,2,1,4407,4511,1621,2533,1546,2181,,
0,18,2,0,,,,,,,,
16,18,2,0,,,,,,,,
25,18,3,0,,,,,,,,
0,18,3,0,,,,,,,,
38,18,3,2,2194,189,2181,144,1581,1451,,
5,18,4,1,3205,3816,2179,1805,978,2101,,
0,18,4,0,,,,,,,,
14,18,4,0,,,,,,,,
4,18,5,0,,,,,,,,
0,18,5,0,,,,,,,,
35,18,5,2,4645,,122,160,163,169,,
40,18,6,1,3701,806,241,1557,1317,1449,,
0,18,6,0,,,,,,,,
41,18,6,0,,,,,,,,
10,18,7,0,,,,,,,,
0,18,7,0,,,,,,,,
20,18,7,2,2618,246,580,3117,561,143,,
33,18,8,1,1219,3015,3174,1246,1323,1740,,
0,18,8,0,,,,,,,,
19,18,8,0,,,,,,,,
2,18,9,0,,,,,,,,
0,18,9,0,,,,,,,,
29,18,9,2,1545,2611,1598,2042,1204,835,,
10,18,10,1,5173,1816,2080,1437,1201,1030,,
0,18,10,0,,,,,,,,
35,18,10,0,,,,,,,,
12,18,11,0,,,,,,,,
27,18,11,2,2975,2654,1366,1856,712,610,,
0,18,11,0,,,,,,,,
24,18,12,1,1053,2703,1437,1711,900,365,,
31,18,12,0,,,,,,,,
0,18,12,0,,,,,,,,
28,18,13,0,,,,,,,,
14,18,13,2,2386,262,2035,2294,2095,1071,,
0,18,13,0,,,,,,,,
19,18,14,1,1423,1858,1627,1273,1091,708,,
18,18,14,0,,,,,,,,
0,18,14,0,,,,,,,,
1,18,15,0,,,,,,,,
12,18,15,2,1312,161,1931,1496,1019,1240,,
0,18,15,0,,,,,,,,
13,18,16,1,1704,1567,382,512,919,1159,,
43,18,16,0,,,,,,,,
0,18,16,0,,,,,,,,
8,18,17,0,,,,,,,,
16,18,17,2,4124,2677,309,1594,1026,1301,,
0,18,17,0,,,,,,,,
28,18,18,1,3322,4594,,,,141,,
13,18,18,0,,,,,,,,
0,18,18,0,,,,,,,,
6,18,19,0,,,,,,,,
17,18,19,2,4090,1846,2045,1405,435,2085,,
0,18,19,0,,,,,,,,
26,18,20,1,2891,4527,3085,3516,1308,450,,
23,18,20,0,,,,,,,,
0,18,20,0,,,,,,,,
9,18,21,0,,,,,,,,
18,18,21,2,4318,1437,1618,1710,1830,697,,
0,18,21,0,,,,,,,,
9,18,22,1,1037,2084,,161,1343,968,,
32,18,22,0,,,,,,,,
0,18,22,0,,,,,,,,
30,18,23,0,,,,,,,,
37,18,23,2,1787,230,2953,1512,910,1135,,
0,18,23,0,,,,,,,,
22,18,24,1,2879,2884,1111,1411,660,1331,,
24,18,24,0,,,,,,,,
0,18,24,0,,,,,,,,
27,18,25,0,,,,,,,,
23,18,25,2,3329,4203,1785,2243,1607,1013,,
0,18,25,0,,,,,,,,
25,18,26,1,5153,900,1461,1489,1132,1455,,
40,18,26,0,,,,,,,,
0,18,26,0,,,,,,,,
39,18,27,0,,,,,,,,
15,18,27,2,2579,1870,3144,1768,1525,1634,,
0,18,27,0,,,,,,,,
42,18,28,1,3603,1865,3482,147,844,2228,,
34,18,28,0,,,,,,,,
0,18,28,0,,,,,,,,
7,18,29,0,,,,,,,,
1,18,29,2,3506,3186,5851,2436,4564,1138,,
0,18,29,0,,,,,,,,
4,18,30,1,,87,1208,1588,1268,1873,,
22,18,30,0,,,,,,,,
0,18,30,0,,,,,,,,
21,18,31,0,,,,,,,,
31,18,31,2,1159,2618,,129,1501,1135,,
0,18,31,0,,,,,,,,
32,18,32,1,1787,,122,1716,1052,684,,
33,18,32,0,,,,,,,,
0,18,32,0,,,,,,,,
42,19,1,1,2130,2146,144,1194,1085,1162,,
0,19,1,0,,,,,,,,
7,19,1,0,,,,,,,,
2,19,2,0,,,,,,,,
0,19,2,0,,,,,,,,
17,19,2,2,2003,2082,306,2664,1754,1040,,
36,19,3,1,3069,1892,270,517,944,810,,
0,19,3,0,,,,,,,,
38,19,3,0,,,,,,,,
5,19,4,0,,,,,,,,
0,19,4,0,,,,,,,,
1,19,4,2,2132,3270,2606,1611,1499,1536,,
31,19,5,1,4071,2346,1905,1379,1049,983,,
0,19,5,0,,,,,,,,
35,19,5,0,,,,,,,,
40,19,6,0,,,,,,,,
0,19,6,0,,,,,,,,
24,19,6,2,1758,1418,1813,2107,1861,870,,
7,19,7,1,2246,2645,2146,1963,1607,804,,
0,19,7,0,,,,,,,,
20,19,7,0,,,,,,,,
33,19,8,0,,,,,,,,
0,19,8,0,,,,,,,,
3,19,8,2,3300,3311,963,1316,2028,1582,,
39,19,9,1,1542,2256,1765,1171,944,811,,
0,19,9,0,,,,,,,,
29,19,9,0,,,,,,,,
10,19,10,0,,,,,,,,
0,19,10,0,,,,,,,,
12,19,10,2,1124,2680,1180,1315,1072,210,,
6,19,11,1,2347,1589,1893,1151,881,1784,,
27,19,11,0,,,,,,,,
0,19,11,0,,,,,,,,
24,19,12,0,,,,,,,,
22,19,12,2,1772,2425,1629,755,1108,,,
0,19,12,0,,,,,,,,
34,19,13,1,2671,1857,2305,223,1337,791,,
14,19,13,0,,,,,,,,
0,19,13,0,,,,,,,,
19,19,14,0,,,,,,,,
41,19,14,2,1347,2809,979,1143,1010,1093,,
0,19,14,0,,,,,,,,
9,19,15,1,836,1336,2705,2169,1202,1118,,
12,19,15,0,,,,,,,,
0,19,15,0,,,,,,,,
13,19,16,0,,,,,,,,
20,19,16,2,2132,3364,2187,1585,980,1776,,
0,19,16,0,,,,,,,,
26,19,17,1,2325,2490,1814,1529,210,948,,
16,19,17,0,,,,,,,,
0,19,17,0,,,,,,,,
28,19,18,0,,,,,,,,
38,19,18,2,1707,2694,205,1557,1088,771,,
0,19,18,0,,,,,,,,
19,19,19,1,2628,2542,2542,136,674,,,
17,19,19,0,,,,,,,,
0,19,19,0,,,,,,,,
26,19,20,0,,,,,,,,
15,19,20,2,4011,273,3732,1663,845,1089,,
0,19,20,0,,,,,,,,
35,19,21,1,2795,1824,1502,1814,1077,729,,
18,19,21,0,,,,,,,,
0,19,21,0,,,,,,,,
9,19,22,0,,,,,,,,
11,19,22,2,,,136,1195,1478,582,,
0,19,22,0,,,,,,,,
29,19,23,1,2587,1527,3427,1971,1114,1015,,
37,19,23,0,,,,,,,,
0,19,23,0,,,,,,,,
22,19,24,0,,,,,,,,
5,19,24,2,2058,1487,2682,2169,1054,1605,,
0,19,24,0,,,,,,,,
30,19,25,1,4631,3704,328,4355,967,953,,
23,19,25,0,,,,,,,,
0,19,25,0,,,,,,,,
25,19,26,0,,,,,,,,
21,19,26,2,1981,2068,1327,1243,578,,,
0,19,26,0,,,,,,,,
27,19,27,1,3539,1818,1352,2927,1112,1413,,
15,19,27,0,,,,,,,,
0,19,27,0,,,,,,,,
42,19,28,0,,,,,,,,
16,19,28,2,4129,2780,2115,1521,1738,3129,,
0,19,28,0,,,,,,,,
33,19,29,1,3538,1685,2462,1259,1135,1070,,
1,19,29,0,,,,,,,,
0,19,29,0,,,,,,,,
4,19,30,0,,,,,,,,
28,19,30,2,4016,3863,1521,1723,1179,813,,
0,19,30,0,,,,,,,,
10,19,31,1,4696,3043,1849,955,879,1935,,
31,19,31,0,,,,,,,,
0,19,31,0,,,,,,,,
32,19,32,0,,,,,,,,
14,19,32,2,2551,179,2158,2325,968,586,,
0,19,32,0,,,,,,,,
40,20,1,1,3480,5392,2460,2840,465,921,,
0,20,1,0,,,,,,,,
7,20,1,0,,,,,,,,
2,20,2,0,,,,,,,,
0,20,2,0,,,,,,,,
14,20,2,2,3483,2593,2707,1578,2089,1225,,
25,20,3,1,2189,1561,1905,1675,1084,1208,,
0,20,3,0,,,,,,,,
38,20,3,0,,,,,,,,
5,20,4,0,,,,,,,,
0,20,4,0,,,,,,,,
28,20,4,2,1650,3328,2570,1846,2171,1714,,
23,20,5,1,2044,2017,1548,1667,1266,987,,
0,20,5,0,,,,,,,,
35,20,5,0,,,,,,,,
40,20,6,0,,,,,,,,
0,20,6,0,,,,,,,,
6,20,6,2,2474,2784,2909,1837,1731,1246,,
1,20,7,1,2528,3025,2980,3456,1316,1048,,
0,20,7,0,,,,,,,,
20,20,7,0,,,,,,,,
33,20,8,0,,,,,,,,
0,20,8,0,,,,,,,,
33,20,8,2,1130,1831,1350,1134,1166,1698,,
37,20,9,1,2068,1682,1530,2056,1636,1394,,
0,20,9,0,,,,,,,,
29,20,9,0,,,,,,,,
10,20,10,0,,,,,,,,
0,20,10,0,,,,,,,,
35,20,10,2,1377,2075,1620,1934,1534,1378,,
42,20,11,1,2148,1656,3049,1719,751,1049,,
27,20,11,0,,,,,,,,
0,20,11,0,,,,,,,,
24,20,12,0,,,,,,,,
17,20,12,2,2495,2001,666,2612,1158,630,,
0,20,12,0,,,,,,,,
19,20,13,1,3607,1905,2452,2502,2664,1200,,
14,20,13,0,,,,,,,,
0,20,13,0,,,,,,,,
19,20,14,0,,,,,,,,
31,20,14,2,2266,1617,2344,1833,1643,841,,
0,20,14,0,,,,,,,,
27,20,15,1,1100,1555,1670,1601,1111,1803,,
12,20,15,0,,,,,,,,
0,20,15,0,,,,,,,,
13,20,16,0,,,,,,,,
10,20,16,2,2492,3508,5401,2130,1060,1011,,
0,20,16,0,,,,,,,,
4,20,17,1,1709,3407,2740,2279,1091,1453,,
16,20,17,0,,,,,,,,
0,20,17,0,,,,,,,,
28,20,18,0,,,,,,,,
22,20,18,2,1519,3770,2538,1770,2043,1634,,
0,20,18,0,,,,,,,,
18,20,19,1,1836,382,2985,1628,2100,1045,,
17,20,19,0,,,,,,,,
0,20,19,0,,,,,,,,
26,20,20,0,,,,,,,,
30,20,20,2,5163,2462,2843,1289,1068,1560,,
0,20,20,0,,,,,,,,
9,20,21,1,2605,1909,1997,2217,1174,898,,
18,20,21,0,,,,,,,,
0,20,21,0,,,,,,,,
9,20,22,0,,,,,,,,
32,20,22,2,2271,2424,3071,1508,1390,859,,
0,20,22,0,,,,,,,,
13,20,23,1,2278,1957,1974,1891,1872,1574,,
37,20,23,0,,,,,,,,
0,20,23,0,,,,,,,,
22,20,24,0,,,,,,,,
3,20,24,2,2426,1944,2499,3007,1538,1030,,
0,20,24,0,,,,,,,,
8,20,25,1,2938,3179,2974,2824,911,1459,,
23,20,25,0,,,,,,,,
0,20,25,0,,,,,,,,
25,20,26,0,,,,,,,,
21,20,26,2,2778,3406,2536,1336,2419,845,,
0,20,26,0,,,,,,,,
5,20,27,1,3025,3441,1605,3263,1011,1455,,
15,20,27,0,,,,,,,,
0,20,27,0,,,,,,,,
42,20,28,0,,,,,,,,
12,20,28,2,3717,2432,3959,1849,1516,2403,,
0,20,28,0,,,,,,,,
11,20,29,1,3848,2560,2316,2205,1675,1177,,
1,20,29,0,,,,,,,,
0,20,29,0,,,,,,,,
4,20,30,0,,,,,,,,
20,20,30,2,3739,2591,2249,2160,2411,1539,,
0,20,30,0,,,,,,,,
39,20,31,1,2227,2483,2799,1979,1384,617,,
31,20,31,0,,,,,,,,
0,20,31,0,,,,,,,,
32,20,32,0,,,,,,,,
16,20,32,2,2360,2433,1554,1340,1267,669,,
0,20,32,0,,,,,,,,
40,21,1,0,,,,,,,,
0,21,1,0,,,,,,,,
21,21,1,2,1990,1238,1078,1765,466,381,,
18,21,2,1,1896,1955,1482,994,4896,711,,
0,21,2,0,,,,,,,,
14,21,2,0,,,,,,,,
25,21,3,0,,,,,,,,
0,21,3,0,,,,,,,,
8,21,3,2,1168,973,1031,1617,776,1371,,
41,21,4,1,1488,1769,1748,1190,1161,1004,,
0,21,4,0,,,,,,,,
28,21,4,0,,,,,,,,
23,21,5,0,,,,,,,,
0,21,5,0,,,,,,,,
29,21,5,2,640,1023,809,927,584,641,,
1,21,6,1,1196,2132,1676,1323,1772,741,,
0,21,6,0,,,,,,,,
6,21,6,0,,,,,,,,
1,21,7,0,,,,,,,,
0,21,7,0,,,,,,,,
5,21,7,2,1510,2420,1718,1290,728,1132,,
16,21,8,1,550,759,1416,696,716,1307,,
0,21,8,0,,,,,,,,
33,21,8,0,,,,,,,,
37,21,9,0,,,,,,,,
0,21,9,0,,,,,,,,
13,21,9,2,872,1712,967,809,514,737,,
31,21,10,1,944,479,1686,1632,1318,512,,
0,21,10,0,,,,,,,,
35,21,10,0,,,,,,,,
42,21,11,0,,,,,,,,
7,21,11,2,3461,1958,2577,1966,841,654,,
0,21,11,0,,,,,,,,
4,21,12,1,1884,3490,2888,2132,1640,492,,
17,21,12,0,,,,,,,,
0,21,12,0,,,,,,,,
19,21,13,0,,,,,,,,
26,21,13,2,667,655,797,869,985,547,,
0,21,13,0,,,,,,,,
40,21,14,1,221,1057,1137,663,554,459,,
31,21,14,0,,,,,,,,
0,21,14,0,,,,,,,,
27,21,15,0,,,,,,,,
10,21,15,2,585,1865,1527,939,829,704,,
0,21,15,0,,,,,,,,
24,21,16,1,876,1158,1305,676,603,543,,
10,21,16,0,,,,,,,,
0,21,16,0,,,,,,,,
4,21,17,0,,,,,,,,
33,21,17,2,2114,1800,3036,744,645,975,,
0,21,17,0,,,,,,,,
34,21,18,1,1242,1339,518,826,691,735,,
22,21,18,0,,,,,,,,
0,21,18,0,,,,,,,,
18,21,19,0,,,,,,,,
3,21,19,2,2259,261,3789,1497,1192,286,,
0,21,19,0,,,,,,,,
12,21,20,1,4036,2049,1638,133,1139,823,,
30,21,20,0,,,,,,,,
0,21,20,0,,,,,,,,
9,21,21,0,,,,,,,,
37,21,21,2,1039,701,679,736,568,325,,
0,21,21,0,,,,,,,,
35,21,22,1,,,103,522,606,549,,
32,21,22,0,,,,,,,,
0,21,22,0,,,,,,,,
13,21,23,0,,,,,,,,
25,21,23,2,,,101,3084,221,1406,,
0,21,23,0,,,,,,,,
23,21,24,1,3853,994,713,899,462,575,,
3,21,24,0,,,,,,,,
0,21,24,0,,,,,,,,
8,21,25,0,,,,,,,,
11,21,25,2,1017,2674,1778,2096,1032,2395,,
0,21,25,0,,,,,,,,
20,21,26,1,779,814,1957,1496,825,470,,
21,21,26,0,,,,,,,,
0,21,26,0,,,,,,,,
5,21,27,0,,,,,,,,
36,21,27,2,2293,2059,3005,830,534,778,,
0,21,27,0,,,,,,,,
15,21,28,1,1098,2754,2209,789,718,1454,,
12,21,28,0,,,,,,,,
0,21,28,0,,,,,,,,
11,21,29,0,,,,,,,,
27,21,29,2,979,245,135,768,540,866,,
0,21,29,0,,,,,,,,
38,21,30,1,1274,433,1014,885,732,415,,
20,21,30,0,,,,,,,,
0,21,30,0,,,,,,,,
39,21,31,0,,,,,,,,
39,21,31,2,675,939,817,364,1008,264,,
0,21,31,0,,,,,,,,
28,21,32,1,1112,2183,2893,1516,783,518,,
16,21,32,0,,,,,,,,
0,21,32,0,,,,,,,,
