seq,subj,item,cond,R1,R2,R3,R4,R5,R6,R7,R8
18,1,1,1,1488,1423,985,1671,896,164,,
0,1,1,0,,,,,,,,
0,1,1,0,,,,,,,,
0,1,2,0,,,,,,,,
0,1,2,0,,,,,,,,
33,1,2,2,1563,1886,1346,811,144,150,,
16,1,3,1,1787,953,859,1923,1280,1255,,
0,1,3,0,,,,,,,,
0,1,3,0,,,,,,,,
0,1,4,0,,,,,,,,
0,1,4,0,,,,,,,,
7,1,4,2,1984,2037,1644,1501,1471,900,,
14,1,5,1,5221,1112,1093,701,1327,1053,,
0,1,5,0,,,,,,,,
0,1,5,0,,,,,,,,
0,1,6,0,,,,,,,,
0,1,6,0,,,,,,,,
5,1,6,2,1626,1728,2323,1778,1681,2380,,
41,1,7,1,1522,2340,1229,82,1378,1275,,
0,1,7,0,,,,,,,,
0,1,7,0,,,,,,,,
0,1,8,0,,,,,,,,
0,1,8,0,,,,,,,,
26,1,8,2,751,1114,219,787,183,449,,
11,1,9,1,1039,1496,694,185,389,1089,,
0,1,9,0,,,,,,,,
0,1,9,0,,,,,,,,
0,1,10,0,,,,,,,,
0,1,10,0,,,,,,,,
1,1,10,2,2533,1771,1307,1749,543,443,,
10,1,11,1,2163,1512,881,296,229,346,,
0,1,11,0,,,,,,,,
0,1,11,0,,,,,,,,
0,1,12,0,,,,,,,,
21,1,12,2,1258,1851,2006,1999,1372,479,,
0,1,12,0,,,,,,,,
22,1,13,1,2898,1428,1915,1419,400,872,,
0,1,13,0,,,,,,,,
0,1,13,0,,,,,,,,
0,1,14,0,,,,,,,,
9,1,14,2,591,,,176,1105,1120,,
0,1,14,0,,,,,,,,
13,1,15,1,669,1590,1019,903,1117,250,,
0,1,15,0,,,,,,,,
0,1,15,0,,,,,,,,
0,1,16,0,,,,,,,,
28,1,16,2,1968,1195,1929,734,661,878,,
0,1,16,0,,,,,,,,
24,1,17,1,906,140,1732,1159,2086,1917,,
0,1,17,0,,,,,,,,
0,1,17,0,,,,,,,,
0,1,18,0,,,,,,,,
20,1,18,2,1586,1764,1182,363,1624,907,,
0,1,18,0,,,,,,,,
37,1,19,1,2113,1866,,199,1409,1608,,
0,1,19,0,,,,,,,,
0,1,19,0,,,,,,,,
0,1,20,0,,,,,,,,
3,1,20,2,3242,1032,1258,1312,988,143,,
0,1,20,0,,,,,,,,
29,1,21,1,1613,1541,365,668,816,2164,,
0,1,21,0,,,,,,,,
0,1,21,0,,,,,,,,
0,1,22,0,,,,,,,,
31,1,22,2,617,2480,1211,961,1686,1623,,
0,1,22,0,,,,,,,,
35,1,23,1,1469,1753,1622,318,840,268,,
0,1,23,0,,,,,,,,
0,1,23,0,,,,,,,,
0,1,24,0,,,,,,,,
23,1,24,2,1916,1368,1952,882,359,942,,
0,1,24,0,,,,,,,,
40,1,25,1,785,1671,2582,2370,663,1349,,
0,1,25,0,,,,,,,,
0,1,25,0,,,,,,,,
0,1,26,0,,,,,,,,
30,1,26,2,1649,1090,175,1892,1282,864,,
0,1,26,0,,,,,,,,
39,1,27,1,2400,1863,1308,349,850,1092,,
0,1,27,0,,,,,,,,
0,1,27,0,,,,,,,,
0,1,28,0,,,,,,,,
32,1,28,2,3034,1833,2290,1286,905,204,,
0,1,28,0,,,,,,,,
4,1,29,1,2839,780,1595,2219,558,208,,
0,1,29,0,,,,,,,,
0,1,29,0,,,,,,,,
0,1,30,0,,,,,,,,
25,1,30,2,1916,2222,1368,1875,1194,2055,,
0,1,30,0,,,,,,,,
38,1,31,1,1353,1826,1604,915,967,1459,,
0,1,31,0,,,,,,,,
0,1,31,0,,,,,,,,
0,1,32,0,,,,,,,,
36,1,32,2,995,1734,1673,1866,1025,877,,
0,1,32,0,,,,,,,,
13,2,1,1,1680,2222,540,2409,1499,116,,
0,2,1,0,,,,,,,,
0,2,1,0,,,,,,,,
0,2,2,0,,,,,,,,
0,2,2,0,,,,,,,,
29,2,2,2,2260,1669,2839,2154,2433,1245,,
5,2,3,1,2644,1417,2103,1882,1802,2028,,
0,2,3,0,,,,,,,,
0,2,3,0,,,,,,,,
0,2,4,0,,,,,,,,
0,2,4,0,,,,,,,,
25,2,4,2,1258,2477,1514,2142,1361,1424,,
15,2,5,1,1696,557,1444,1803,1550,1455,,
0,2,5,0,,,,,,,,
0,2,5,0,,,,,,,,
0,2,6,0,,,,,,,,
0,2,6,0,,,,,,,,
39,2,6,2,1459,1555,2235,1739,2070,1057,,
35,2,7,1,2471,1500,1811,1622,907,1903,,
0,2,7,0,,,,,,,,
0,2,7,0,,,,,,,,
0,2,8,0,,,,,,,,
0,2,8,0,,,,,,,,
43,2,8,2,1104,1852,1599,1218,1915,2043,,
10,2,9,1,1008,2595,1348,1757,1636,1370,,
0,2,9,0,,,,,,,,
0,2,9,0,,,,,,,,
0,2,10,0,,,,,,,,
0,2,10,0,,,,,,,,
21,2,10,2,1009,1295,1660,1491,1460,785,,
32,2,11,1,1456,684,2218,2535,1607,1904,,
0,2,11,0,,,,,,,,
0,2,11,0,,,,,,,,
0,2,12,0,,,,,,,,
34,2,12,2,1174,2659,1350,2024,1587,890,,
0,2,12,0,,,,,,,,
2,2,13,1,3190,1611,2725,4113,1880,1539,,
0,2,13,0,,,,,,,,
0,2,13,0,,,,,,,,
0,2,14,0,,,,,,,,
8,2,14,2,1826,1939,2635,2592,1480,833,,
0,2,14,0,,,,,,,,
38,2,15,1,749,1244,137,1365,1582,967,,
0,2,15,0,,,,,,,,
0,2,15,0,,,,,,,,
0,2,16,0,,,,,,,,
17,2,16,2,2240,2061,2658,1803,1168,1414,,
0,2,16,0,,,,,,,,
27,2,17,1,1193,1593,2202,1208,1169,2206,,
0,2,17,0,,,,,,,,
0,2,17,0,,,,,,,,
0,2,18,0,,,,,,,,
42,2,18,2,2333,2504,2520,2596,1317,1788,,
0,2,18,0,,,,,,,,
1,2,19,1,2893,605,2485,1270,1592,2026,,
0,2,19,0,,,,,,,,
0,2,19,0,,,,,,,,
0,2,20,0,,,,,,,,
33,2,20,2,2052,1783,1935,1783,1614,819,,
0,2,20,0,,,,,,,,
3,2,21,1,2834,2218,2543,2256,1560,2101,,
0,2,21,0,,,,,,,,
0,2,21,0,,,,,,,,
0,2,22,0,,,,,,,,
31,2,22,2,1453,1933,2003,1577,1353,83,,
0,2,22,0,,,,,,,,
23,2,23,1,673,1277,1564,1316,1270,1617,,
0,2,23,0,,,,,,,,
0,2,23,0,,,,,,,,
0,2,24,0,,,,,,,,
9,2,24,2,2369,1891,1838,2966,819,1775,,
0,2,24,0,,,,,,,,
7,2,25,1,1970,2102,3252,3289,1426,1239,,
0,2,25,0,,,,,,,,
0,2,25,0,,,,,,,,
0,2,26,0,,,,,,,,
4,2,26,2,1906,2102,2175,2910,1822,1499,,
0,2,26,0,,,,,,,,
41,2,27,1,1051,1564,2253,1729,943,1787,,
0,2,27,0,,,,,,,,
0,2,27,0,,,,,,,,
0,2,28,0,,,,,,,,
12,2,28,2,2194,1640,2271,2108,2079,1986,,
0,2,28,0,,,,,,,,
37,2,29,1,2063,1662,1547,1738,1668,1173,,
0,2,29,0,,,,,,,,
0,2,29,0,,,,,,,,
0,2,30,0,,,,,,,,
28,2,30,2,1710,1883,2141,1692,440,2267,,
0,2,30,0,,,,,,,,
20,2,31,1,1375,1340,1773,309,1356,1562,,
0,2,31,0,,,,,,,,
0,2,31,0,,,,,,,,
0,2,32,0,,,,,,,,
24,2,32,2,1256,2620,1693,1643,1184,1173,,
0,2,32,0,,,,,,,,
23,3,1,1,2068,339,147,1440,887,739,,
0,3,1,0,,,,,,,,
0,3,1,0,,,,,,,,
0,3,2,0,,,,,,,,
0,3,2,0,,,,,,,,
25,3,2,2,1400,2188,2164,2822,1433,1090,,
5,3,3,1,1666,1965,1857,1215,1200,2295,,
0,3,3,0,,,,,,,,
0,3,3,0,,,,,,,,
0,3,4,0,,,,,,,,
0,3,4,0,,,,,,,,
16,3,4,2,1953,2538,1328,2474,1237,1073,,
31,3,5,1,1299,1251,621,1091,732,749,,
0,3,5,0,,,,,,,,
0,3,5,0,,,,,,,,
0,3,6,0,,,,,,,,
0,3,6,0,,,,,,,,
29,3,6,2,1466,1521,1783,1251,820,825,,
10,3,7,1,1571,1138,1750,1351,923,360,,
0,3,7,0,,,,,,,,
0,3,7,0,,,,,,,,
0,3,8,0,,,,,,,,
0,3,8,0,,,,,,,,
20,3,8,2,1014,2085,1642,296,1253,2244,,
40,3,9,1,1574,2222,1350,1284,1069,1083,,
0,3,9,0,,,,,,,,
0,3,9,0,,,,,,,,
0,3,10,0,,,,,,,,
0,3,10,0,,,,,,,,
33,3,10,2,1252,448,1579,294,1155,1571,,
39,3,11,1,1698,238,975,1059,713,855,,
0,3,11,0,,,,,,,,
0,3,11,0,,,,,,,,
0,3,12,0,,,,,,,,
3,3,12,2,1944,3996,1495,155,1025,229,,
0,3,12,0,,,,,,,,
15,3,13,1,1375,1466,1752,2256,1059,842,,
0,3,13,0,,,,,,,,
0,3,13,0,,,,,,,,
0,3,14,0,,,,,,,,
37,3,14,2,861,911,1455,1208,1531,604,,
0,3,14,0,,,,,,,,
1,3,15,1,986,1062,1589,1955,1466,1321,,
0,3,15,0,,,,,,,,
0,3,15,0,,,,,,,,
0,3,16,0,,,,,,,,
19,3,16,2,1061,165,2286,1434,847,1032,,
0,3,16,0,,,,,,,,
28,3,17,1,1199,1011,1544,962,925,1973,,
0,3,17,0,,,,,,,,
0,3,17,0,,,,,,,,
0,3,18,0,,,,,,,,
2,3,18,2,1048,1646,741,843,293,132,,
0,3,18,0,,,,,,,,
42,3,19,1,1584,1686,1607,160,948,1379,,
0,3,19,0,,,,,,,,
0,3,19,0,,,,,,,,
0,3,20,0,,,,,,,,
35,3,20,2,1534,1556,1564,360,796,814,,
0,3,20,0,,,,,,,,
12,3,21,1,1256,1736,1387,1293,1312,1004,,
0,3,21,0,,,,,,,,
0,3,21,0,,,,,,,,
0,3,22,0,,,,,,,,
38,3,22,2,1212,2222,1407,978,1435,1167,,
0,3,22,0,,,,,,,,
8,3,23,1,,151,1610,147,1043,974,,
0,3,23,0,,,,,,,,
0,3,23,0,,,,,,,,
0,3,24,0,,,,,,,,
14,3,24,2,1612,892,1207,1883,845,890,,
0,3,24,0,,,,,,,,
36,3,25,1,1448,455,139,1522,513,969,,
0,3,25,0,,,,,,,,
0,3,25,0,,,,,,,,
0,3,26,0,,,,,,,,
27,3,26,2,1811,1302,1236,1190,638,1275,,
0,3,26,0,,,,,,,,
22,3,27,1,1488,1262,1107,1721,970,1456,,
0,3,27,0,,,,,,,,
0,3,27,0,,,,,,,,
0,3,28,0,,,,,,,,
18,3,28,2,1862,1227,1526,1782,1195,2482,,
0,3,28,0,,,,,,,,
4,3,29,1,2819,135,2411,158,1049,1453,,
0,3,29,0,,,,,,,,
0,3,29,0,,,,,,,,
0,3,30,0,,,,,,,,
13,3,30,2,1578,3173,1543,1574,1251,243,,
0,3,30,0,,,,,,,,
7,3,31,1,1183,151,146,731,928,1322,,
0,3,31,0,,,,,,,,
0,3,31,0,,,,,,,,
0,3,32,0,,,,,,,,
9,3,32,2,929,1658,1040,1034,928,723,,
0,3,32,0,,,,,,,,
27,4,1,1,4727,2432,1836,1590,1192,937,,
0,4,1,0,,,,,,,,
0,4,1,0,,,,,,,,
0,4,2,0,,,,,,,,
0,4,2,0,,,,,,,,
33,4,2,2,2333,1520,2116,1561,1662,1075,,
35,4,3,1,1613,884,2043,1267,972,1893,,
0,4,3,0,,,,,,,,
0,4,3,0,,,,,,,,
0,4,4,0,,,,,,,,
0,4,4,0,,,,,,,,
10,4,4,2,1680,2155,1300,1615,1438,1753,,
4,4,5,1,3182,2512,1323,1333,1070,1038,,
0,4,5,0,,,,,,,,
0,4,5,0,,,,,,,,
0,4,6,0,,,,,,,,
0,4,6,0,,,,,,,,
41,4,6,2,1599,1317,1389,2236,2045,1138,,
14,4,7,1,1348,1950,2073,116,976,1401,,
0,4,7,0,,,,,,,,
0,4,7,0,,,,,,,,
0,4,8,0,,,,,,,,
0,4,8,0,,,,,,,,
20,4,8,2,931,1645,294,1043,1725,1887,,
24,4,9,1,1201,2180,1138,1561,1048,2087,,
0,4,9,0,,,,,,,,
0,4,9,0,,,,,,,,
0,4,10,0,,,,,,,,
0,4,10,0,,,,,,,,
37,4,10,2,1040,1134,1064,1077,1358,1742,,
6,4,11,1,3949,471,1958,1394,1012,1791,,
0,4,11,0,,,,,,,,
0,4,11,0,,,,,,,,
0,4,12,0,,,,,,,,
18,4,12,2,1903,2980,3917,904,1386,725,,
0,4,12,0,,,,,,,,
3,4,13,1,2226,2727,1924,2314,1609,1232,,
0,4,13,0,,,,,,,,
0,4,13,0,,,,,,,,
0,4,14,0,,,,,,,,
29,4,14,2,1861,999,1108,1167,1153,2116,,
0,4,14,0,,,,,,,,
19,4,15,1,1683,1538,1435,1492,1076,2417,,
0,4,15,0,,,,,,,,
0,4,15,0,,,,,,,,
0,4,16,0,,,,,,,,
17,4,16,2,4116,1812,2195,1532,1058,1676,,
0,4,16,0,,,,,,,,
13,4,17,1,5694,2280,2252,956,1169,1292,,
0,4,17,0,,,,,,,,
0,4,17,0,,,,,,,,
0,4,18,0,,,,,,,,
31,4,18,2,1891,2895,3438,2522,1057,1115,,
0,4,18,0,,,,,,,,
26,4,19,1,1627,3376,3093,956,1128,2419,,
0,4,19,0,,,,,,,,
0,4,19,0,,,,,,,,
0,4,20,0,,,,,,,,
30,4,20,2,2262,,2001,2170,306,1602,,
0,4,20,0,,,,,,,,
32,4,21,1,2209,2532,1606,2824,1185,1752,,
0,4,21,0,,,,,,,,
0,4,21,0,,,,,,,,
0,4,22,0,,,,,,,,
1,4,22,2,1419,2049,2406,1486,3602,1055,,
0,4,22,0,,,,,,,,
16,4,23,1,1525,1310,1439,192,1270,2241,,
0,4,23,0,,,,,,,,
0,4,23,0,,,,,,,,
0,4,24,0,,,,,,,,
39,4,24,2,1436,1728,1497,1861,890,952,,
0,4,24,0,,,,,,,,
2,4,25,1,2009,92,2490,2637,1263,1903,,
0,4,25,0,,,,,,,,
0,4,25,0,,,,,,,,
0,4,26,0,,,,,,,,
9,4,26,2,3178,3186,3787,1193,2617,582,,
0,4,26,0,,,,,,,,
8,4,27,1,1441,1829,1411,2272,960,1645,,
0,4,27,0,,,,,,,,
0,4,27,0,,,,,,,,
0,4,28,0,,,,,,,,
22,4,28,2,1261,1707,1813,2686,1427,2374,,
0,4,28,0,,,,,,,,
23,4,29,1,2518,2016,1771,1544,1295,2789,,
0,4,29,0,,,,,,,,
0,4,29,0,,,,,,,,
0,4,30,0,,,,,,,,
7,4,30,2,3405,2101,1665,1598,1567,2575,,
0,4,30,0,,,,,,,,
12,4,31,1,3777,3519,2428,1236,925,2373,,
0,4,31,0,,,,,,,,
0,4,31,0,,,,,,,,
0,4,32,0,,,,,,,,
40,4,32,2,1270,2268,674,1177,945,1410,,
0,4,32,0,,,,,,,,
41,5,1,1,1358,2454,1314,2052,633,816,,
0,5,1,0,,,,,,,,
0,5,1,0,,,,,,,,
0,5,2,0,,,,,,,,
0,5,2,0,,,,,,,,
17,5,2,2,2202,1981,2027,2380,1828,1040,,
35,5,3,1,2283,1527,1687,755,1182,826,,
0,5,3,0,,,,,,,,
0,5,3,0,,,,,,,,
0,5,4,0,,,,,,,,
0,5,4,0,,,,,,,,
1,5,4,2,2457,176,258,2411,1724,1245,,
30,5,5,1,968,2502,730,1075,1182,1411,,
0,5,5,0,,,,,,,,
0,5,5,0,,,,,,,,
0,5,6,0,,,,,,,,
0,5,6,0,,,,,,,,
23,5,6,2,573,1399,1015,916,1002,670,,
7,5,7,1,2273,1145,1403,1899,661,854,,
0,5,7,0,,,,,,,,
0,5,7,0,,,,,,,,
0,5,8,0,,,,,,,,
0,5,8,0,,,,,,,,
3,5,8,2,1698,1976,1487,841,1738,1221,,
38,5,9,1,1481,1865,1810,817,654,953,,
0,5,9,0,,,,,,,,
0,5,9,0,,,,,,,,
0,5,10,0,,,,,,,,
0,5,10,0,,,,,,,,
12,5,10,2,1211,1168,4301,1354,752,863,,
6,5,11,1,2581,1138,1576,772,603,510,,
0,5,11,0,,,,,,,,
0,5,11,0,,,,,,,,
0,5,12,0,,,,,,,,
22,5,12,2,684,2766,1352,1519,907,669,,
0,5,12,0,,,,,,,,
33,5,13,1,1698,1038,1588,1766,1814,660,,
0,5,13,0,,,,,,,,
0,5,13,0,,,,,,,,
0,5,14,0,,,,,,,,
40,5,14,2,749,912,1039,1459,2324,822,,
0,5,14,0,,,,,,,,
9,5,15,1,2417,2466,1317,836,796,950,,
0,5,15,0,,,,,,,,
0,5,15,0,,,,,,,,
0,5,16,0,,,,,,,,
20,5,16,2,2125,1512,2137,3654,404,889,,
0,5,16,0,,,,,,,,
25,5,17,1,2582,2635,2070,821,774,602,,
0,5,17,0,,,,,,,,
0,5,17,0,,,,,,,,
0,5,18,0,,,,,,,,
37,5,18,2,761,1501,1094,729,769,1092,,
0,5,18,0,,,,,,,,
19,5,19,1,2023,2861,2615,1374,1227,1434,,
0,5,19,0,,,,,,,,
0,5,19,0,,,,,,,,
0,5,20,0,,,,,,,,
15,5,20,2,2607,1348,1245,759,749,535,,
0,5,20,0,,,,,,,,
34,5,21,1,2080,1358,1574,787,1453,796,,
0,5,21,0,,,,,,,,
0,5,21,0,,,,,,,,
0,5,22,0,,,,,,,,
11,5,22,2,2068,1725,1491,1083,1219,683,,
0,5,22,0,,,,,,,,
28,5,23,1,1259,1670,1109,1025,754,908,,
0,5,23,0,,,,,,,,
0,5,23,0,,,,,,,,
0,5,24,0,,,,,,,,
5,5,24,2,4856,3010,2524,2313,771,834,,
0,5,24,0,,,,,,,,
29,5,25,1,1192,1225,930,567,872,1475,,
0,5,25,0,,,,,,,,
0,5,25,0,,,,,,,,
0,5,26,0,,,,,,,,
21,5,26,2,2272,2106,2123,1585,1392,994,,
0,5,26,0,,,,,,,,
26,5,27,1,1215,2361,1051,3292,1516,803,,
0,5,27,0,,,,,,,,
0,5,27,0,,,,,,,,
0,5,28,0,,,,,,,,
16,5,28,2,2003,834,2283,1521,868,2096,,
0,5,28,0,,,,,,,,
32,5,29,1,2860,1849,1642,1135,1099,811,,
0,5,29,0,,,,,,,,
0,5,29,0,,,,,,,,
0,5,30,0,,,,,,,,
27,5,30,2,1545,1295,1643,1642,1133,1061,,
0,5,30,0,,,,,,,,
10,5,31,1,849,220,1470,964,432,111,,
0,5,31,0,,,,,,,,
0,5,31,0,,,,,,,,
0,5,32,0,,,,,,,,
14,5,32,2,1189,1869,981,599,941,880,,
0,5,32,0,,,,,,,,
32,6,1,1,1960,3004,1932,1671,921,1253,,
0,6,1,0,,,,,,,,
0,6,1,0,,,,,,,,
0,6,2,0,,,,,,,,
0,6,2,0,,,,,,,,
17,6,2,2,3292,2197,2695,1228,1075,1352,,
22,6,3,1,1385,1611,1294,1229,1104,1166,,
0,6,3,0,,,,,,,,
0,6,3,0,,,,,,,,
0,6,4,0,,,,,,,,
0,6,4,0,,,,,,,,
24,6,4,2,2737,3268,1359,1782,669,640,,
15,6,5,1,923,1375,1514,1270,1396,1401,,
0,6,5,0,,,,,,,,
0,6,5,0,,,,,,,,
0,6,6,0,,,,,,,,
0,6,6,0,,,,,,,,
34,6,6,2,2274,1618,1591,1792,2459,560,,
11,6,7,1,2000,2869,2720,2499,1182,1929,,
0,6,7,0,,,,,,,,
0,6,7,0,,,,,,,,
0,6,8,0,,,,,,,,
0,6,8,0,,,,,,,,
37,6,8,2,1253,2388,1604,862,1942,1048,,
3,6,9,1,9012,761,1552,1107,910,966,,
0,6,9,0,,,,,,,,
0,6,9,0,,,,,,,,
0,6,10,0,,,,,,,,
0,6,10,0,,,,,,,,
41,6,10,2,781,2261,2425,1138,940,1022,,
8,6,11,1,1445,2434,1168,1282,1888,595,,
0,6,11,0,,,,,,,,
0,6,11,0,,,,,,,,
0,6,12,0,,,,,,,,
13,6,12,2,315,2359,1748,1863,1100,462,,
0,6,12,0,,,,,,,,
29,6,13,1,3521,1856,1623,1361,1291,503,,
0,6,13,0,,,,,,,,
0,6,13,0,,,,,,,,
0,6,14,0,,,,,,,,
6,6,14,2,1339,1275,1736,2482,1722,516,,
0,6,14,0,,,,,,,,
39,6,15,1,2132,2448,1374,1391,1360,1040,,
0,6,15,0,,,,,,,,
0,6,15,0,,,,,,,,
0,6,16,0,,,,,,,,
40,6,16,2,1910,1239,1673,1069,1229,530,,
0,6,16,0,,,,,,,,
5,6,17,1,2283,,2408,1566,1018,1010,,
0,6,17,0,,,,,,,,
0,6,17,0,,,,,,,,
0,6,18,0,,,,,,,,
2,6,18,2,1505,1447,1599,1246,1110,1240,,
0,6,18,0,,,,,,,,
21,6,19,1,1600,2130,2591,2004,1327,1284,,
0,6,19,0,,,,,,,,
0,6,19,0,,,,,,,,
0,6,20,0,,,,,,,,
7,6,20,2,1969,2167,225,1199,655,749,,
0,6,20,0,,,,,,,,
30,6,21,1,1702,1752,1386,953,895,925,,
0,6,21,0,,,,,,,,
0,6,21,0,,,,,,,,
0,6,22,0,,,,,,,,
20,6,22,2,1120,1588,1490,878,2373,408,,
0,6,22,0,,,,,,,,
27,6,23,1,2190,1177,1016,1242,1184,820,,
0,6,23,0,,,,,,,,
0,6,23,0,,,,,,,,
0,6,24,0,,,,,,,,
26,6,24,2,2442,731,2068,1465,738,677,,
0,6,24,0,,,,,,,,
36,6,25,1,1836,2642,1304,1766,667,899,,
0,6,25,0,,,,,,,,
0,6,25,0,,,,,,,,
0,6,26,0,,,,,,,,
43,6,26,2,2120,1940,1273,1208,1298,694,,
0,6,26,0,,,,,,,,
10,6,27,1,2101,1877,1391,2860,1032,813,,
0,6,27,0,,,,,,,,
0,6,27,0,,,,,,,,
0,6,28,0,,,,,,,,
28,6,28,2,2647,1551,3900,2683,1244,1363,,
0,6,28,0,,,,,,,,
31,6,29,1,1290,2264,1007,2048,1688,947,,
0,6,29,0,,,,,,,,
0,6,29,0,,,,,,,,
0,6,30,0,,,,,,,,
9,6,30,2,2024,1852,1597,2382,1257,972,,
0,6,30,0,,,,,,,,
19,6,31,1,1826,650,2754,2634,1601,1494,,
0,6,31,0,,,,,,,,
0,6,31,0,,,,,,,,
0,6,32,0,,,,,,,,
14,6,32,2,1426,1359,1909,1984,1838,973,,
0,6,32,0,,,,,,,,
37,7,1,1,1962,3394,1451,1090,1023,1097,,
0,7,1,0,,,,,,,,
0,7,1,0,,,,,,,,
0,7,2,0,,,,,,,,
0,7,2,0,,,,,,,,
31,7,2,2,1890,4010,1241,2393,1886,1172,,
39,7,3,1,1833,1208,1871,1187,805,1044,,
0,7,3,0,,,,,,,,
0,7,3,0,,,,,,,,
0,7,4,0,,,,,,,,
0,7,4,0,,,,,,,,
4,7,4,2,1082,4306,1792,2304,1293,2022,,
35,7,5,1,1607,375,918,1470,737,1122,,
0,7,5,0,,,,,,,,
0,7,5,0,,,,,,,,
0,7,6,0,,,,,,,,
0,7,6,0,,,,,,,,
9,7,6,2,2516,666,1108,929,1152,855,,
12,7,7,1,1361,1452,1414,1165,850,1553,,
0,7,7,0,,,,,,,,
0,7,7,0,,,,,,,,
0,7,8,0,,,,,,,,
0,7,8,0,,,,,,,,
22,7,8,2,991,3025,1148,774,1632,2368,,
6,7,9,1,1577,334,2633,2715,1223,1529,,
0,7,9,0,,,,,,,,
0,7,9,0,,,,,,,,
0,7,10,0,,,,,,,,
0,7,10,0,,,,,,,,
33,7,10,2,1517,283,1470,1441,858,1503,,
24,7,11,1,1375,2166,2782,1713,736,1435,,
0,7,11,0,,,,,,,,
0,7,11,0,,,,,,,,
0,7,12,0,,,,,,,,
29,7,12,2,1372,2816,1384,1109,1322,675,,
0,7,12,0,,,,,,,,
42,7,13,1,2017,1290,1694,2403,891,978,,
0,7,13,0,,,,,,,,
0,7,13,0,,,,,,,,
0,7,14,0,,,,,,,,
18,7,14,2,1628,1329,1694,1428,1202,1121,,
0,7,14,0,,,,,,,,
41,7,15,1,1290,985,1010,1098,832,1374,,
0,7,15,0,,,,,,,,
0,7,15,0,,,,,,,,
0,7,16,0,,,,,,,,
8,7,16,2,4106,1497,2079,1661,948,684,,
0,7,16,0,,,,,,,,
17,7,17,1,1755,1624,384,813,2087,2356,,
0,7,17,0,,,,,,,,
0,7,17,0,,,,,,,,
0,7,18,0,,,,,,,,
16,7,18,2,1978,320,1513,1197,1225,1491,,
0,7,18,0,,,,,,,,
21,7,19,1,1881,415,1553,745,2216,2003,,
0,7,19,0,,,,,,,,
0,7,19,0,,,,,,,,
0,7,20,0,,,,,,,,
3,7,20,2,1903,3806,2639,1738,1286,1877,,
0,7,20,0,,,,,,,,
28,7,21,1,1336,773,2450,1252,1369,912,,
0,7,21,0,,,,,,,,
0,7,21,0,,,,,,,,
0,7,22,0,,,,,,,,
20,7,22,2,887,2045,1089,1628,1058,1131,,
0,7,22,0,,,,,,,,
26,7,23,1,2923,1085,1243,368,846,2074,,
0,7,23,0,,,,,,,,
0,7,23,0,,,,,,,,
0,7,24,0,,,,,,,,
25,7,24,2,1443,1284,1029,2029,720,764,,
0,7,24,0,,,,,,,,
30,7,25,1,1965,1011,1530,2630,1037,776,,
0,7,25,0,,,,,,,,
0,7,25,0,,,,,,,,
0,7,26,0,,,,,,,,
14,7,26,2,2127,771,1947,2035,1478,1443,,
0,7,26,0,,,,,,,,
27,7,27,1,1119,1603,1109,2546,1326,1140,,
0,7,27,0,,,,,,,,
0,7,27,0,,,,,,,,
0,7,28,0,,,,,,,,
1,7,28,2,3203,1987,497,2082,1126,2226,,
0,7,28,0,,,,,,,,
15,7,29,1,2751,1684,1152,2237,1040,1508,,
0,7,29,0,,,,,,,,
0,7,29,0,,,,,,,,
0,7,30,0,,,,,,,,
11,7,30,2,2949,1711,1160,1606,1285,1260,,
0,7,30,0,,,,,,,,
2,7,31,1,2225,1768,2374,1390,1461,2144,,
0,7,31,0,,,,,,,,
0,7,31,0,,,,,,,,
0,7,32,0,,,,,,,,
19,7,32,2,1545,392,480,863,838,730,,
0,7,32,0,,,,,,,,
43,8,1,1,3928,1537,623,2900,1007,1400,,
0,8,1,0,,,,,,,,
0,8,1,0,,,,,,,,
0,8,2,0,,,,,,,,
0,8,2,0,,,,,,,,
22,8,2,2,5134,1371,2154,1132,2097,893,,
40,8,3,1,5301,1499,1511,1244,1041,2229,,
0,8,3,0,,,,,,,,
0,8,3,0,,,,,,,,
0,8,4,0,,,,,,,,
0,8,4,0,,,,,,,,
24,8,4,2,6423,2644,1399,1894,1281,918,,
29,8,5,1,4036,107,1018,1927,892,1117,,
0,8,5,0,,,,,,,,
0,8,5,0,,,,,,,,
0,8,6,0,,,,,,,,
0,8,6,0,,,,,,,,
31,8,6,2,6922,1387,2231,1687,2943,819,,
3,8,7,1,3103,350,2452,1656,976,1131,,
0,8,7,0,,,,,,,,
0,8,7,0,,,,,,,,
0,8,8,0,,,,,,,,
0,8,8,0,,,,,,,,
16,8,8,2,5216,1647,1169,951,539,1871,,
37,8,9,1,4887,2222,980,1191,1203,825,,
0,8,9,0,,,,,,,,
0,8,9,0,,,,,,,,
0,8,10,0,,,,,,,,
0,8,10,0,,,,,,,,
13,8,10,2,2011,554,1149,1182,1337,738,,
10,8,11,1,5060,2239,1435,1258,1107,1189,,
0,8,11,0,,,,,,,,
0,8,11,0,,,,,,,,
0,8,12,0,,,,,,,,
7,8,12,2,1008,180,942,1557,1198,1057,,
0,8,12,0,,,,,,,,
35,8,13,1,5263,994,1557,1622,1297,1427,,
0,8,13,0,,,,,,,,
0,8,13,0,,,,,,,,
0,8,14,0,,,,,,,,
42,8,14,2,4149,1010,2365,2301,2303,1024,,
0,8,14,0,,,,,,,,
39,8,15,1,3469,1202,1320,1581,1121,1683,,
0,8,15,0,,,,,,,,
0,8,15,0,,,,,,,,
0,8,16,0,,,,,,,,
12,8,16,2,6053,2760,3364,1936,1079,1132,,
0,8,16,0,,,,,,,,
46,8,17,1,4825,1330,1298,1054,971,1100,,
0,8,17,0,,,,,,,,
0,8,17,0,,,,,,,,
0,8,18,0,,,,,,,,
9,8,18,2,3139,794,300,91,1344,1340,,
0,8,18,0,,,,,,,,
15,8,19,1,3558,1537,2512,1033,1184,1870,,
0,8,19,0,,,,,,,,
0,8,19,0,,,,,,,,
0,8,20,0,,,,,,,,
1,8,20,2,4154,1915,2960,2682,1418,1239,,
0,8,20,0,,,,,,,,
45,8,21,1,2559,1392,1628,1079,1418,1655,,
0,8,21,0,,,,,,,,
0,8,21,0,,,,,,,,
0,8,22,0,,,,,,,,
21,8,22,2,2857,715,1941,1256,1431,1765,,
0,8,22,0,,,,,,,,
26,8,23,1,2329,1093,2904,1741,1541,2035,,
0,8,23,0,,,,,,,,
0,8,23,0,,,,,,,,
0,8,24,0,,,,,,,,
18,8,24,2,2963,1033,766,2554,914,780,,
0,8,24,0,,,,,,,,
2,8,25,1,2503,2818,2699,2334,2478,651,,
0,8,25,0,,,,,,,,
0,8,25,0,,,,,,,,
0,8,26,0,,,,,,,,
33,8,26,2,3377,1501,2387,1809,1478,819,,
0,8,26,0,,,,,,,,
8,8,27,1,3006,179,3854,2496,,344,,
0,8,27,0,,,,,,,,
0,8,27,0,,,,,,,,
0,8,28,0,,,,,,,,
19,8,28,2,3889,1630,1184,1317,1571,2285,,
0,8,28,0,,,,,,,,
20,8,29,1,4978,1800,1568,1829,1247,1300,,
0,8,29,0,,,,,,,,
0,8,29,0,,,,,,,,
0,8,30,0,,,,,,,,
36,8,30,2,5823,2246,1984,1419,1230,2483,,
0,8,30,0,,,,,,,,
34,8,31,1,11194,1545,2539,2796,1090,947,,
0,8,31,0,,,,,,,,
0,8,31,0,,,,,,,,
0,8,32,0,,,,,,,,
5,8,32,2,6479,2061,1378,948,1026,841,,
0,8,32,0,,,,,,,,
7,9,1,1,1754,2673,397,1723,1702,1060,,
0,9,1,0,,,,,,,,
0,9,1,0,,,,,,,,
0,9,2,0,,,,,,,,
0,9,2,0,,,,,,,,
39,9,2,2,2414,2861,2898,3984,1821,1286,,
27,9,3,1,3863,1277,2971,2269,1479,2047,,
0,9,3,0,,,,,,,,
0,9,3,0,,,,,,,,
0,9,4,0,,,,,,,,
0,9,4,0,,,,,,,,
13,9,4,2,3662,3100,2984,3391,1345,2386,,
23,9,5,1,3058,1835,1293,1547,1565,1749,,
0,9,5,0,,,,,,,,
0,9,5,0,,,,,,,,
0,9,6,0,,,,,,,,
0,9,6,0,,,,,,,,
15,9,6,2,2290,2275,2125,2290,858,2068,,
2,9,7,1,1714,1926,2227,2455,1426,2487,,
0,9,7,0,,,,,,,,
0,9,7,0,,,,,,,,
0,9,8,0,,,,,,,,
0,9,8,0,,,,,,,,
29,9,8,2,1707,1781,3083,1543,2075,3760,,
36,9,9,1,1498,1389,88,2666,1790,1170,,
0,9,9,0,,,,,,,,
0,9,9,0,,,,,,,,
0,9,10,0,,,,,,,,
0,9,10,0,,,,,,,,
21,9,10,2,1773,,1420,2392,3205,1562,,
18,9,11,1,3559,3910,1848,1571,1172,1355,,
0,9,11,0,,,,,,,,
0,9,11,0,,,,,,,,
0,9,12,0,,,,,,,,
11,9,12,2,2256,3982,2201,2715,1585,1118,,
0,9,12,0,,,,,,,,
41,9,13,1,1434,127,1976,5605,1551,159,,
0,9,13,0,,,,,,,,
0,9,13,0,,,,,,,,
0,9,14,0,,,,,,,,
42,9,14,2,2509,1155,1685,1944,2186,1598,,
0,9,14,0,,,,,,,,
38,9,15,1,1357,2126,1293,1378,1068,1094,,
0,9,15,0,,,,,,,,
0,9,15,0,,,,,,,,
0,9,16,0,,,,,,,,
33,9,16,2,2209,2312,2477,1141,1038,1582,,
0,9,16,0,,,,,,,,
32,9,17,1,1080,2827,2770,2773,1812,2280,,
0,9,17,0,,,,,,,,
0,9,17,0,,,,,,,,
0,9,18,0,,,,,,,,
4,9,18,2,2578,1661,3555,2429,1713,1716,,
0,9,18,0,,,,,,,,
10,9,19,1,2123,2068,2688,1151,1578,201,,
0,9,19,0,,,,,,,,
0,9,19,0,,,,,,,,
0,9,20,0,,,,,,,,
25,9,20,2,2649,1943,3348,2578,1395,2230,,
0,9,20,0,,,,,,,,
6,9,21,1,2619,1353,1754,2100,1188,886,,
0,9,21,0,,,,,,,,
0,9,21,0,,,,,,,,
0,9,22,0,,,,,,,,
9,9,22,2,1980,2985,2821,2432,1987,2125,,
0,9,22,0,,,,,,,,
35,9,23,1,2202,2558,2014,1462,1288,2647,,
0,9,23,0,,,,,,,,
0,9,23,0,,,,,,,,
0,9,24,0,,,,,,,,
26,9,24,2,3105,1923,2320,2897,1139,2366,,
0,9,24,0,,,,,,,,
19,9,25,1,2223,573,1548,2664,1603,1581,,
0,9,25,0,,,,,,,,
0,9,25,0,,,,,,,,
0,9,26,0,,,,,,,,
43,9,26,2,3093,3414,2282,2109,1991,2150,,
0,9,26,0,,,,,,,,
34,9,27,1,1765,2871,2171,2783,1374,1894,,
0,9,27,0,,,,,,,,
0,9,27,0,,,,,,,,
0,9,28,0,,,,,,,,
12,9,28,2,2942,1766,3365,3137,1526,2524,,
0,9,28,0,,,,,,,,
31,9,29,1,2166,2988,3279,1828,1475,1837,,
0,9,29,0,,,,,,,,
0,9,29,0,,,,,,,,
0,9,30,0,,,,,,,,
1,9,30,2,3447,2146,2279,2407,2398,2783,,
0,9,30,0,,,,,,,,
5,9,31,1,1345,3165,2128,1345,1491,1168,,
0,9,31,0,,,,,,,,
0,9,31,0,,,,,,,,
0,9,32,0,,,,,,,,
17,9,32,2,1464,2770,3076,2437,1231,1039,,
0,9,32,0,,,,,,,,
19,10,1,1,2111,2137,1696,2979,1620,1362,,
0,10,1,0,,,,,,,,
0,10,1,0,,,,,,,,
0,10,2,0,,,,,,,,
0,10,2,0,,,,,,,,
24,10,2,2,2252,1979,1546,2111,2165,1717,,
14,10,3,1,3121,1465,2022,298,1063,1657,,
0,10,3,0,,,,,,,,
0,10,3,0,,,,,,,,
0,10,4,0,,,,,,,,
0,10,4,0,,,,,,,,
17,10,4,2,1798,3322,211,1939,1405,1729,,
8,10,5,1,2518,1608,1515,1578,818,1053,,
0,10,5,0,,,,,,,,
0,10,5,0,,,,,,,,
0,10,6,0,,,,,,,,
0,10,6,0,,,,,,,,
29,10,6,2,1554,1848,2591,298,1696,869,,
36,10,7,1,2080,1694,1772,1930,1020,719,,
0,10,7,0,,,,,,,,
0,10,7,0,,,,,,,,
0,10,8,0,,,,,,,,
0,10,8,0,,,,,,,,
26,10,8,2,1000,2212,2287,1350,1706,1255,,
41,10,9,1,1038,2541,1479,1235,1027,876,,
0,10,9,0,,,,,,,,
0,10,9,0,,,,,,,,
0,10,10,0,,,,,,,,
0,10,10,0,,,,,,,,
3,10,10,2,,133,1475,1165,1738,1437,,
13,10,11,1,2132,1927,1808,790,666,833,,
0,10,11,0,,,,,,,,
0,10,11,0,,,,,,,,
0,10,12,0,,,,,,,,
21,10,12,2,1338,2740,1502,2303,1650,920,,
0,10,12,0,,,,,,,,
34,10,13,1,2311,1281,1906,2163,1801,768,,
0,10,13,0,,,,,,,,
0,10,13,0,,,,,,,,
0,10,14,0,,,,,,,,
7,10,14,2,1997,1113,2445,1424,1490,1132,,
0,10,14,0,,,,,,,,
39,10,15,1,1438,1847,1745,2348,1718,940,,
0,10,15,0,,,,,,,,
0,10,15,0,,,,,,,,
0,10,16,0,,,,,,,,
35,10,16,2,2088,2629,2701,1176,1303,813,,
0,10,16,0,,,,,,,,
40,10,17,1,1899,1679,1788,1002,770,636,,
0,10,17,0,,,,,,,,
0,10,17,0,,,,,,,,
0,10,18,0,,,,,,,,
16,10,18,2,1458,2012,2783,1536,1228,2165,,
0,10,18,0,,,,,,,,
6,10,19,1,2089,3250,1847,1860,1676,1689,,
0,10,19,0,,,,,,,,
0,10,19,0,,,,,,,,
0,10,20,0,,,,,,,,
5,10,20,2,3164,793,1812,2956,578,1107,,
0,10,20,0,,,,,,,,
28,10,21,1,1807,1217,1135,1480,1341,873,,
0,10,21,0,,,,,,,,
0,10,21,0,,,,,,,,
0,10,22,0,,,,,,,,
11,10,22,2,1422,1867,1438,1165,1907,960,,
0,10,22,0,,,,,,,,
22,10,23,1,1939,1491,1758,1139,1464,1138,,
0,10,23,0,,,,,,,,
0,10,23,0,,,,,,,,
0,10,24,0,,,,,,,,
12,10,24,2,2029,1359,1267,2089,862,818,,
0,10,24,0,,,,,,,,
23,10,25,1,2222,1802,2522,2371,1215,1274,,
0,10,25,0,,,,,,,,
0,10,25,0,,,,,,,,
0,10,26,0,,,,,,,,
33,10,26,2,1254,1209,2251,924,1332,1134,,
0,10,26,0,,,,,,,,
32,10,27,1,2537,2133,1961,1852,1168,1519,,
0,10,27,0,,,,,,,,
0,10,27,0,,,,,,,,
0,10,28,0,,,,,,,,
38,10,28,2,2034,1958,3031,2317,869,1951,,
0,10,28,0,,,,,,,,
1,10,29,1,2452,2566,1981,2193,1594,1684,,
0,10,29,0,,,,,,,,
0,10,29,0,,,,,,,,
0,10,30,0,,,,,,,,
31,10,30,2,2058,1944,1349,1948,1417,2532,,
0,10,30,0,,,,,,,,
2,10,31,1,2496,3319,468,1495,1792,1492,,
0,10,31,0,,,,,,,,
0,10,31,0,,,,,,,,
0,10,32,0,,,,,,,,
10,10,32,2,1702,2373,1598,1636,1109,1254,,
0,10,32,0,,,,,,,,
3,11,1,1,2789,1270,130,1051,423,916,,
0,11,1,0,,,,,,,,
0,11,1,0,,,,,,,,
0,11,2,0,,,,,,,,
0,11,2,0,,,,,,,,
11,11,2,2,1161,1848,2017,3175,471,634,,
36,11,3,1,711,544,832,704,481,1526,,
0,11,3,0,,,,,,,,
0,11,3,0,,,,,,,,
0,11,4,0,,,,,,,,
0,11,4,0,,,,,,,,
38,11,4,2,589,2804,1733,1564,786,441,,
27,11,5,1,597,932,242,393,694,747,,
0,11,5,0,,,,,,,,
0,11,5,0,,,,,,,,
0,11,6,0,,,,,,,,
0,11,6,0,,,,,,,,
40,11,6,2,1186,736,1662,684,1105,521,,
7,11,7,1,979,109,827,1435,860,993,,
0,11,7,0,,,,,,,,
0,11,7,0,,,,,,,,
0,11,8,0,,,,,,,,
0,11,8,0,,,,,,,,
1,11,8,2,1307,1600,643,1512,1712,1718,,
16,11,9,1,564,1025,969,1916,1957,1390,,
0,11,9,0,,,,,,,,
0,11,9,0,,,,,,,,
0,11,10,0,,,,,,,,
0,11,10,0,,,,,,,,
25,11,10,2,806,1329,903,928,132,559,,
13,11,11,1,865,1930,1687,1046,152,685,,
0,11,11,0,,,,,,,,
0,11,11,0,,,,,,,,
0,11,12,0,,,,,,,,
15,11,12,2,551,898,1374,743,921,561,,
0,11,12,0,,,,,,,,
31,11,13,1,1106,665,1006,780,1431,649,,
0,11,13,0,,,,,,,,
0,11,13,0,,,,,,,,
0,11,14,0,,,,,,,,
32,11,14,2,439,619,847,869,744,499,,
0,11,14,0,,,,,,,,
21,11,15,1,764,1232,936,1000,685,821,,
0,11,15,0,,,,,,,,
0,11,15,0,,,,,,,,
0,11,16,0,,,,,,,,
20,11,16,2,1490,935,345,305,637,846,,
0,11,16,0,,,,,,,,
9,11,17,1,1726,1707,1684,989,858,937,,
0,11,17,0,,,,,,,,
0,11,17,0,,,,,,,,
0,11,18,0,,,,,,,,
5,11,18,2,998,114,2286,261,1401,1443,,
0,11,18,0,,,,,,,,
10,11,19,1,938,2439,1339,754,1088,1267,,
0,11,19,0,,,,,,,,
0,11,19,0,,,,,,,,
0,11,20,0,,,,,,,,
42,11,20,2,957,1537,2406,1864,865,479,,
0,11,20,0,,,,,,,,
19,11,21,1,1220,813,1439,839,620,707,,
0,11,21,0,,,,,,,,
0,11,21,0,,,,,,,,
0,11,22,0,,,,,,,,
6,11,22,2,1102,1580,1096,1066,942,152,,
0,11,22,0,,,,,,,,
34,11,23,1,979,761,689,135,819,966,,
0,11,23,0,,,,,,,,
0,11,23,0,,,,,,,,
0,11,24,0,,,,,,,,
14,11,24,2,1061,1541,1475,2417,1294,479,,
0,11,24,0,,,,,,,,
23,11,25,1,1231,1357,235,935,795,856,,
0,11,25,0,,,,,,,,
0,11,25,0,,,,,,,,
0,11,26,0,,,,,,,,
35,11,26,2,346,507,689,1227,1455,434,,
0,11,26,0,,,,,,,,
30,11,27,1,673,900,688,1024,686,729,,
0,11,27,0,,,,,,,,
0,11,27,0,,,,,,,,
0,11,28,0,,,,,,,,
29,11,28,2,1329,920,1809,928,495,1138,,
0,11,28,0,,,,,,,,
24,11,29,1,1239,330,402,1303,1215,731,,
0,11,29,0,,,,,,,,
0,11,29,0,,,,,,,,
0,11,30,0,,,,,,,,
18,11,30,2,2056,1656,198,589,1111,669,,
0,11,30,0,,,,,,,,
33,11,31,1,845,1543,1736,1163,128,727,,
0,11,31,0,,,,,,,,
0,11,31,0,,,,,,,,
0,11,32,0,,,,,,,,
22,11,32,2,410,532,137,292,1047,449,,
0,11,32,0,,,,,,,,
1,12,1,1,2284,2064,109,1496,1238,1073,,
0,12,1,0,,,,,,,,
0,12,1,0,,,,,,,,
0,12,2,0,,,,,,,,
0,12,2,0,,,,,,,,
30,12,2,2,1392,3288,1377,1122,1219,1420,,
34,12,3,1,1335,1118,1056,1244,811,1148,,
0,12,3,0,,,,,,,,
0,12,3,0,,,,,,,,
0,12,4,0,,,,,,,,
0,12,4,0,,,,,,,,
23,12,4,2,1033,1766,1343,2024,1017,1114,,
20,12,5,1,2273,2048,2678,804,1181,1185,,
0,12,5,0,,,,,,,,
0,12,5,0,,,,,,,,
0,12,6,0,,,,,,,,
0,12,6,0,,,,,,,,
38,12,6,2,1018,1184,1634,1562,1861,581,,
11,12,7,1,1623,1324,1435,1566,1440,1454,,
0,12,7,0,,,,,,,,
0,12,7,0,,,,,,,,
0,12,8,0,,,,,,,,
0,12,8,0,,,,,,,,
25,12,8,2,1489,1216,894,926,1077,1522,,
16,12,9,1,862,1620,925,1352,1310,1481,,
0,12,9,0,,,,,,,,
0,12,9,0,,,,,,,,
0,12,10,0,,,,,,,,
0,12,10,0,,,,,,,,
7,12,10,2,1526,1153,1359,1221,1325,2124,,
42,12,11,1,1401,3369,2619,1048,786,806,,
0,12,11,0,,,,,,,,
0,12,11,0,,,,,,,,
0,12,12,0,,,,,,,,
6,12,12,2,1105,1713,1272,2129,1541,1135,,
0,12,12,0,,,,,,,,
10,12,13,1,1575,1126,1535,1534,1136,1129,,
0,12,13,0,,,,,,,,
0,12,13,0,,,,,,,,
0,12,14,0,,,,,,,,
27,12,14,2,1148,1201,1503,268,1065,2193,,
0,12,14,0,,,,,,,,
18,12,15,1,1606,1746,1448,1468,1558,1922,,
0,12,15,0,,,,,,,,
0,12,15,0,,,,,,,,
0,12,16,0,,,,,,,,
22,12,16,2,2353,1367,2559,828,1550,860,,
0,12,16,0,,,,,,,,
32,12,17,1,2946,3119,2187,1018,899,1104,,
0,12,17,0,,,,,,,,
0,12,17,0,,,,,,,,
0,12,18,0,,,,,,,,
28,12,18,2,1044,2074,1459,1494,975,1293,,
0,12,18,0,,,,,,,,
41,12,19,1,1779,1835,1106,931,1359,1693,,
0,12,19,0,,,,,,,,
0,12,19,0,,,,,,,,
0,12,20,0,,,,,,,,
15,12,20,2,2180,1935,1380,1055,1102,1103,,
0,12,20,0,,,,,,,,
37,12,21,1,2488,822,852,1181,860,915,,
0,12,21,0,,,,,,,,
0,12,21,0,,,,,,,,
0,12,22,0,,,,,,,,
3,12,22,2,1424,2702,1783,1159,836,1449,,
0,12,22,0,,,,,,,,
36,12,23,1,1328,975,1521,915,705,1035,,
0,12,23,0,,,,,,,,
0,12,23,0,,,,,,,,
0,12,24,0,,,,,,,,
14,12,24,2,1923,1166,1647,2339,713,1428,,
0,12,24,0,,,,,,,,
9,12,25,1,1671,1793,1443,1256,940,1709,,
0,12,25,0,,,,,,,,
0,12,25,0,,,,,,,,
0,12,26,0,,,,,,,,
13,12,26,2,1810,2026,440,1289,1135,,,
0,12,26,0,,,,,,,,
19,12,27,1,2469,2166,1525,1554,1020,1330,,
0,12,27,0,,,,,,,,
0,12,27,0,,,,,,,,
0,12,28,0,,,,,,,,
5,12,28,2,1377,1767,1868,1937,2094,2304,,
0,12,28,0,,,,,,,,
4,12,29,1,1984,1786,2070,1847,455,837,,
0,12,29,0,,,,,,,,
0,12,29,0,,,,,,,,
0,12,30,0,,,,,,,,
40,12,30,2,2163,1609,1760,2948,807,1103,,
0,12,30,0,,,,,,,,
33,12,31,1,1275,1460,1071,586,945,1142,,
0,12,31,0,,,,,,,,
0,12,31,0,,,,,,,,
0,12,32,0,,,,,,,,
29,12,32,2,1863,527,1801,1567,1028,832,,
0,12,32,0,,,,,,,,
16,13,1,1,1687,2098,1414,1962,1439,1286,,
0,13,1,0,,,,,,,,
0,13,1,0,,,,,,,,
0,13,2,0,,,,,,,,
0,13,2,0,,,,,,,,
27,13,2,2,1882,2200,2215,2221,1906,1110,,
39,13,3,1,1972,1438,1831,3183,1291,1711,,
0,13,3,0,,,,,,,,
0,13,3,0,,,,,,,,
0,13,4,0,,,,,,,,
0,13,4,0,,,,,,,,
34,13,4,2,1717,2958,1934,2958,1644,1393,,
3,13,5,1,2577,1637,428,1360,1148,1107,,
0,13,5,0,,,,,,,,
0,13,5,0,,,,,,,,
0,13,6,0,,,,,,,,
0,13,6,0,,,,,,,,
8,13,6,2,1411,1911,1770,1418,1294,1350,,
24,13,7,1,1512,1694,2008,1464,1060,1487,,
0,13,7,0,,,,,,,,
0,13,7,0,,,,,,,,
0,13,8,0,,,,,,,,
0,13,8,0,,,,,,,,
5,13,8,2,3762,1692,1634,1692,1839,2083,,
13,13,9,1,1616,2263,2438,1602,1247,1458,,
0,13,9,0,,,,,,,,
0,13,9,0,,,,,,,,
0,13,10,0,,,,,,,,
0,13,10,0,,,,,,,,
37,13,10,2,1007,1650,1374,1763,1149,1508,,
1,13,11,1,1292,2555,1835,1553,925,1737,,
0,13,11,0,,,,,,,,
0,13,11,0,,,,,,,,
0,13,12,0,,,,,,,,
2,13,12,2,1398,3220,440,2159,1253,854,,
0,13,12,0,,,,,,,,
36,13,13,1,2385,2113,3418,2213,2426,1346,,
0,13,13,0,,,,,,,,
0,13,13,0,,,,,,,,
0,13,14,0,,,,,,,,
10,13,14,2,1447,1104,2142,1752,1389,862,,
0,13,14,0,,,,,,,,
19,13,15,1,1019,1447,1619,2081,1569,1376,,
0,13,15,0,,,,,,,,
0,13,15,0,,,,,,,,
0,13,16,0,,,,,,,,
18,13,16,2,1894,2212,707,1639,1062,1176,,
0,13,16,0,,,,,,,,
12,13,17,1,2010,2219,540,1387,1117,1714,,
0,13,17,0,,,,,,,,
0,13,17,0,,,,,,,,
0,13,18,0,,,,,,,,
30,13,18,2,2058,2406,1258,1326,1195,1525,,
0,13,18,0,,,,,,,,
23,13,19,1,4200,1742,2149,1381,1468,2022,,
0,13,19,0,,,,,,,,
0,13,19,0,,,,,,,,
0,13,20,0,,,,,,,,
43,13,20,2,1684,1895,2664,2668,1251,1921,,
0,13,20,0,,,,,,,,
33,13,21,1,1627,1904,2012,2660,1870,1272,,
0,13,21,0,,,,,,,,
0,13,21,0,,,,,,,,
0,13,22,0,,,,,,,,
20,13,22,2,2028,1833,1961,1191,1679,1200,,
0,13,22,0,,,,,,,,
29,13,23,1,1417,2106,1660,2068,1614,1710,,
0,13,23,0,,,,,,,,
0,13,23,0,,,,,,,,
0,13,24,0,,,,,,,,
32,13,24,2,2085,409,1885,1889,949,1317,,
0,13,24,0,,,,,,,,
42,13,25,1,2089,1956,3276,1613,1078,1368,,
0,13,25,0,,,,,,,,
0,13,25,0,,,,,,,,
0,13,26,0,,,,,,,,
15,13,26,2,2438,1457,1688,1505,2741,1567,,
0,13,26,0,,,,,,,,
41,13,27,1,1605,2112,1941,2424,1344,1858,,
0,13,27,0,,,,,,,,
0,13,27,0,,,,,,,,
0,13,28,0,,,,,,,,
21,13,28,2,1819,1449,1932,1564,1148,2589,,
0,13,28,0,,,,,,,,
31,13,29,1,1692,2351,1845,1695,1659,1255,,
0,13,29,0,,,,,,,,
0,13,29,0,,,,,,,,
0,13,30,0,,,,,,,,
22,13,30,2,3277,2269,1970,1737,1368,1853,,
0,13,30,0,,,,,,,,
26,13,31,1,1789,1891,1947,837,1644,1933,,
0,13,31,0,,,,,,,,
0,13,31,0,,,,,,,,
0,13,32,0,,,,,,,,
11,13,32,2,1222,1825,1600,1424,1601,919,,
0,13,32,0,,,,,,,,
26,14,1,1,4940,3549,3380,2762,1866,2060,,
0,14,1,0,,,,,,,,
0,14,1,0,,,,,,,,
0,14,2,0,,,,,,,,
0,14,2,0,,,,,,,,
39,14,2,2,3373,572,2104,3198,2063,1148,,
33,14,3,1,2398,1506,2510,2249,4700,2436,,
0,14,3,0,,,,,,,,
0,14,3,0,,,,,,,,
0,14,4,0,,,,,,,,
0,14,4,0,,,,,,,,
7,14,4,2,3586,893,2170,2294,2421,1547,,
5,14,5,1,2842,2175,2007,1677,1818,1345,,
0,14,5,0,,,,,,,,
0,14,5,0,,,,,,,,
0,14,6,0,,,,,,,,
0,14,6,0,,,,,,,,
28,14,6,2,1826,2215,338,1855,2468,1519,,
31,14,7,1,3987,2866,3107,2355,1702,1788,,
0,14,7,0,,,,,,,,
0,14,7,0,,,,,,,,
0,14,8,0,,,,,,,,
0,14,8,0,,,,,,,,
11,14,8,2,234,,,,,156,,
24,14,9,1,3974,3081,1632,1924,1954,247,,
0,14,9,0,,,,,,,,
0,14,9,0,,,,,,,,
0,14,10,0,,,,,,,,
0,14,10,0,,,,,,,,
19,14,10,2,628,175,2346,1663,2206,1320,,
38,14,11,1,3214,3448,169,2094,1314,1756,,
0,14,11,0,,,,,,,,
0,14,11,0,,,,,,,,
0,14,12,0,,,,,,,,
41,14,12,2,2304,2844,1924,2892,2060,954,,
0,14,12,0,,,,,,,,
9,14,13,1,5209,2902,2413,3273,2145,1470,,
0,14,13,0,,,,,,,,
0,14,13,0,,,,,,,,
0,14,14,0,,,,,,,,
21,14,14,2,2562,1334,790,1871,2182,1481,,
0,14,14,0,,,,,,,,
22,14,15,1,3839,2738,2745,2335,1330,2707,,
0,14,15,0,,,,,,,,
0,14,15,0,,,,,,,,
0,14,16,0,,,,,,,,
2,14,16,2,2965,3613,4416,1794,1592,1617,,
0,14,16,0,,,,,,,,
4,14,17,1,2674,181,2600,1498,1757,3002,,
0,14,17,0,,,,,,,,
0,14,17,0,,,,,,,,
0,14,18,0,,,,,,,,
23,14,18,2,3414,3662,2281,2292,3335,1703,,
0,14,18,0,,,,,,,,
18,14,19,1,4646,3125,2668,1608,1623,2483,,
0,14,19,0,,,,,,,,
0,14,19,0,,,,,,,,
0,14,20,0,,,,,,,,
42,14,20,2,2855,340,3126,2250,1193,1330,,
0,14,20,0,,,,,,,,
3,14,21,1,2785,1796,2277,3514,1721,1983,,
0,14,21,0,,,,,,,,
0,14,21,0,,,,,,,,
0,14,22,0,,,,,,,,
17,14,22,2,4112,3687,1734,2489,2669,2491,,
0,14,22,0,,,,,,,,
35,14,23,1,2775,2793,1164,1860,1563,1783,,
0,14,23,0,,,,,,,,
0,14,23,0,,,,,,,,
0,14,24,0,,,,,,,,
16,14,24,2,4013,387,1531,2897,1266,2627,,
0,14,24,0,,,,,,,,
10,14,25,1,5928,2079,2157,2691,1342,2142,,
0,14,25,0,,,,,,,,
0,14,25,0,,,,,,,,
0,14,26,0,,,,,,,,
30,14,26,2,2348,1877,2053,1544,2352,1756,,
0,14,26,0,,,,,,,,
37,14,27,1,2441,2376,1419,1641,1563,1178,,
0,14,27,0,,,,,,,,
0,14,27,0,,,,,,,,
0,14,28,0,,,,,,,,
1,14,28,2,5533,2325,3069,2540,1822,3420,,
0,14,28,0,,,,,,,,
13,14,29,1,3394,3478,4159,2846,2888,1645,,
0,14,29,0,,,,,,,,
0,14,29,0,,,,,,,,
0,14,30,0,,,,,,,,
36,14,30,2,3349,2594,2842,3569,2521,2060,,
0,14,30,0,,,,,,,,
14,14,31,1,242,,,,164,243,,
0,14,31,0,,,,,,,,
0,14,31,0,,,,,,,,
0,14,32,0,,,,,,,,
15,14,32,2,2094,205,677,2374,2008,973,,
0,14,32,0,,,,,,,,
16,15,1,1,1143,1261,138,869,1067,1152,,
0,15,1,0,,,,,,,,
0,15,1,0,,,,,,,,
0,15,2,0,,,,,,,,
0,15,2,0,,,,,,,,
3,15,2,2,1625,1874,2138,1666,1437,921,,
36,15,3,1,1968,944,1507,1048,679,1346,,
0,15,3,0,,,,,,,,
0,15,3,0,,,,,,,,
0,15,4,0,,,,,,,,
0,15,4,0,,,,,,,,
7,15,4,2,1114,2130,1047,1581,1103,1368,,
28,15,5,1,2818,1363,263,1000,644,927,,
0,15,5,0,,,,,,,,
0,15,5,0,,,,,,,,
0,15,6,0,,,,,,,,
0,15,6,0,,,,,,,,
12,15,6,2,725,1191,1185,873,1114,1291,,
18,15,7,1,1867,1525,1293,892,589,1256,,
0,15,7,0,,,,,,,,
0,15,7,0,,,,,,,,
0,15,8,0,,,,,,,,
0,15,8,0,,,,,,,,
24,15,8,2,656,828,760,788,1466,1420,,
1,15,9,1,1014,1198,1050,1227,1282,1472,,
0,15,9,0,,,,,,,,
0,15,9,0,,,,,,,,
0,15,10,0,,,,,,,,
0,15,10,0,,,,,,,,
9,15,10,2,1539,1321,753,1154,1479,1055,,
22,15,11,1,1370,1229,1459,753,802,1460,,
0,15,11,0,,,,,,,,
0,15,11,0,,,,,,,,
0,15,12,0,,,,,,,,
30,15,12,2,857,1503,1412,1090,1187,471,,
0,15,12,0,,,,,,,,
31,15,13,1,1296,1176,1421,1010,1797,860,,
0,15,13,0,,,,,,,,
0,15,13,0,,,,,,,,
0,15,14,0,,,,,,,,
40,15,14,2,269,170,1431,329,,126,,
0,15,14,0,,,,,,,,
11,15,15,1,985,1047,1255,1235,1160,1711,,
0,15,15,0,,,,,,,,
0,15,15,0,,,,,,,,
0,15,16,0,,,,,,,,
27,15,16,2,905,1135,2029,941,813,1105,,
0,15,16,0,,,,,,,,
20,15,17,1,1073,1127,1064,833,969,1681,,
0,15,17,0,,,,,,,,
0,15,17,0,,,,,,,,
0,15,18,0,,,,,,,,
26,15,18,2,991,1742,1346,1056,939,1359,,
0,15,18,0,,,,,,,,
6,15,19,1,1148,1865,2956,1126,1398,1689,,
0,15,19,0,,,,,,,,
0,15,19,0,,,,,,,,
0,15,20,0,,,,,,,,
33,15,20,2,1181,1340,162,1252,1026,1613,,
0,15,20,0,,,,,,,,
39,15,21,1,1501,1025,1170,163,1361,894,,
0,15,21,0,,,,,,,,
0,15,21,0,,,,,,,,
0,15,22,0,,,,,,,,
41,15,22,2,2495,2760,1375,1284,1536,1340,,
0,15,22,0,,,,,,,,
42,15,23,1,1856,1565,1691,1137,712,1411,,
0,15,23,0,,,,,,,,
0,15,23,0,,,,,,,,
0,15,24,0,,,,,,,,
35,15,24,2,1118,712,1415,1226,563,1278,,
0,15,24,0,,,,,,,,
32,15,25,1,655,954,857,972,762,1837,,
0,15,25,0,,,,,,,,
0,15,25,0,,,,,,,,
0,15,26,0,,,,,,,,
21,15,26,2,1254,1029,1164,893,1376,2605,,
0,15,26,0,,,,,,,,
38,15,27,1,1990,907,1506,1559,,742,,
0,15,27,0,,,,,,,,
0,15,27,0,,,,,,,,
0,15,28,0,,,,,,,,
5,15,28,2,1967,389,1849,1790,1282,1516,,
0,15,28,0,,,,,,,,
34,15,29,1,2627,1494,1416,1094,1356,1489,,
0,15,29,0,,,,,,,,
0,15,29,0,,,,,,,,
0,15,30,0,,,,,,,,
14,15,30,2,1557,2220,1708,1646,1629,2364,,
0,15,30,0,,,,,,,,
23,15,31,1,1477,1414,2263,819,1145,1363,,
0,15,31,0,,,,,,,,
0,15,31,0,,,,,,,,
0,15,32,0,,,,,,,,
15,15,32,2,831,1147,897,1761,1514,672,,
0,15,32,0,,,,,,,,
40,16,1,1,1061,1414,638,1140,874,1187,,
0,16,1,0,,,,,,,,
0,16,1,0,,,,,,,,
0,16,2,0,,,,,,,,
0,16,2,0,,,,,,,,
14,16,2,2,1224,1029,1637,161,1365,464,,
25,16,3,1,1205,825,849,870,702,877,,
0,16,3,0,,,,,,,,
0,16,3,0,,,,,,,,
0,16,4,0,,,,,,,,
0,16,4,0,,,,,,,,
28,16,4,2,1053,1265,1402,1257,801,730,,
23,16,5,1,680,653,428,802,741,784,,
0,16,5,0,,,,,,,,
0,16,5,0,,,,,,,,
0,16,6,0,,,,,,,,
0,16,6,0,,,,,,,,
6,16,6,2,1181,1244,1108,1063,929,1163,,
1,16,7,1,1525,889,841,920,1118,1892,,
0,16,7,0,,,,,,,,
0,16,7,0,,,,,,,,
0,16,8,0,,,,,,,,
0,16,8,0,,,,,,,,
33,16,8,2,725,1155,1052,921,1097,1019,,
37,16,9,1,1021,1150,1011,992,897,605,,
0,16,9,0,,,,,,,,
0,16,9,0,,,,,,,,
0,16,10,0,,,,,,,,
0,16,10,0,,,,,,,,
35,16,10,2,1064,1807,1719,1947,1326,918,,
42,16,11,1,1262,2598,2153,1492,838,751,,
0,16,11,0,,,,,,,,
0,16,11,0,,,,,,,,
0,16,12,0,,,,,,,,
17,16,12,2,680,947,894,1072,1348,686,,
0,16,12,0,,,,,,,,
19,16,13,1,1007,673,1063,930,867,1041,,
0,16,13,0,,,,,,,,
0,16,13,0,,,,,,,,
0,16,14,0,,,,,,,,
31,16,14,2,734,571,1192,1188,1049,852,,
0,16,14,0,,,,,,,,
27,16,15,1,595,736,884,874,736,838,,
0,16,15,0,,,,,,,,
0,16,15,0,,,,,,,,
0,16,16,0,,,,,,,,
10,16,16,2,1133,649,2889,794,745,864,,
0,16,16,0,,,,,,,,
4,16,17,1,962,1181,1320,1039,1015,1709,,
0,16,17,0,,,,,,,,
0,16,17,0,,,,,,,,
0,16,18,0,,,,,,,,
22,16,18,2,861,832,939,133,953,1100,,
0,16,18,0,,,,,,,,
18,16,19,1,901,1164,1206,246,1000,1537,,
0,16,19,0,,,,,,,,
0,16,19,0,,,,,,,,
0,16,20,0,,,,,,,,
30,16,20,2,1443,1140,1768,945,859,507,,
0,16,20,0,,,,,,,,
9,16,21,1,1179,1010,870,1333,753,871,,
0,16,21,0,,,,,,,,
0,16,21,0,,,,,,,,
0,16,22,0,,,,,,,,
32,16,22,2,615,948,299,1060,832,704,,
0,16,22,0,,,,,,,,
13,16,23,1,967,863,1000,982,744,690,,
0,16,23,0,,,,,,,,
0,16,23,0,,,,,,,,
0,16,24,0,,,,,,,,
3,16,24,2,1479,1135,1352,1491,768,1486,,
0,16,24,0,,,,,,,,
8,16,25,1,1130,1190,1490,1528,975,960,,
0,16,25,0,,,,,,,,
0,16,25,0,,,,,,,,
0,16,26,0,,,,,,,,
21,16,26,2,1099,434,1007,777,1089,846,,
0,16,26,0,,,,,,,,
5,16,27,1,1122,1366,937,2985,1107,1136,,
0,16,27,0,,,,,,,,
0,16,27,0,,,,,,,,
0,16,28,0,,,,,,,,
12,16,28,2,1084,1086,2936,1678,1197,990,,
0,16,28,0,,,,,,,,
11,16,29,1,1562,1265,1849,1322,1133,983,,
0,16,29,0,,,,,,,,
0,16,29,0,,,,,,,,
0,16,30,0,,,,,,,,
20,16,30,2,1292,1426,1300,1234,1023,772,,
0,16,30,0,,,,,,,,
39,16,31,1,615,1289,1005,946,945,546,,
0,16,31,0,,,,,,,,
0,16,31,0,,,,,,,,
0,16,32,0,,,,,,,,
16,16,32,2,851,918,2232,1558,1155,665,,
0,16,32,0,,,,,,,,
41,17,1,1,2403,2386,1185,1369,1368,1385,,
0,17,1,0,,,,,,,,
0,17,1,0,,,,,,,,
0,17,2,0,,,,,,,,
0,17,2,0,,,,,,,,
12,17,2,2,1965,2004,1402,2451,2016,1310,,
23,17,3,1,2710,2026,1849,2411,1777,1607,,
0,17,3,0,,,,,,,,
0,17,3,0,,,,,,,,
0,17,4,0,,,,,,,,
0,17,4,0,,,,,,,,
15,17,4,2,1170,2062,1409,1486,1372,1895,,
1,17,5,1,2325,2030,1692,1917,1275,2519,,
0,17,5,0,,,,,,,,
0,17,5,0,,,,,,,,
0,17,6,0,,,,,,,,
0,17,6,0,,,,,,,,
21,17,6,2,1601,1449,1515,1539,2421,3934,,
30,17,7,1,1597,109,2278,1609,1062,1444,,
0,17,7,0,,,,,,,,
0,17,7,0,,,,,,,,
0,17,8,0,,,,,,,,
0,17,8,0,,,,,,,,
36,17,8,2,1556,1917,996,1441,1582,1456,,
38,17,9,1,1110,1997,993,1368,1260,1304,,
0,17,9,0,,,,,,,,
0,17,9,0,,,,,,,,
0,17,10,0,,,,,,,,
0,17,10,0,,,,,,,,
27,17,10,2,1450,1775,1635,1556,1024,1046,,
8,17,11,1,1623,1740,1613,1579,857,1404,,
0,17,11,0,,,,,,,,
0,17,11,0,,,,,,,,
0,17,12,0,,,,,,,,
26,17,12,2,1417,2012,1492,2148,2214,1664,,
0,17,12,0,,,,,,,,
17,17,13,1,2200,1245,1703,1581,1355,1014,,
0,17,13,0,,,,,,,,
0,17,13,0,,,,,,,,
0,17,14,0,,,,,,,,
7,17,14,2,2116,2085,1224,1689,1887,1313,,
0,17,14,0,,,,,,,,
34,17,15,1,1277,1171,1833,2134,2106,1772,,
0,17,15,0,,,,,,,,
0,17,15,0,,,,,,,,
0,17,16,0,,,,,,,,
3,17,16,2,2207,2031,2807,1518,1180,1248,,
0,17,16,0,,,,,,,,
11,17,17,1,1864,2841,1657,2109,2138,2938,,
0,17,17,0,,,,,,,,
0,17,17,0,,,,,,,,
0,17,18,0,,,,,,,,
35,17,18,2,1452,2079,2613,2014,1727,2696,,
0,17,18,0,,,,,,,,
6,17,19,1,1809,3366,2481,1343,1367,3443,,
0,17,19,0,,,,,,,,
0,17,19,0,,,,,,,,
0,17,20,0,,,,,,,,
14,17,20,2,1972,2136,2007,1928,992,1557,,
0,17,20,0,,,,,,,,
18,17,21,1,2292,1089,2041,1631,1596,1133,,
0,17,21,0,,,,,,,,
0,17,21,0,,,,,,,,
0,17,22,0,,,,,,,,
20,17,22,2,1178,1778,1387,1101,1236,1205,,
0,17,22,0,,,,,,,,
19,17,23,1,2112,1612,1470,1609,1426,2358,,
0,17,23,0,,,,,,,,
0,17,23,0,,,,,,,,
0,17,24,0,,,,,,,,
29,17,24,2,1898,1531,1364,1465,1059,1429,,
0,17,24,0,,,,,,,,
32,17,25,1,1441,1654,1457,1939,970,998,,
0,17,25,0,,,,,,,,
0,17,25,0,,,,,,,,
0,17,26,0,,,,,,,,
40,17,26,2,1504,1279,1350,1258,1162,1373,,
0,17,26,0,,,,,,,,
4,17,27,1,1733,2454,1961,2855,1490,1672,,
0,17,27,0,,,,,,,,
0,17,27,0,,,,,,,,
0,17,28,0,,,,,,,,
33,17,28,2,2443,1093,1416,1574,1291,2235,,
0,17,28,0,,,,,,,,
9,17,29,1,3396,1651,2120,1769,1962,2853,,
0,17,29,0,,,,,,,,
0,17,29,0,,,,,,,,
0,17,30,0,,,,,,,,
5,17,30,2,3117,2192,1976,2420,2201,2959,,
0,17,30,0,,,,,,,,
10,17,31,1,1389,1626,1762,2077,1093,1721,,
0,17,31,0,,,,,,,,
0,17,31,0,,,,,,,,
0,17,32,0,,,,,,,,
25,17,32,2,2190,1969,1675,1369,1017,1242,,
0,17,32,0,,,,,,,,
19,18,1,1,2297,2402,1557,2071,1316,832,,
0,18,1,0,,,,,,,,
0,18,1,0,,,,,,,,
0,18,2,0,,,,,,,,
0,18,2,0,,,,,,,,
12,18,2,0,,,,,,,,
6,18,3,1,2850,2062,1898,1542,1095,1874,,
0,18,3,0,,,,,,,,
0,18,3,0,,,,,,,,
0,18,4,0,,,,,,,,
0,18,4,0,,,,,,,,
22,18,4,2,2955,3246,1287,1421,1348,1403,,
4,18,5,1,2722,1599,1224,1079,750,961,,
0,18,5,0,,,,,,,,
0,18,5,0,,,,,,,,
0,18,6,0,,,,,,,,
0,18,6,0,,,,,,,,
16,18,6,2,1105,1851,1720,1525,1710,842,,
30,18,7,0,,,,,,,,
0,18,7,0,,,,,,,,
0,18,7,0,,,,,,,,
0,18,8,0,,,,,,,,
0,18,8,0,,,,,,,,
13,18,8,2,1653,2316,1342,1112,1336,1739,,
25,18,9,1,1849,1764,1846,967,800,1237,,
0,18,9,0,,,,,,,,
0,18,9,0,,,,,,,,
0,18,10,0,,,,,,,,
0,18,10,0,,,,,,,,
8,18,10,2,1887,2070,2325,1959,1503,2437,,
8,18,11,0,,,,,,,,
0,18,11,0,,,,,,,,
0,18,11,0,,,,,,,,
0,18,12,0,,,,,,,,
26,18,12,0,,,,,,,,
0,18,12,0,,,,,,,,
2,18,13,1,2594,1668,2385,1263,1503,772,,
0,18,13,0,,,,,,,,
0,18,13,0,,,,,,,,
0,18,14,0,,,,,,,,
7,18,14,0,,,,,,,,
0,18,14,0,,,,,,,,
34,18,15,0,,,,,,,,
0,18,15,0,,,,,,,,
0,18,15,0,,,,,,,,
0,18,16,0,,,,,,,,
1,18,16,2,3444,2790,2478,825,913,1035,,
0,18,16,0,,,,,,,,
10,18,17,1,2201,1360,3204,990,1038,1849,,
0,18,17,0,,,,,,,,
0,18,17,0,,,,,,,,
0,18,18,0,,,,,,,,
35,18,18,0,,,,,,,,
0,18,18,0,,,,,,,,
24,18,19,1,2122,2265,2077,918,1304,2024,,
0,18,19,0,,,,,,,,
0,18,19,0,,,,,,,,
0,18,20,0,,,,,,,,
11,18,20,2,3263,3316,316,1590,913,966,,
0,18,20,0,,,,,,,,
3,18,21,1,2339,1248,1426,2135,2255,1092,,
0,18,21,0,,,,,,,,
0,18,21,0,,,,,,,,
0,18,22,0,,,,,,,,
12,18,22,2,2046,1689,1473,1144,2004,1283,,
0,18,22,0,,,,,,,,
19,18,23,0,,,,,,,,
0,18,23,0,,,,,,,,
0,18,23,0,,,,,,,,
0,18,24,0,,,,,,,,
29,18,24,0,,,,,,,,
0,18,24,0,,,,,,,,
32,18,25,0,,,,,,,,
0,18,25,0,,,,,,,,
0,18,25,0,,,,,,,,
0,18,26,0,,,,,,,,
40,18,26,0,,,,,,,,
0,18,26,0,,,,,,,,
4,18,27,0,,,,,,,,
0,18,27,0,,,,,,,,
0,18,27,0,,,,,,,,
0,18,28,0,,,,,,,,
18,18,28,2,1939,1477,2002,2049,1122,2527,,
0,18,28,0,,,,,,,,
27,18,29,1,2713,1915,1394,1230,1176,1544,,
0,18,29,0,,,,,,,,
0,18,29,0,,,,,,,,
0,18,30,0,,,,,,,,
28,18,30,2,2232,2291,1881,1955,1331,2058,,
0,18,30,0,,,,,,,,
21,18,31,1,2317,2096,1807,1543,996,992,,
0,18,31,0,,,,,,,,
0,18,31,0,,,,,,,,
0,18,32,0,,,,,,,,
15,18,32,2,1422,1872,2255,1943,1373,828,,
0,18,32,0,,,,,,,,
42,19,1,1,2165,2660,1441,1415,851,862,,
0,19,1,0,,,,,,,,
0,19,1,0,,,,,,,,
0,19,2,0,,,,,,,,
0,19,2,0,,,,,,,,
2,19,2,2,2402,2110,4358,1174,1167,773,,
36,19,3,1,2172,820,1383,756,736,1387,,
0,19,3,0,,,,,,,,
0,19,3,0,,,,,,,,
0,19,4,0,,,,,,,,
0,19,4,0,,,,,,,,
19,19,4,2,1489,2907,3558,2899,916,1052,,
32,19,5,1,2184,1603,910,1538,599,877,,
0,19,5,0,,,,,,,,
0,19,5,0,,,,,,,,
0,19,6,0,,,,,,,,
0,19,6,0,,,,,,,,
21,19,6,2,1804,1728,1159,323,1078,1350,,
15,19,7,1,2319,1424,773,1371,832,547,,
0,19,7,0,,,,,,,,
0,19,7,0,,,,,,,,
0,19,8,0,,,,,,,,
0,19,8,0,,,,,,,,
40,19,8,2,1105,1210,925,538,1204,177,,
12,19,9,1,1488,1280,1148,599,585,788,,
0,19,9,0,,,,,,,,
0,19,9,0,,,,,,,,
0,19,10,0,,,,,,,,
0,19,10,0,,,,,,,,
10,19,10,2,1068,1392,764,1040,808,1330,,
26,19,11,1,1672,1358,1143,2039,743,916,,
0,19,11,0,,,,,,,,
0,19,11,0,,,,,,,,
0,19,12,0,,,,,,,,
30,19,12,2,1741,1464,995,605,1374,592,,
0,19,12,0,,,,,,,,
38,19,13,1,1662,1448,1618,933,1219,374,,
0,19,13,0,,,,,,,,
0,19,13,0,,,,,,,,
0,19,14,0,,,,,,,,
14,19,14,2,1563,1007,1083,352,987,487,,
0,19,14,0,,,,,,,,
8,19,15,1,2246,2345,1332,1075,1219,915,,
0,19,15,0,,,,,,,,
0,19,15,0,,,,,,,,
0,19,16,0,,,,,,,,
7,19,16,2,1496,2190,2678,1821,1228,629,,
0,19,16,0,,,,,,,,
1,19,17,1,1473,2655,1910,1125,864,1284,,
0,19,17,0,,,,,,,,
0,19,17,0,,,,,,,,
0,19,18,0,,,,,,,,
27,19,18,2,1850,1829,1250,920,849,936,,
0,19,18,0,,,,,,,,
34,19,19,1,1879,1173,1328,609,1510,892,,
0,19,19,0,,,,,,,,
0,19,19,0,,,,,,,,
0,19,20,0,,,,,,,,
17,19,20,2,3473,1807,1676,1972,846,880,,
0,19,20,0,,,,,,,,
31,19,21,1,1272,631,971,1109,1097,2345,,
0,19,21,0,,,,,,,,
0,19,21,0,,,,,,,,
0,19,22,0,,,,,,,,
5,19,22,2,1758,3945,3908,1333,778,2080,,
0,19,22,0,,,,,,,,
4,19,23,1,1646,2263,1339,824,984,827,,
0,19,23,0,,,,,,,,
0,19,23,0,,,,,,,,
0,19,24,0,,,,,,,,
18,19,24,2,1837,1211,911,1501,659,860,,
0,19,24,0,,,,,,,,
39,19,25,1,1609,1398,817,1005,852,1733,,
0,19,25,0,,,,,,,,
0,19,25,0,,,,,,,,
0,19,26,0,,,,,,,,
23,19,26,2,1286,1519,1270,1483,495,475,,
0,19,26,0,,,,,,,,
29,19,27,1,1243,580,1220,1437,1110,1180,,
0,19,27,0,,,,,,,,
0,19,27,0,,,,,,,,
0,19,28,0,,,,,,,,
25,19,28,2,1973,1360,2420,1305,1304,3045,,
0,19,28,0,,,,,,,,
28,19,29,1,1811,1244,1241,1039,829,700,,
0,19,29,0,,,,,,,,
0,19,29,0,,,,,,,,
0,19,30,0,,,,,,,,
35,19,30,2,2987,1258,1635,1418,1189,267,,
0,19,30,0,,,,,,,,
24,19,31,1,1478,3048,1036,1244,1260,952,,
0,19,31,0,,,,,,,,
0,19,31,0,,,,,,,,
0,19,32,0,,,,,,,,
6,19,32,2,1524,1421,723,1044,721,540,,
0,19,32,0,,,,,,,,
1,20,1,1,3324,2390,2203,3126,1475,1882,,
0,20,1,0,,,,,,,,
0,20,1,0,,,,,,,,
0,20,2,0,,,,,,,,
0,20,2,0,,,,,,,,
28,20,2,2,3232,2316,1617,1834,1526,1794,,
41,20,3,1,1983,1748,1191,3193,2014,2499,,
0,20,3,0,,,,,,,,
0,20,3,0,,,,,,,,
0,20,4,0,,,,,,,,
0,20,4,0,,,,,,,,
3,20,4,2,1611,4397,1620,1710,1998,1967,,
32,20,5,1,2471,2302,1375,880,1173,1241,,
0,20,5,0,,,,,,,,
0,20,5,0,,,,,,,,
0,20,6,0,,,,,,,,
0,20,6,0,,,,,,,,
38,20,6,2,1489,3346,1450,1358,1936,1174,,
12,20,7,1,1803,2267,1436,2703,1211,1880,,
0,20,7,0,,,,,,,,
0,20,7,0,,,,,,,,
0,20,8,0,,,,,,,,
0,20,8,0,,,,,,,,
30,20,8,2,1039,2418,856,748,1401,1824,,
24,20,9,1,1377,2304,1941,242,1257,1400,,
0,20,9,0,,,,,,,,
0,20,9,0,,,,,,,,
0,20,10,0,,,,,,,,
0,20,10,0,,,,,,,,
7,20,10,2,1638,1321,361,960,456,1654,,
5,20,11,1,1058,2460,1428,1776,647,969,,
0,20,11,0,,,,,,,,
0,20,11,0,,,,,,,,
0,20,12,0,,,,,,,,
27,20,12,2,1297,2456,2302,3907,337,849,,
0,20,12,0,,,,,,,,
6,20,13,1,2007,1545,1887,2154,2074,1839,,
0,20,13,0,,,,,,,,
0,20,13,0,,,,,,,,
0,20,14,0,,,,,,,,
15,20,14,2,861,1063,2368,2233,2776,969,,
0,20,14,0,,,,,,,,
35,20,15,1,1004,1033,1573,446,1457,1873,,
0,20,15,0,,,,,,,,
0,20,15,0,,,,,,,,
0,20,16,0,,,,,,,,
43,20,16,2,2331,2395,2481,803,767,960,,
0,20,16,0,,,,,,,,
17,20,17,1,1824,2594,2026,997,1207,1252,,
0,20,17,0,,,,,,,,
0,20,17,0,,,,,,,,
0,20,18,0,,,,,,,,
16,20,18,2,662,2688,2415,1957,1793,2690,,
0,20,18,0,,,,,,,,
14,20,19,1,1858,2377,1986,2574,2249,1669,,
0,20,19,0,,,,,,,,
0,20,19,0,,,,,,,,
0,20,20,0,,,,,,,,
23,20,20,2,2007,2625,2260,1844,1073,2244,,
0,20,20,0,,,,,,,,
22,20,21,1,2603,2801,1828,1815,3191,2509,,
0,20,21,0,,,,,,,,
0,20,21,0,,,,,,,,
0,20,22,0,,,,,,,,
26,20,22,2,1444,3258,2955,1161,1313,1331,,
0,20,22,0,,,,,,,,
19,20,23,1,1833,1429,1326,1821,1245,2057,,
0,20,23,0,,,,,,,,
0,20,23,0,,,,,,,,
0,20,24,0,,,,,,,,
36,20,24,2,2090,997,1218,1571,1611,965,,
0,20,24,0,,,,,,,,
10,20,25,1,1761,2314,1862,2180,1536,1468,,
0,20,25,0,,,,,,,,
0,20,25,0,,,,,,,,
0,20,26,0,,,,,,,,
37,20,26,2,2373,1036,3312,1464,1796,1425,,
0,20,26,0,,,,,,,,
21,20,27,1,2286,1865,1297,1975,1357,2817,,
0,20,27,0,,,,,,,,
0,20,27,0,,,,,,,,
0,20,28,0,,,,,,,,
34,20,28,2,2236,1270,3181,1787,1349,145,,
0,20,28,0,,,,,,,,
11,20,29,1,4145,2167,2193,2695,184,2329,,
0,20,29,0,,,,,,,,
0,20,29,0,,,,,,,,
0,20,30,0,,,,,,,,
40,20,30,2,2544,2247,2442,2204,1776,2434,,
0,20,30,0,,,,,,,,
44,20,31,1,1379,2135,2637,1321,1158,2859,,
0,20,31,0,,,,,,,,
0,20,31,0,,,,,,,,
0,20,32,0,,,,,,,,
9,20,32,2,1715,2601,1204,155,1398,935,,
0,20,32,0,,,,,,,,
15,21,1,1,3830,2079,1982,1700,1944,975,,
0,21,1,0,,,,,,,,
0,21,1,0,,,,,,,,
0,21,2,0,,,,,,,,
0,21,2,0,,,,,,,,
9,21,2,2,5331,2234,2711,2003,1944,977,,
27,21,3,1,2197,1457,2248,1750,1987,1444,,
0,21,3,0,,,,,,,,
0,21,3,0,,,,,,,,
0,21,4,0,,,,,,,,
0,21,4,0,,,,,,,,
31,21,4,2,1633,3292,1201,1435,1876,1473,,
12,21,5,1,3174,4572,4440,2531,1188,1408,,
0,21,5,0,,,,,,,,
0,21,5,0,,,,,,,,
0,21,6,0,,,,,,,,
0,21,6,0,,,,,,,,
4,21,6,2,3737,2237,2240,3601,2359,1085,,
22,21,7,1,4740,1826,1236,1940,1605,1556,,
0,21,7,0,,,,,,,,
0,21,7,0,,,,,,,,
0,21,8,0,,,,,,,,
0,21,8,0,,,,,,,,
41,21,8,2,4637,2946,1285,2104,4423,3028,,
36,21,9,1,2867,2981,1428,1434,1479,1002,,
0,21,9,0,,,,,,,,
0,21,9,0,,,,,,,,
0,21,10,0,,,,,,,,
0,21,10,0,,,,,,,,
2,21,10,2,1766,455,3218,481,1210,1344,,
39,21,11,1,3706,4098,2824,1073,1214,1847,,
0,21,11,0,,,,,,,,
0,21,11,0,,,,,,,,
0,21,12,0,,,,,,,,
8,21,12,2,2898,186,2654,2013,1634,904,,
0,21,12,0,,,,,,,,
11,21,13,1,4712,3333,3416,1398,1602,1569,,
0,21,13,0,,,,,,,,
0,21,13,0,,,,,,,,
0,21,14,0,,,,,,,,
20,21,14,2,3138,2058,1689,1706,1773,764,,
0,21,14,0,,,,,,,,
33,21,15,1,4290,4988,1520,1738,1234,1807,,
0,21,15,0,,,,,,,,
0,21,15,0,,,,,,,,
0,21,16,0,,,,,,,,
14,21,16,2,3822,1801,2312,2450,881,1277,,
0,21,16,0,,,,,,,,
34,21,17,1,3596,2579,2920,2167,1383,2073,,
0,21,17,0,,,,,,,,
0,21,17,0,,,,,,,,
0,21,18,0,,,,,,,,
7,21,18,2,2591,2096,2690,2427,1335,1148,,
0,21,18,0,,,,,,,,
40,21,19,1,6098,252,3066,127,1433,1753,,
0,21,19,0,,,,,,,,
0,21,19,0,,,,,,,,
0,21,20,0,,,,,,,,
19,21,20,2,3676,1696,3244,1875,1240,1176,,
0,21,20,0,,,,,,,,
25,21,21,1,2086,2724,2064,3123,1666,1326,,
0,21,21,0,,,,,,,,
0,21,21,0,,,,,,,,
0,21,22,0,,,,,,,,
38,21,22,2,6551,2162,4305,391,1269,1213,,
0,21,22,0,,,,,,,,
29,21,23,1,4778,2214,1155,1104,1034,1087,,
0,21,23,0,,,,,,,,
0,21,23,0,,,,,,,,
0,21,24,0,,,,,,,,
18,21,24,2,3317,2796,1846,2252,956,1099,,
0,21,24,0,,,,,,,,
24,21,25,1,3641,2211,1750,2174,1265,1225,,
0,21,25,0,,,,,,,,
0,21,25,0,,,,,,,,
0,21,26,0,,,,,,,,
35,21,26,2,2556,2754,453,1744,1799,2041,,
0,21,26,0,,,,,,,,
1,21,27,1,3176,2528,1945,1073,1440,1175,,
0,21,27,0,,,,,,,,
0,21,27,0,,,,,,,,
0,21,28,0,,,,,,,,
6,21,28,2,4730,324,1643,3532,1751,1995,,
0,21,28,0,,,,,,,,
26,21,29,1,3467,2188,3369,2997,1881,1723,,
0,21,29,0,,,,,,,,
0,21,29,0,,,,,,,,
0,21,30,0,,,,,,,,
17,21,30,2,2195,2936,1728,1666,1540,1558,,
0,21,30,0,,,,,,,,
21,21,31,1,6229,2182,2265,1988,3019,855,,
0,21,31,0,,,,,,,,
0,21,31,0,,,,,,,,
0,21,32,0,,,,,,,,
30,21,32,2,1905,1961,2532,1548,1007,646,,
0,21,32,0,,,,,,,,
22,22,1,1,3739,4611,1918,3525,5142,3013,,
0,22,1,0,,,,,,,,
0,22,1,0,,,,,,,,
0,22,2,0,,,,,,,,
0,22,2,0,,,,,,,,
2,22,2,2,4610,3998,4176,5173,5663,2341,,
8,22,3,1,5466,2771,4257,4978,2498,3189,,
0,22,3,0,,,,,,,,
0,22,3,0,,,,,,,,
0,22,4,0,,,,,,,,
0,22,4,0,,,,,,,,
20,22,4,2,903,558,2948,5054,3785,3024,,
35,22,5,1,5086,3094,2161,3074,2453,2772,,
0,22,5,0,,,,,,,,
0,22,5,0,,,,,,,,
0,22,6,0,,,,,,,,
0,22,6,0,,,,,,,,
10,22,6,2,3973,3122,3423,4447,4022,3201,,
5,22,7,1,3901,4815,3676,6744,3763,3487,,
0,22,7,0,,,,,,,,
0,22,7,0,,,,,,,,
0,22,8,0,,,,,,,,
0,22,8,0,,,,,,,,
29,22,8,2,2642,3586,3511,3023,4913,2974,,
14,22,9,1,2899,2792,2444,3489,2618,3826,,
0,22,9,0,,,,,,,,
0,22,9,0,,,,,,,,
0,22,10,0,,,,,,,,
0,22,10,0,,,,,,,,
25,22,10,2,2712,379,2458,2480,3547,2547,,
33,22,11,1,3097,4142,2683,2634,2846,2276,,
0,22,11,0,,,,,,,,
0,22,11,0,,,,,,,,
0,22,12,0,,,,,,,,
32,22,12,2,3301,569,2880,5817,2192,218,,
0,22,12,0,,,,,,,,
40,22,13,1,4815,3443,4918,2460,3603,,,
0,22,13,0,,,,,,,,
0,22,13,0,,,,,,,,
0,22,14,0,,,,,,,,
4,22,14,2,2864,758,5469,3844,3703,1484,,
0,22,14,0,,,,,,,,
24,22,15,1,2009,3297,3447,3227,2366,3466,,
0,22,15,0,,,,,,,,
0,22,15,0,,,,,,,,
0,22,16,0,,,,,,,,
42,22,16,2,3214,2846,3459,2144,3090,2352,,
0,22,16,0,,,,,,,,
28,22,17,1,4013,4921,3756,2885,5023,3895,,
0,22,17,0,,,,,,,,
0,22,17,0,,,,,,,,
0,22,18,0,,,,,,,,
1,22,18,2,3471,3807,5352,5012,2592,2878,,
0,22,18,0,,,,,,,,
16,22,19,1,4968,3496,544,7189,5541,4282,,
0,22,19,0,,,,,,,,
0,22,19,0,,,,,,,,
0,22,20,0,,,,,,,,
12,22,20,2,7176,5049,3758,4092,3543,3433,,
0,22,20,0,,,,,,,,
17,22,21,1,,3482,2565,3759,3753,2629,,
0,22,21,0,,,,,,,,
0,22,21,0,,,,,,,,
0,22,22,0,,,,,,,,
19,22,22,2,3483,4021,3335,2705,3602,3351,,
0,22,22,0,,,,,,,,
31,22,23,1,,4088,2386,2997,3600,3496,,
0,22,23,0,,,,,,,,
0,22,23,0,,,,,,,,
0,22,24,0,,,,,,,,
13,22,24,2,5218,2146,2883,4408,2512,4290,,
0,22,24,0,,,,,,,,
27,22,25,1,2457,3809,3714,4965,972,119,,
0,22,25,0,,,,,,,,
0,22,25,0,,,,,,,,
0,22,26,0,,,,,,,,
37,22,26,2,2616,2043,3683,3456,2919,1846,,
0,22,26,0,,,,,,,,
34,22,27,1,3557,3172,2690,4039,1316,3304,,
0,22,27,0,,,,,,,,
0,22,27,0,,,,,,,,
0,22,28,0,,,,,,,,
7,22,28,2,4084,2719,4086,5097,3537,6375,,
0,22,28,0,,,,,,,,
38,22,29,1,5665,2591,3694,3721,2554,4001,,
0,22,29,0,,,,,,,,
0,22,29,0,,,,,,,,
0,22,30,0,,,,,,,,
39,22,30,2,4606,4471,2640,3607,3257,4036,,
0,22,30,0,,,,,,,,
18,22,31,1,5022,3339,3097,3429,3034,2828,,
0,22,31,0,,,,,,,,
0,22,31,0,,,,,,,,
0,22,32,0,,,,,,,,
41,22,32,2,2133,3565,4308,3623,2529,,,
0,22,32,0,,,,,,,,
14,23,1,1,4954,1288,1186,1795,2632,1328,,
0,23,1,0,,,,,,,,
0,23,1,0,,,,,,,,
0,23,2,0,,,,,,,,
0,23,2,0,,,,,,,,
16,23,2,2,2128,1630,1153,1796,1469,978,,
27,23,3,1,2656,1782,2672,3336,1257,2422,,
0,23,3,0,,,,,,,,
0,23,3,0,,,,,,,,
0,23,4,0,,,,,,,,
0,23,4,0,,,,,,,,
18,23,4,2,1504,3294,2622,1553,819,1369,,
11,23,5,1,1603,2748,395,179,1815,686,,
0,23,5,0,,,,,,,,
0,23,5,0,,,,,,,,
0,23,6,0,,,,,,,,
0,23,6,0,,,,,,,,
4,23,6,2,4037,2317,2211,1339,1382,759,,
23,23,7,1,2665,2258,1891,1814,1232,4712,,
0,23,7,0,,,,,,,,
0,23,7,0,,,,,,,,
0,23,8,0,,,,,,,,
0,23,8,0,,,,,,,,
38,23,8,2,1172,1467,1328,1255,1926,974,,
31,23,9,1,1535,1313,1353,992,978,1255,,
0,23,9,0,,,,,,,,
0,23,9,0,,,,,,,,
0,23,10,0,,,,,,,,
0,23,10,0,,,,,,,,
6,23,10,2,1042,1507,852,1087,811,820,,
40,23,11,1,,3900,4054,4289,1684,1980,,
0,23,11,0,,,,,,,,
0,23,11,0,,,,,,,,
0,23,12,0,,,,,,,,
26,23,12,2,1203,4509,2390,2772,1436,516,,
0,23,12,0,,,,,,,,
25,23,13,1,2242,2431,2690,2466,1936,1033,,
0,23,13,0,,,,,,,,
0,23,13,0,,,,,,,,
0,23,14,0,,,,,,,,
33,23,14,2,3010,1381,1810,3073,1563,1443,,
0,23,14,0,,,,,,,,
22,23,15,1,801,3480,2667,1522,984,871,,
0,23,15,0,,,,,,,,
0,23,15,0,,,,,,,,
0,23,16,0,,,,,,,,
30,23,16,2,1317,3662,3065,1631,1303,793,,
0,23,16,0,,,,,,,,
8,23,17,1,3219,2160,531,284,923,1169,,
0,23,17,0,,,,,,,,
0,23,17,0,,,,,,,,
0,23,18,0,,,,,,,,
34,23,18,2,1490,2950,3248,1878,1062,731,,
0,23,18,0,,,,,,,,
41,23,19,1,3959,2781,4713,1112,1689,1771,,
0,23,19,0,,,,,,,,
0,23,19,0,,,,,,,,
0,23,20,0,,,,,,,,
13,23,20,2,2550,3269,474,389,919,1523,,
0,23,20,0,,,,,,,,
3,23,21,1,5557,2960,1314,1646,1348,1132,,
0,23,21,0,,,,,,,,
0,23,21,0,,,,,,,,
0,23,22,0,,,,,,,,
2,23,22,2,2346,2239,2529,923,990,1050,,
0,23,22,0,,,,,,,,
21,23,23,1,3220,2364,1929,1124,1370,1686,,
0,23,23,0,,,,,,,,
0,23,23,0,,,,,,,,
0,23,24,0,,,,,,,,
1,23,24,2,3259,2995,2323,2446,1138,1336,,
0,23,24,0,,,,,,,,
20,23,25,1,2037,2454,1657,1906,788,675,,
0,23,25,0,,,,,,,,
0,23,25,0,,,,,,,,
0,23,26,0,,,,,,,,
35,23,26,2,2291,1471,2916,1279,1409,625,,
0,23,26,0,,,,,,,,
36,23,27,1,2652,1861,1281,2548,2263,1953,,
0,23,27,0,,,,,,,,
0,23,27,0,,,,,,,,
0,23,28,0,,,,,,,,
42,23,28,2,3915,3558,3669,2223,1452,2115,,
0,23,28,0,,,,,,,,
9,23,29,1,3453,1780,2016,2121,1390,1500,,
0,23,29,0,,,,,,,,
0,23,29,0,,,,,,,,
0,23,30,0,,,,,,,,
29,23,30,2,2420,2432,875,1673,1324,1046,,
0,23,30,0,,,,,,,,
10,23,31,1,2482,2616,2091,1255,803,1194,,
0,23,31,0,,,,,,,,
0,23,31,0,,,,,,,,
0,23,32,0,,,,,,,,
37,23,32,2,1604,2444,1185,1037,1145,952,,
0,23,32,0,,,,,,,,
25,24,1,1,787,734,751,801,801,679,,
0,24,1,0,,,,,,,,
0,24,1,0,,,,,,,,
0,24,2,0,,,,,,,,
0,24,2,0,,,,,,,,
30,24,2,2,1191,1037,1386,350,1074,785,,
15,24,3,1,779,755,573,817,589,964,,
0,24,3,0,,,,,,,,
0,24,3,0,,,,,,,,
0,24,4,0,,,,,,,,
0,24,4,0,,,,,,,,
20,24,4,2,785,1078,600,897,714,347,,
5,24,5,1,791,514,651,965,510,946,,
0,24,5,0,,,,,,,,
0,24,5,0,,,,,,,,
0,24,6,0,,,,,,,,
0,24,6,0,,,,,,,,
39,24,6,2,670,898,279,937,805,680,,
12,24,7,1,812,313,280,,,,,
0,24,7,0,,,,,,,,
0,24,7,0,,,,,,,,
0,24,8,0,,,,,,,,
0,24,8,0,,,,,,,,
27,24,8,2,698,502,916,569,988,415,,
41,24,9,1,500,1253,544,818,368,480,,
0,24,9,0,,,,,,,,
0,24,9,0,,,,,,,,
0,24,10,0,,,,,,,,
0,24,10,0,,,,,,,,
1,24,10,2,673,458,684,960,120,748,,
7,24,11,1,738,717,734,1056,659,825,,
0,24,11,0,,,,,,,,
0,24,11,0,,,,,,,,
0,24,12,0,,,,,,,,
44,24,12,2,441,1331,825,601,876,240,,
0,24,12,0,,,,,,,,
23,24,13,1,936,989,925,538,1287,405,,
0,24,13,0,,,,,,,,
0,24,13,0,,,,,,,,
0,24,14,0,,,,,,,,
33,24,14,2,767,761,994,797,2433,668,,
0,24,14,0,,,,,,,,
17,24,15,1,454,662,923,590,715,809,,
0,24,15,0,,,,,,,,
0,24,15,0,,,,,,,,
0,24,16,0,,,,,,,,
8,24,16,2,1220,1647,1999,570,654,445,,
0,24,16,0,,,,,,,,
34,24,17,1,931,1153,1193,775,503,620,,
0,24,17,0,,,,,,,,
0,24,17,0,,,,,,,,
0,24,18,0,,,,,,,,
22,24,18,2,874,982,889,652,680,772,,
0,24,18,0,,,,,,,,
38,24,19,1,715,1552,768,766,682,609,,
0,24,19,0,,,,,,,,
0,24,19,0,,,,,,,,
0,24,20,0,,,,,,,,
18,24,20,2,1173,1034,1503,1173,543,653,,
0,24,20,0,,,,,,,,
29,24,21,1,1267,412,880,892,1025,713,,
0,24,21,0,,,,,,,,
0,24,21,0,,,,,,,,
0,24,22,0,,,,,,,,
35,24,22,2,585,1026,836,725,604,334,,
0,24,22,0,,,,,,,,
19,24,23,1,435,835,627,790,445,470,,
0,24,23,0,,,,,,,,
0,24,23,0,,,,,,,,
0,24,24,0,,,,,,,,
37,24,24,2,678,1254,995,1087,481,346,,
0,24,24,0,,,,,,,,
43,24,25,1,658,931,1010,1076,775,693,,
0,24,25,0,,,,,,,,
0,24,25,0,,,,,,,,
0,24,26,0,,,,,,,,
9,24,26,2,706,983,1032,371,699,983,,
0,24,26,0,,,,,,,,
24,24,27,1,928,1117,593,1024,123,933,,
0,24,27,0,,,,,,,,
0,24,27,0,,,,,,,,
0,24,28,0,,,,,,,,
36,24,28,2,749,691,964,1028,881,1132,,
0,24,28,0,,,,,,,,
10,24,29,1,1424,724,703,850,610,808,,
0,24,29,0,,,,,,,,
0,24,29,0,,,,,,,,
0,24,30,0,,,,,,,,
4,24,30,2,1233,571,1025,245,979,960,,
0,24,30,0,,,,,,,,
3,24,31,1,847,1539,920,1012,512,751,,
0,24,31,0,,,,,,,,
0,24,31,0,,,,,,,,
0,24,32,0,,,,,,,,
32,24,32,2,610,147,981,893,524,559,,
0,24,32,0,,,,,,,,
33,25,1,1,3123,2937,1694,2257,2328,1509,,
0,25,1,0,,,,,,,,
0,25,1,0,,,,,,,,
0,25,2,0,,,,,,,,
0,25,2,0,,,,,,,,
8,25,2,2,3937,2381,135,3153,2345,1559,,
39,25,3,1,2986,1456,3048,2867,1185,1434,,
0,25,3,0,,,,,,,,
0,25,3,0,,,,,,,,
0,25,4,0,,,,,,,,
0,25,4,0,,,,,,,,
2,25,4,2,4609,4273,1946,2880,1939,2417,,
11,25,5,1,2216,2080,2119,3365,1350,220,,
0,25,5,0,,,,,,,,
0,25,5,0,,,,,,,,
0,25,6,0,,,,,,,,
0,25,6,0,,,,,,,,
41,25,6,2,2502,2470,4269,3092,1746,1128,,
36,25,7,1,2873,4271,3045,2384,1329,1803,,
0,25,7,0,,,,,,,,
0,25,7,0,,,,,,,,
0,25,8,0,,,,,,,,
0,25,8,0,,,,,,,,
24,25,8,2,1718,278,1357,1130,3576,2817,,
27,25,9,1,2213,2252,1661,3578,1446,1382,,
0,25,9,0,,,,,,,,
0,25,9,0,,,,,,,,
0,25,10,0,,,,,,,,
0,25,10,0,,,,,,,,
29,25,10,2,1619,3023,1459,3128,1927,1150,,
7,25,11,1,5715,3852,2367,1956,1054,1187,,
0,25,11,0,,,,,,,,
0,25,11,0,,,,,,,,
0,25,12,0,,,,,,,,
32,25,12,2,2435,5927,2482,1110,1668,984,,
0,25,12,0,,,,,,,,
16,25,13,1,3301,2500,2768,4362,2064,1574,,
0,25,13,0,,,,,,,,
0,25,13,0,,,,,,,,
0,25,14,0,,,,,,,,
26,25,14,2,1808,2505,3610,4194,1604,1229,,
0,25,14,0,,,,,,,,
18,25,15,1,4561,2108,2400,1531,1625,996,,
0,25,15,0,,,,,,,,
0,25,15,0,,,,,,,,
0,25,16,0,,,,,,,,
13,25,16,2,4051,2501,4428,1683,1119,1332,,
0,25,16,0,,,,,,,,
43,25,17,1,2743,1848,2260,1156,1929,1082,,
0,25,17,0,,,,,,,,
0,25,17,0,,,,,,,,
0,25,18,0,,,,,,,,
21,25,18,2,1726,4936,1738,2063,1587,1612,,
0,25,18,0,,,,,,,,
5,25,19,1,5780,133,2686,679,1573,2906,,
0,25,19,0,,,,,,,,
0,25,19,0,,,,,,,,
0,25,20,0,,,,,,,,
31,25,20,2,5354,3971,3320,3387,1857,1333,,
0,25,20,0,,,,,,,,
19,25,21,1,3650,2009,2385,1872,2041,1127,,
0,25,21,0,,,,,,,,
0,25,21,0,,,,,,,,
0,25,22,0,,,,,,,,
23,25,22,2,3132,3244,2140,2246,2046,1047,,
0,25,22,0,,,,,,,,
17,25,23,1,4196,1648,2536,2032,1177,1920,,
0,25,23,0,,,,,,,,
0,25,23,0,,,,,,,,
0,25,24,0,,,,,,,,
22,25,24,2,2140,2372,1737,2567,913,867,,
0,25,24,0,,,,,,,,
1,25,25,1,4734,3812,3325,4609,1373,1561,,
0,25,25,0,,,,,,,,
0,25,25,0,,,,,,,,
0,25,26,0,,,,,,,,
38,25,26,2,4363,2835,4475,1848,1799,1978,,
0,25,26,0,,,,,,,,
10,25,27,1,3072,2511,2011,2655,1137,1615,,
0,25,27,0,,,,,,,,
0,25,27,0,,,,,,,,
0,25,28,0,,,,,,,,
4,25,28,2,5453,3616,528,3978,1653,2097,,
0,25,28,0,,,,,,,,
6,25,29,1,1444,174,539,139,387,1189,,
0,25,29,0,,,,,,,,
0,25,29,0,,,,,,,,
0,25,30,0,,,,,,,,
14,25,30,2,3857,2874,1815,2025,1769,2382,,
0,25,30,0,,,,,,,,
35,25,31,1,1980,2454,3039,1955,1289,1565,,
0,25,31,0,,,,,,,,
0,25,31,0,,,,,,,,
0,25,32,0,,,,,,,,
20,25,32,2,2567,2359,2599,3014,1330,1151,,
0,25,32,0,,,,,,,,
36,26,1,1,1648,2256,2104,1494,1444,1145,,
0,26,1,0,,,,,,,,
0,26,1,0,,,,,,,,
0,26,2,0,,,,,,,,
0,26,2,0,,,,,,,,
18,26,2,2,2167,2008,2678,1582,1345,830,,
32,26,3,1,2325,1380,3142,1943,1272,2008,,
0,26,3,0,,,,,,,,
0,26,3,0,,,,,,,,
0,26,4,0,,,,,,,,
0,26,4,0,,,,,,,,
8,26,4,2,1777,2519,1399,1742,1297,1270,,
5,26,5,1,1971,1707,1316,1539,1460,1371,,
0,26,5,0,,,,,,,,
0,26,5,0,,,,,,,,
0,26,6,0,,,,,,,,
0,26,6,0,,,,,,,,
30,26,6,2,1221,1670,1744,1638,1466,947,,
25,26,7,1,1813,1697,2163,1769,1202,1354,,
0,26,7,0,,,,,,,,
0,26,7,0,,,,,,,,
0,26,8,0,,,,,,,,
0,26,8,0,,,,,,,,
15,26,8,2,1348,1445,1190,1247,1614,1624,,
41,26,9,1,1199,1687,1724,1735,1199,1144,,
0,26,9,0,,,,,,,,
0,26,9,0,,,,,,,,
0,26,10,0,,,,,,,,
0,26,10,0,,,,,,,,
10,26,10,2,1756,1832,1585,1931,1603,1774,,
3,26,11,1,1249,3232,1844,1897,994,1663,,
0,26,11,0,,,,,,,,
0,26,11,0,,,,,,,,
0,26,12,0,,,,,,,,
29,26,12,2,1260,2906,1401,1825,1161,867,,
0,26,12,0,,,,,,,,
34,26,13,1,2410,1742,3453,4211,1644,1036,,
0,26,13,0,,,,,,,,
0,26,13,0,,,,,,,,
0,26,14,0,,,,,,,,
7,26,14,2,1468,1279,1975,1463,1238,975,,
0,26,14,0,,,,,,,,
22,26,15,1,959,1360,1583,1709,1448,1230,,
0,26,15,0,,,,,,,,
0,26,15,0,,,,,,,,
0,26,16,0,,,,,,,,
24,26,16,2,1539,3072,3194,1562,1318,995,,
0,26,16,0,,,,,,,,
13,26,17,1,1227,1222,1427,1231,1105,1849,,
0,26,17,0,,,,,,,,
0,26,17,0,,,,,,,,
0,26,18,0,,,,,,,,
38,26,18,2,1716,2251,1933,2094,1082,1416,,
0,26,18,0,,,,,,,,
23,26,19,1,1502,3499,1951,1033,1208,1300,,
0,26,19,0,,,,,,,,
0,26,19,0,,,,,,,,
0,26,20,0,,,,,,,,
12,26,20,2,1828,1920,2615,1585,973,1140,,
0,26,20,0,,,,,,,,
40,26,21,1,1720,1179,1364,1773,1194,1225,,
0,26,21,0,,,,,,,,
0,26,21,0,,,,,,,,
0,26,22,0,,,,,,,,
2,26,22,2,2601,3041,2556,1293,1461,2154,,
0,26,22,0,,,,,,,,
4,26,23,1,1581,2484,1502,1912,1301,1875,,
0,26,23,0,,,,,,,,
0,26,23,0,,,,,,,,
0,26,24,0,,,,,,,,
39,26,24,2,1752,1243,1320,1559,1099,1041,,
0,26,24,0,,,,,,,,
20,26,25,1,1362,1577,1984,2173,1579,1319,,
0,26,25,0,,,,,,,,
0,26,25,0,,,,,,,,
0,26,26,0,,,,,,,,
14,26,26,2,1774,1704,1714,1188,1071,1254,,
0,26,26,0,,,,,,,,
1,26,27,1,2369,2285,2035,3918,2401,1508,,
0,26,27,0,,,,,,,,
0,26,27,0,,,,,,,,
0,26,28,0,,,,,,,,
27,26,28,2,1986,1846,2481,2374,1734,2204,,
0,26,28,0,,,,,,,,
17,26,29,1,2187,2785,2469,2234,1658,1332,,
0,26,29,0,,,,,,,,
0,26,29,0,,,,,,,,
0,26,30,0,,,,,,,,
21,26,30,2,1908,1612,1644,2113,1670,1930,,
0,26,30,0,,,,,,,,
35,26,31,1,1242,2029,2024,2173,1391,1094,,
0,26,31,0,,,,,,,,
0,26,31,0,,,,,,,,
0,26,32,0,,,,,,,,
28,26,32,2,1558,1978,1640,1659,1223,842,,
0,26,32,0,,,,,,,,
7,27,1,1,2746,190,2284,2193,1332,1156,,
0,27,1,0,,,,,,,,
0,27,1,0,,,,,,,,
0,27,2,0,,,,,,,,
0,27,2,0,,,,,,,,
30,27,2,2,3234,2049,2748,915,983,838,,
36,27,3,1,2880,1266,284,1985,1067,1415,,
0,27,3,0,,,,,,,,
0,27,3,0,,,,,,,,
0,27,4,0,,,,,,,,
0,27,4,0,,,,,,,,
21,27,4,2,1663,2428,1378,1450,1842,855,,
39,27,5,1,2816,1471,1629,735,1828,1242,,
0,27,5,0,,,,,,,,
0,27,5,0,,,,,,,,
0,27,6,0,,,,,,,,
0,27,6,0,,,,,,,,
23,27,6,2,1263,2601,1315,1088,2207,798,,
43,27,7,1,2025,1658,1293,1139,568,1072,,
0,27,7,0,,,,,,,,
0,27,7,0,,,,,,,,
0,27,8,0,,,,,,,,
0,27,8,0,,,,,,,,
18,27,8,2,,2823,825,798,2311,197,,
11,27,9,1,2175,2394,1400,2133,1800,634,,
0,27,9,0,,,,,,,,
0,27,9,0,,,,,,,,
0,27,10,0,,,,,,,,
0,27,10,0,,,,,,,,
13,27,10,2,1856,1669,2275,2468,1755,1623,,
28,27,11,1,2189,2392,2110,935,648,852,,
0,27,11,0,,,,,,,,
0,27,11,0,,,,,,,,
0,27,12,0,,,,,,,,
3,27,12,2,1305,4227,828,1953,1374,405,,
0,27,12,0,,,,,,,,
45,27,13,1,1886,1603,2659,1228,765,1449,,
0,27,13,0,,,,,,,,
0,27,13,0,,,,,,,,
0,27,14,0,,,,,,,,
2,27,14,2,3134,2862,655,1129,832,1241,,
0,27,14,0,,,,,,,,
5,27,15,1,1729,1262,1066,1189,1121,1444,,
0,27,15,0,,,,,,,,
0,27,15,0,,,,,,,,
0,27,16,0,,,,,,,,
20,27,16,2,3603,1268,1828,1596,808,1010,,
0,27,16,0,,,,,,,,
16,27,17,1,4816,3159,3037,1859,1283,1974,,
0,27,17,0,,,,,,,,
0,27,17,0,,,,,,,,
0,27,18,0,,,,,,,,
46,27,18,2,1027,1755,1808,1045,1058,818,,
0,27,18,0,,,,,,,,
34,27,19,1,1703,1032,2449,1264,3092,1804,,
0,27,19,0,,,,,,,,
0,27,19,0,,,,,,,,
0,27,20,0,,,,,,,,
25,27,20,2,1597,2108,2845,3326,1296,1021,,
0,27,20,0,,,,,,,,
38,27,21,1,2344,3038,1443,1047,1103,109,,
0,27,21,0,,,,,,,,
0,27,21,0,,,,,,,,
0,27,22,0,,,,,,,,
35,27,22,2,2452,1310,1836,1067,1922,1902,,
0,27,22,0,,,,,,,,
26,27,23,1,636,1007,2531,152,841,1078,,
0,27,23,0,,,,,,,,
0,27,23,0,,,,,,,,
0,27,24,0,,,,,,,,
10,27,24,2,2168,881,169,1243,662,1083,,
0,27,24,0,,,,,,,,
41,27,25,1,1753,1465,2943,2463,690,1018,,
0,27,25,0,,,,,,,,
0,27,25,0,,,,,,,,
0,27,26,0,,,,,,,,
32,27,26,2,2862,1040,1228,1025,882,753,,
0,27,26,0,,,,,,,,
33,27,27,1,2254,1886,1215,1463,701,272,,
0,27,27,0,,,,,,,,
0,27,27,0,,,,,,,,
0,27,28,0,,,,,,,,
9,27,28,2,4117,1569,3151,1201,1130,1181,,
0,27,28,0,,,,,,,,
4,27,29,1,3822,1546,1609,1431,3173,1105,,
0,27,29,0,,,,,,,,
0,27,29,0,,,,,,,,
0,27,30,0,,,,,,,,
6,27,30,2,3425,2635,1149,1220,1926,2536,,
0,27,30,0,,,,,,,,
29,27,31,1,4216,1499,2411,636,880,1340,,
0,27,31,0,,,,,,,,
0,27,31,0,,,,,,,,
0,27,32,0,,,,,,,,
42,27,32,2,1419,2804,2083,1581,1482,947,,
0,27,32,0,,,,,,,,
4,28,1,1,1791,3067,2585,2425,1426,2467,,
0,28,1,0,,,,,,,,
0,28,1,0,,,,,,,,
0,28,2,0,,,,,,,,
0,28,2,0,,,,,,,,
20,28,2,2,2324,455,2384,1866,2525,1624,,
34,28,3,1,1701,1155,1998,1882,1008,1970,,
0,28,3,0,,,,,,,,
0,28,3,0,,,,,,,,
0,28,4,0,,,,,,,,
0,28,4,0,,,,,,,,
7,28,4,2,2315,3469,2212,1944,1605,3069,,
25,28,5,1,2152,2685,1530,2302,1225,1672,,
0,28,5,0,,,,,,,,
0,28,5,0,,,,,,,,
0,28,6,0,,,,,,,,
0,28,6,0,,,,,,,,
27,28,6,2,1524,1992,1973,1413,1605,1728,,
22,28,7,1,1919,3212,2050,2080,1142,299,,
0,28,7,0,,,,,,,,
0,28,7,0,,,,,,,,
0,28,8,0,,,,,,,,
0,28,8,0,,,,,,,,
38,28,8,2,1019,2066,1993,153,2901,3296,,
10,28,9,1,1800,234,1397,1192,1762,1904,,
0,28,9,0,,,,,,,,
0,28,9,0,,,,,,,,
0,28,10,0,,,,,,,,
0,28,10,0,,,,,,,,
2,28,10,2,1970,3478,1799,1854,2890,2162,,
9,28,11,1,2923,3618,1770,2909,1617,2152,,
0,28,11,0,,,,,,,,
0,28,11,0,,,,,,,,
0,28,12,0,,,,,,,,
32,28,12,2,1125,2100,2213,1805,1284,1658,,
0,28,12,0,,,,,,,,
17,28,13,1,2971,1619,3480,2610,1409,1780,,
0,28,13,0,,,,,,,,
0,28,13,0,,,,,,,,
0,28,14,0,,,,,,,,
12,28,14,2,1556,1495,1007,1188,1761,2503,,
0,28,14,0,,,,,,,,
42,28,15,1,1220,3112,1587,1419,1580,1745,,
0,28,15,0,,,,,,,,
0,28,15,0,,,,,,,,
0,28,16,0,,,,,,,,
19,28,16,2,2663,2936,2189,1281,1145,1529,,
0,28,16,0,,,,,,,,
36,28,17,1,1980,2448,2084,762,1251,1766,,
0,28,17,0,,,,,,,,
0,28,17,0,,,,,,,,
0,28,18,0,,,,,,,,
30,28,18,2,3273,3377,1733,1454,834,2721,,
0,28,18,0,,,,,,,,
14,28,19,1,1727,3292,2398,1396,378,2506,,
0,28,19,0,,,,,,,,
0,28,19,0,,,,,,,,
0,28,20,0,,,,,,,,
24,28,20,2,3227,1705,2025,2255,984,2289,,
0,28,20,0,,,,,,,,
31,28,21,1,2398,1387,1500,1751,1323,1953,,
0,28,21,0,,,,,,,,
0,28,21,0,,,,,,,,
0,28,22,0,,,,,,,,
43,28,22,2,1912,1455,1756,1305,1707,1373,,
0,28,22,0,,,,,,,,
41,28,23,1,1630,2089,2027,1713,1222,2100,,
0,28,23,0,,,,,,,,
0,28,23,0,,,,,,,,
0,28,24,0,,,,,,,,
13,28,24,2,2164,2205,1935,3734,1085,1108,,
0,28,24,0,,,,,,,,
15,28,25,1,2697,2395,2096,2635,1208,1751,,
0,28,25,0,,,,,,,,
0,28,25,0,,,,,,,,
0,28,26,0,,,,,,,,
29,28,26,2,2683,2807,1857,1280,1250,1257,,
0,28,26,0,,,,,,,,
33,28,27,1,1895,4798,1408,2044,1218,1519,,
0,28,27,0,,,,,,,,
0,28,27,0,,,,,,,,
0,28,28,0,,,,,,,,
18,28,28,2,3555,2601,2833,1994,1628,2567,,
0,28,28,0,,,,,,,,
6,28,29,1,4452,2729,244,1794,2081,3004,,
0,28,29,0,,,,,,,,
0,28,29,0,,,,,,,,
0,28,30,0,,,,,,,,
40,28,30,2,3109,2302,2095,1693,1641,1595,,
0,28,30,0,,,,,,,,
1,28,31,1,2799,1962,2908,2370,1785,2368,,
0,28,31,0,,,,,,,,
0,28,31,0,,,,,,,,
0,28,32,0,,,,,,,,
16,28,32,2,1826,4528,1507,649,1685,2810,,
0,28,32,0,,,,,,,,
27,29,1,1,2088,3117,1315,1530,1543,1043,,
0,29,1,0,,,,,,,,
0,29,1,0,,,,,,,,
0,29,2,0,,,,,,,,
0,29,2,0,,,,,,,,
6,29,2,2,5110,289,1085,2712,1432,1337,,
39,29,3,1,2536,2638,1708,2479,889,1934,,
0,29,3,0,,,,,,,,
0,29,3,0,,,,,,,,
0,29,4,0,,,,,,,,
0,29,4,0,,,,,,,,
12,29,4,2,5867,3757,3153,1335,1154,2751,,
33,29,5,1,2079,2722,1369,2271,2358,1107,,
0,29,5,0,,,,,,,,
0,29,5,0,,,,,,,,
0,29,6,0,,,,,,,,
0,29,6,0,,,,,,,,
30,29,6,2,2678,1892,2840,2231,2175,1498,,
21,29,7,1,2778,102,2738,2961,2338,1585,,
0,29,7,0,,,,,,,,
0,29,7,0,,,,,,,,
0,29,8,0,,,,,,,,
0,29,8,0,,,,,,,,
19,29,8,2,1503,1653,1602,2213,2003,3249,,
1,29,9,1,2104,1861,3537,2724,890,1660,,
0,29,9,0,,,,,,,,
0,29,9,0,,,,,,,,
0,29,10,0,,,,,,,,
0,29,10,0,,,,,,,,
24,29,10,2,1405,1814,2331,1782,1578,1249,,
5,29,11,1,3816,4046,,520,862,944,,
0,29,11,0,,,,,,,,
0,29,11,0,,,,,,,,
0,29,12,0,,,,,,,,
10,29,12,2,2420,1856,3777,1842,1079,756,,
0,29,12,0,,,,,,,,
15,29,13,1,5306,1570,2491,1877,1267,1311,,
0,29,13,0,,,,,,,,
0,29,13,0,,,,,,,,
0,29,14,0,,,,,,,,
26,29,14,2,3352,1271,2630,3687,1196,455,,
0,29,14,0,,,,,,,,
42,29,15,1,1319,1847,2578,1477,1120,1635,,
0,29,15,0,,,,,,,,
0,29,15,0,,,,,,,,
0,29,16,0,,,,,,,,
41,29,16,2,2168,2223,2997,1392,2692,1758,,
0,29,16,0,,,,,,,,
14,29,17,1,2278,2783,2211,1906,1450,1599,,
0,29,17,0,,,,,,,,
0,29,17,0,,,,,,,,
0,29,18,0,,,,,,,,
37,29,18,2,2270,156,1755,1466,1244,1597,,
0,29,18,0,,,,,,,,
4,29,19,1,2412,2567,9363,2006,1810,1786,,
0,29,19,0,,,,,,,,
0,29,19,0,,,,,,,,
0,29,20,0,,,,,,,,
38,29,20,2,5331,2054,2004,1406,917,1219,,
0,29,20,0,,,,,,,,
3,29,21,1,2531,3398,1721,2117,2040,1412,,
0,29,21,0,,,,,,,,
0,29,21,0,,,,,,,,
0,29,22,0,,,,,,,,
9,29,22,2,3683,2053,4905,1065,1220,1121,,
0,29,22,0,,,,,,,,
32,29,23,1,2614,3077,2807,1816,484,1422,,
0,29,23,0,,,,,,,,
0,29,23,0,,,,,,,,
0,29,24,0,,,,,,,,
36,29,24,2,2478,414,1792,1705,1039,1139,,
0,29,24,0,,,,,,,,
8,29,25,1,5810,2502,2139,2242,972,1588,,
0,29,25,0,,,,,,,,
0,29,25,0,,,,,,,,
0,29,26,0,,,,,,,,
17,29,26,2,2507,2066,1820,1944,2470,1144,,
0,29,26,0,,,,,,,,
23,29,27,1,2647,3803,1959,115,1149,1520,,
0,29,27,0,,,,,,,,
0,29,27,0,,,,,,,,
0,29,28,0,,,,,,,,
11,29,28,2,4116,2665,2030,1868,719,2689,,
0,29,28,0,,,,,,,,
29,29,29,1,3711,1775,2275,2423,2733,1296,,
0,29,29,0,,,,,,,,
0,29,29,0,,,,,,,,
0,29,30,0,,,,,,,,
16,29,30,2,9097,2354,849,850,1995,1299,,
0,29,30,0,,,,,,,,
18,29,31,1,2185,2228,4573,2119,770,1403,,
0,29,31,0,,,,,,,,
0,29,31,0,,,,,,,,
0,29,32,0,,,,,,,,
35,29,32,2,2116,5067,2972,2140,1184,742,,
0,29,32,0,,,,,,,,
7,30,1,1,1073,1432,124,1144,975,768,,
0,30,1,0,,,,,,,,
0,30,1,0,,,,,,,,
0,30,2,0,,,,,,,,
0,30,2,0,,,,,,,,
11,30,2,2,1091,1594,2276,1874,1021,1069,,
25,30,3,1,1019,799,644,1263,616,1150,,
0,30,3,0,,,,,,,,
0,30,3,0,,,,,,,,
0,30,4,0,,,,,,,,
0,30,4,0,,,,,,,,
30,30,4,2,726,2002,808,1071,729,891,,
38,30,5,1,776,1569,810,465,457,664,,
0,30,5,0,,,,,,,,
0,30,5,0,,,,,,,,
0,30,6,0,,,,,,,,
0,30,6,0,,,,,,,,
22,30,6,2,1207,743,1077,919,1253,627,,
32,30,7,1,1130,630,1336,825,446,1003,,
0,30,7,0,,,,,,,,
0,30,7,0,,,,,,,,
0,30,8,0,,,,,,,,
0,30,8,0,,,,,,,,
14,30,8,2,728,917,980,549,1462,1223,,
27,30,9,1,510,966,1108,361,417,825,,
0,30,9,0,,,,,,,,
0,30,9,0,,,,,,,,
0,30,10,0,,,,,,,,
0,30,10,0,,,,,,,,
4,30,10,2,901,1787,939,470,1250,1183,,
42,30,11,1,727,2003,1231,592,454,814,,
0,30,11,0,,,,,,,,
0,30,11,0,,,,,,,,
0,30,12,0,,,,,,,,
35,30,12,2,701,1757,855,1403,915,442,,
0,30,12,0,,,,,,,,
24,30,13,1,1233,861,1710,1073,773,300,,
0,30,13,0,,,,,,,,
0,30,13,0,,,,,,,,
0,30,14,0,,,,,,,,
36,30,14,2,897,598,958,526,685,653,,
0,30,14,0,,,,,,,,
34,30,15,1,483,779,1307,495,512,767,,
0,30,15,0,,,,,,,,
0,30,15,0,,,,,,,,
0,30,16,0,,,,,,,,
16,30,16,2,912,289,1106,604,506,940,,
0,30,16,0,,,,,,,,
20,30,17,1,769,959,1871,818,596,1821,,
0,30,17,0,,,,,,,,
0,30,17,0,,,,,,,,
0,30,18,0,,,,,,,,
6,30,18,2,913,1604,1240,571,1542,1297,,
0,30,18,0,,,,,,,,
10,30,19,1,1150,1378,1726,480,975,1272,,
0,30,19,0,,,,,,,,
0,30,19,0,,,,,,,,
0,30,20,0,,,,,,,,
19,30,20,2,1012,1387,1120,813,550,852,,
0,30,20,0,,,,,,,,
1,30,21,1,1805,1123,1433,775,744,1251,,
0,30,21,0,,,,,,,,
0,30,21,0,,,,,,,,
0,30,22,0,,,,,,,,
9,30,22,2,658,993,1480,682,883,457,,
0,30,22,0,,,,,,,,
13,30,23,1,747,1176,1510,794,743,788,,
0,30,23,0,,,,,,,,
0,30,23,0,,,,,,,,
0,30,24,0,,,,,,,,
18,30,24,2,894,763,533,765,443,686,,
0,30,24,0,,,,,,,,
40,30,25,1,940,1032,1082,638,358,461,,
0,30,25,0,,,,,,,,
0,30,25,0,,,,,,,,
0,30,26,0,,,,,,,,
41,30,26,2,880,991,624,909,890,496,,
0,30,26,0,,,,,,,,
29,30,27,1,1681,798,799,1074,591,613,,
0,30,27,0,,,,,,,,
0,30,27,0,,,,,,,,
0,30,28,0,,,,,,,,
2,30,28,2,1407,1020,1470,886,799,1600,,
0,30,28,0,,,,,,,,
37,30,29,1,2194,2092,1306,947,553,1036,,
0,30,29,0,,,,,,,,
0,30,29,0,,,,,,,,
0,30,30,0,,,,,,,,
21,30,30,2,1303,1356,1369,1225,902,964,,
0,30,30,0,,,,,,,,
3,30,31,1,1747,1449,1026,721,637,798,,
0,30,31,0,,,,,,,,
0,30,31,0,,,,,,,,
0,30,32,0,,,,,,,,
43,30,32,2,645,1082,765,664,578,538,,
0,30,32,0,,,,,,,,
7,31,1,1,2654,2415,1542,2052,1375,1222,,
0,31,1,0,,,,,,,,
0,31,1,0,,,,,,,,
0,31,2,0,,,,,,,,
0,31,2,0,,,,,,,,
41,31,2,2,1665,1727,2907,153,2059,1404,,
32,31,3,1,3043,1159,2054,2391,1465,1775,,
0,31,3,0,,,,,,,,
0,31,3,0,,,,,,,,
0,31,4,0,,,,,,,,
0,31,4,0,,,,,,,,
30,31,4,2,1254,2325,2294,1445,1690,1417,,
12,31,5,1,2154,2234,1202,1690,1799,2147,,
0,31,5,0,,,,,,,,
0,31,5,0,,,,,,,,
0,31,6,0,,,,,,,,
0,31,6,0,,,,,,,,
14,31,6,2,1690,1707,1518,1445,1889,1454,,
24,31,7,1,1628,2099,1676,2642,1145,991,,
0,31,7,0,,,,,,,,
0,31,7,0,,,,,,,,
0,31,8,0,,,,,,,,
0,31,8,0,,,,,,,,
17,31,8,2,2030,1752,1367,1635,2156,1914,,
5,31,9,1,1315,1561,1508,1758,1688,1130,,
0,31,9,0,,,,,,,,
0,31,9,0,,,,,,,,
0,31,10,0,,,,,,,,
0,31,10,0,,,,,,,,
26,31,10,2,1055,1912,2081,1368,1621,1435,,
21,31,11,1,1554,2964,2468,1436,890,1211,,
0,31,11,0,,,,,,,,
0,31,11,0,,,,,,,,
0,31,12,0,,,,,,,,
38,31,12,2,1433,2432,2298,1982,1645,1057,,
0,31,12,0,,,,,,,,
1,31,13,1,3129,2344,2346,2177,2058,2798,,
0,31,13,0,,,,,,,,
0,31,13,0,,,,,,,,
0,31,14,0,,,,,,,,
2,31,14,2,2579,1515,2053,2717,1935,1533,,
0,31,14,0,,,,,,,,
43,31,15,1,1046,1778,1279,1165,1022,837,,
0,31,15,0,,,,,,,,
0,31,15,0,,,,,,,,
0,31,16,0,,,,,,,,
29,31,16,2,1475,2359,2559,1536,1076,913,,
0,31,16,0,,,,,,,,
16,31,17,1,2101,2175,1751,3339,1325,2216,,
0,31,17,0,,,,,,,,
0,31,17,0,,,,,,,,
0,31,18,0,,,,,,,,
22,31,18,2,1971,2094,2982,376,1409,1578,,
0,31,18,0,,,,,,,,
35,31,19,1,2725,411,2625,1664,377,1823,,
0,31,19,0,,,,,,,,
0,31,19,0,,,,,,,,
0,31,20,0,,,,,,,,
37,31,20,2,1710,2259,1994,2170,1033,1634,,
0,31,20,0,,,,,,,,
39,31,21,1,1784,4922,1611,2112,1267,1438,,
0,31,21,0,,,,,,,,
0,31,21,0,,,,,,,,
0,31,22,0,,,,,,,,
36,31,22,2,1421,2389,706,1887,1771,2134,,
0,31,22,0,,,,,,,,
11,31,23,1,1440,1531,1734,1958,1110,1592,,
0,31,23,0,,,,,,,,
0,31,23,0,,,,,,,,
0,31,24,0,,,,,,,,
34,31,24,2,3992,1674,1957,2124,860,1899,,
0,31,24,0,,,,,,,,
10,31,25,1,1956,1702,1352,2144,1142,1972,,
0,31,25,0,,,,,,,,
0,31,25,0,,,,,,,,
0,31,26,0,,,,,,,,
40,31,26,2,1296,1410,2116,1664,1251,1337,,
0,31,26,0,,,,,,,,
23,31,27,1,1778,2110,1655,1905,1033,1524,,
0,31,27,0,,,,,,,,
0,31,27,0,,,,,,,,
0,31,28,0,,,,,,,,
3,31,28,2,1895,1685,2235,2466,1706,1882,,
0,31,28,0,,,,,,,,
20,31,29,1,2829,1922,1890,1859,1441,1598,,
0,31,29,0,,,,,,,,
0,31,29,0,,,,,,,,
0,31,30,0,,,,,,,,
9,31,30,2,2270,1683,2591,1597,1604,2013,,
0,31,30,0,,,,,,,,
19,31,31,1,1447,1677,2337,1275,1188,1409,,
0,31,31,0,,,,,,,,
0,31,31,0,,,,,,,,
0,31,32,0,,,,,,,,
4,31,32,2,1754,1965,1451,1804,1255,878,,
0,31,32,0,,,,,,,,
