seq,subj,item,cond,R1,R2,R3,R4,R5,R6,R7,R8
0,1,1,0,,,,,,,,
0,1,1,0,,,,,,,,
21,1,1,2,5604,5411,4260,2252,2559,1104,,
34,1,2,1,2236,5027,7509,568,1380,1015,,
0,1,2,0,,,,,,,,
0,1,2,0,,,,,,,,
0,1,3,0,,,,,,,,
0,1,3,0,,,,,,,,
3,1,3,2,2998,2284,2022,3080,1372,1451,,
29,1,4,1,15893,2891,2747,900,594,770,,
0,1,4,0,,,,,,,,
0,1,4,0,,,,,,,,
0,1,5,0,,,,,,,,
0,1,5,0,,,,,,,,
19,1,5,2,2849,2195,2549,1795,913,811,,
14,1,6,1,3132,1827,1255,1698,1582,1860,,
0,1,6,0,,,,,,,,
0,1,6,0,,,,,,,,
0,1,7,0,,,,,,,,
0,1,7,0,,,,,,,,
32,1,7,2,3982,5156,5916,3312,1090,870,,
24,1,8,1,1826,3158,4313,1403,1707,2431,,
0,1,8,0,,,,,,,,
0,1,8,0,,,,,,,,
0,1,9,0,,,,,,,,
0,1,9,0,,,,,,,,
11,1,9,2,2488,4562,7331,3879,1320,1040,,
5,1,10,1,2840,3277,1997,2117,2076,653,,
0,1,10,0,,,,,,,,
0,1,10,0,,,,,,,,
0,1,11,0,,,,,,,,
28,1,11,2,7768,6068,1369,815,1006,636,,
0,1,11,0,,,,,,,,
17,1,12,1,2651,4195,1997,1188,651,850,,
0,1,12,0,,,,,,,,
0,1,12,0,,,,,,,,
0,1,13,0,,,,,,,,
38,1,13,2,3022,1697,2414,1287,1220,598,,
0,1,13,0,,,,,,,,
26,1,14,1,2844,2381,2764,1154,1068,899,,
0,1,14,0,,,,,,,,
0,1,14,0,,,,,,,,
0,1,15,0,,,,,,,,
9,1,15,2,1176,3904,1692,1592,613,656,,
0,1,15,0,,,,,,,,
41,1,16,1,4411,4612,3416,1330,853,866,,
0,1,16,0,,,,,,,,
0,1,16,0,,,,,,,,
0,1,17,0,,,,,,,,
8,1,17,2,9794,4436,5964,4923,2014,1673,,
0,1,17,0,,,,,,,,
7,1,18,1,2262,1379,2890,1882,1260,1151,,
0,1,18,0,,,,,,,,
0,1,18,0,,,,,,,,
0,1,19,0,,,,,,,,
10,1,19,2,11617,4075,2861,931,685,2929,,
0,1,19,0,,,,,,,,
43,1,20,1,7396,1073,1604,2198,1470,893,,
0,1,20,0,,,,,,,,
0,1,20,0,,,,,,,,
0,1,21,0,,,,,,,,
36,1,21,2,4159,1688,1050,1959,1585,962,,
0,1,21,0,,,,,,,,
39,1,22,1,1380,1680,3477,1317,1322,424,,
0,1,22,0,,,,,,,,
0,1,22,0,,,,,,,,
0,1,23,0,,,,,,,,
1,1,23,2,3966,3433,3095,2855,1469,1146,,
0,1,23,0,,,,,,,,
42,1,24,1,7348,2402,2173,2424,464,1600,,
0,1,24,0,,,,,,,,
0,1,24,0,,,,,,,,
0,1,25,0,,,,,,,,
2,1,25,2,4102,3201,2403,2500,631,1304,,
0,1,25,0,,,,,,,,
37,1,26,1,1192,2640,1604,969,992,598,,
0,1,26,0,,,,,,,,
0,1,26,0,,,,,,,,
0,1,27,0,,,,,,,,
13,1,27,2,2342,3402,4051,2181,644,647,,
0,1,27,0,,,,,,,,
23,1,28,1,4357,3221,2196,1034,943,2297,,
0,1,28,0,,,,,,,,
0,1,28,0,,,,,,,,
0,1,29,0,,,,,,,,
40,1,29,2,4726,2809,3278,2776,2023,1672,,
0,1,29,0,,,,,,,,
27,1,30,1,3588,2801,2060,1910,2032,1349,,
0,1,30,0,,,,,,,,
0,1,30,0,,,,,,,,
0,1,31,0,,,,,,,,
16,1,31,2,3096,3913,3898,2419,1748,1162,,
0,1,31,0,,,,,,,,
18,1,32,1,1806,3172,1456,1610,653,455,,
0,1,32,0,,,,,,,,
0,1,32,0,,,,,,,,
14,2,1,1,3499,2915,1697,2481,1476,1110,,
0,2,1,0,,,,,,,,
21,2,1,0,,,,,,,,
34,2,2,0,,,,,,,,
0,2,2,0,,,,,,,,
28,2,2,2,1947,1724,2719,1807,1427,1086,,
36,2,3,1,2424,1280,1964,2223,2181,1738,,
0,2,3,0,,,,,,,,
3,2,3,0,,,,,,,,
29,2,4,0,,,,,,,,
0,2,4,0,,,,,,,,
12,2,4,2,3883,5854,2827,3204,2024,1310,,
20,2,5,1,1736,1437,1652,1019,1043,826,,
0,2,5,0,,,,,,,,
19,2,5,0,,,,,,,,
14,2,6,0,,,,,,,,
0,2,6,0,,,,,,,,
6,2,6,2,2185,2817,1814,1248,1201,572,,
2,2,7,1,4567,4840,2728,1546,1248,1405,,
0,2,7,0,,,,,,,,
32,2,7,0,,,,,,,,
24,2,8,0,,,,,,,,
0,2,8,0,,,,,,,,
10,2,8,2,1368,1859,1134,1201,3693,1953,,
16,2,9,1,1587,2134,1272,1402,810,959,,
0,2,9,0,,,,,,,,
11,2,9,0,,,,,,,,
5,2,10,0,,,,,,,,
0,2,10,0,,,,,,,,
25,2,10,2,1634,1177,1172,1699,1232,1045,,
8,2,11,1,2493,1986,1432,2248,1568,2647,,
28,2,11,0,,,,,,,,
0,2,11,0,,,,,,,,
17,2,12,0,,,,,,,,
39,2,12,2,1247,2198,2555,2202,1550,370,,
0,2,12,0,,,,,,,,
22,2,13,1,3546,1211,1843,1702,1370,3202,,
38,2,13,0,,,,,,,,
0,2,13,0,,,,,,,,
26,2,14,0,,,,,,,,
42,2,14,2,3034,1811,2342,3530,1795,835,,
0,2,14,0,,,,,,,,
40,2,15,1,1255,1836,2262,2864,1556,743,,
9,2,15,0,,,,,,,,
0,2,15,0,,,,,,,,
41,2,16,0,,,,,,,,
41,2,16,2,2019,2392,2206,1627,1135,1412,,
0,2,16,0,,,,,,,,
4,2,17,1,5749,1684,3143,1488,1390,1288,,
8,2,17,0,,,,,,,,
0,2,17,0,,,,,,,,
7,2,18,0,,,,,,,,
31,2,18,2,1050,1507,1066,1545,1288,847,,
0,2,18,0,,,,,,,,
24,2,19,1,1276,2348,1537,1304,905,2182,,
10,2,19,0,,,,,,,,
0,2,19,0,,,,,,,,
43,2,20,0,,,,,,,,
19,2,20,2,1976,1240,1715,1852,2612,2482,,
0,2,20,0,,,,,,,,
33,2,21,1,1426,2408,1777,2181,2666,1040,,
36,2,21,0,,,,,,,,
0,2,21,0,,,,,,,,
39,2,22,0,,,,,,,,
1,2,22,2,4068,4701,3087,1906,1912,1963,,
0,2,22,0,,,,,,,,
23,2,23,1,1138,1403,933,1249,1346,1517,,
1,2,23,0,,,,,,,,
0,2,23,0,,,,,,,,
42,2,24,0,,,,,,,,
34,2,24,2,1769,1554,1981,2141,1709,816,,
0,2,24,0,,,,,,,,
35,2,25,1,4049,2825,1966,3153,2098,1256,,
2,2,25,0,,,,,,,,
0,2,25,0,,,,,,,,
37,2,26,0,,,,,,,,
9,2,26,2,2652,2164,1490,1434,1679,2242,,
0,2,26,0,,,,,,,,
38,2,27,1,2197,1684,1383,2742,1495,1797,,
13,2,27,0,,,,,,,,
0,2,27,0,,,,,,,,
23,2,28,0,,,,,,,,
32,2,28,2,4563,2849,2650,2152,1923,2870,,
0,2,28,0,,,,,,,,
30,2,29,1,6738,1981,1667,1541,1688,1654,,
40,2,29,0,,,,,,,,
0,2,29,0,,,,,,,,
27,2,30,0,,,,,,,,
27,2,30,2,3176,2781,2252,2462,2782,1208,,
0,2,30,0,,,,,,,,
5,2,31,1,1686,1740,1971,1100,1279,1301,,
16,2,31,0,,,,,,,,
0,2,31,0,,,,,,,,
18,2,32,0,,,,,,,,
18,2,32,2,2098,3510,3366,1614,2363,833,,
0,2,32,0,,,,,,,,
14,3,1,0,,,,,,,,
0,3,1,0,,,,,,,,
29,3,1,2,5020,2121,1106,2612,1080,967,,
40,3,2,1,3224,2024,1425,1150,1605,1048,,
0,3,2,0,,,,,,,,
28,3,2,0,,,,,,,,
36,3,3,0,,,,,,,,
0,3,3,0,,,,,,,,
11,3,3,2,3275,1910,1865,1421,1154,2245,,
1,3,4,1,2419,2554,1451,1600,1301,2324,,
0,3,4,0,,,,,,,,
12,3,4,0,,,,,,,,
20,3,5,0,,,,,,,,
0,3,5,0,,,,,,,,
7,3,5,2,2448,3285,2771,1189,982,1068,,
22,3,6,1,2770,3210,1561,1569,1400,1216,,
0,3,6,0,,,,,,,,
6,3,6,0,,,,,,,,
2,3,7,0,,,,,,,,
0,3,7,0,,,,,,,,
34,3,7,2,2156,1626,1398,864,1418,1134,,
14,3,8,1,1280,1832,1503,832,1833,2594,,
0,3,8,0,,,,,,,,
10,3,8,0,,,,,,,,
16,3,9,0,,,,,,,,
0,3,9,0,,,,,,,,
42,3,9,2,1520,1523,1195,1380,1517,1025,,
18,3,10,1,2722,3474,2990,1266,876,1223,,
0,3,10,0,,,,,,,,
25,3,10,0,,,,,,,,
8,3,11,0,,,,,,,,
33,3,11,2,2182,1525,1014,931,624,1196,,
0,3,11,0,,,,,,,,
13,3,12,1,2499,7780,3882,1801,855,1371,,
39,3,12,0,,,,,,,,
0,3,12,0,,,,,,,,
22,3,13,0,,,,,,,,
27,3,13,2,3788,2971,1517,1402,1520,1489,,
0,3,13,0,,,,,,,,
24,3,14,1,2631,5216,1696,2472,1031,870,,
42,3,14,0,,,,,,,,
0,3,14,0,,,,,,,,
40,3,15,0,,,,,,,,
37,3,15,2,1347,1757,1292,1244,1492,1415,,
0,3,15,0,,,,,,,,
9,3,16,1,2425,1725,1376,782,827,997,,
41,3,16,0,,,,,,,,
0,3,16,0,,,,,,,,
4,3,17,0,,,,,,,,
21,3,17,2,1434,3459,1735,919,1122,2026,,
0,3,17,0,,,,,,,,
26,3,18,1,5674,6780,12040,2126,1338,1481,,
31,3,18,0,,,,,,,,
0,3,18,0,,,,,,,,
24,3,19,0,,,,,,,,
36,3,19,2,4752,3053,2057,974,1625,1380,,
0,3,19,0,,,,,,,,
28,3,20,1,4678,1691,1152,863,900,1250,,
19,3,20,0,,,,,,,,
0,3,20,0,,,,,,,,
33,3,21,0,,,,,,,,
16,3,21,2,2585,2803,986,1611,1063,1323,,
0,3,21,0,,,,,,,,
25,3,22,1,1845,1907,1573,790,1243,1780,,
1,3,22,0,,,,,,,,
0,3,22,0,,,,,,,,
23,3,23,0,,,,,,,,
3,3,23,2,3171,2820,1456,1164,907,1237,,
0,3,23,0,,,,,,,,
20,3,24,1,2776,3352,781,1934,928,1220,,
34,3,24,0,,,,,,,,
0,3,24,0,,,,,,,,
35,3,25,0,,,,,,,,
10,3,25,2,2287,3607,1889,2296,801,1354,,
0,3,25,0,,,,,,,,
4,3,26,1,2719,2636,2105,1331,1993,1705,,
9,3,26,0,,,,,,,,
0,3,26,0,,,,,,,,
38,3,27,0,,,,,,,,
38,3,27,2,1456,1609,1710,1650,859,2120,,
0,3,27,0,,,,,,,,
6,3,28,1,4958,3949,2561,1539,1036,2554,,
32,3,28,0,,,,,,,,
0,3,28,0,,,,,,,,
30,3,29,0,,,,,,,,
31,3,29,2,2884,1268,1400,1818,1738,2853,,
0,3,29,0,,,,,,,,
32,3,30,1,3175,1618,3043,1445,1030,3367,,
27,3,30,0,,,,,,,,
0,3,30,0,,,,,,,,
5,3,31,0,,,,,,,,
39,3,31,2,1118,1775,1713,975,1668,2059,,
0,3,31,0,,,,,,,,
5,3,32,1,2679,5855,1571,783,889,1297,,
18,3,32,0,,,,,,,,
0,3,32,0,,,,,,,,
18,4,1,1,6080,1878,1654,1979,1262,1762,,
0,4,1,0,,,,,,,,
29,4,1,0,,,,,,,,
40,4,2,0,,,,,,,,
0,4,2,0,,,,,,,,
7,4,2,2,3271,2372,2580,2426,2216,2867,,
28,4,3,1,2388,1254,1750,1676,1523,1424,,
0,4,3,0,,,,,,,,
11,4,3,0,,,,,,,,
1,4,4,0,,,,,,,,
0,4,4,0,,,,,,,,
9,4,4,2,4552,3410,1290,2023,2381,1332,,
1,4,5,1,2949,1513,1321,1384,1188,1647,,
0,4,5,0,,,,,,,,
7,4,5,0,,,,,,,,
22,4,6,0,,,,,,,,
0,4,6,0,,,,,,,,
5,4,6,2,2132,2875,1598,1828,1131,1391,,
31,4,7,1,2947,2122,2555,2262,1204,2196,,
0,4,7,0,,,,,,,,
34,4,7,0,,,,,,,,
14,4,8,0,,,,,,,,
0,4,8,0,,,,,,,,
13,4,8,2,1411,1726,1609,1411,4185,2359,,
33,4,9,1,4757,1367,1070,927,1121,744,,
0,4,9,0,,,,,,,,
42,4,9,0,,,,,,,,
18,4,10,0,,,,,,,,
0,4,10,0,,,,,,,,
36,4,10,2,2413,1509,2219,1913,1850,1372,,
38,4,11,1,1641,1885,1368,1122,861,952,,
33,4,11,0,,,,,,,,
0,4,11,0,,,,,,,,
13,4,12,0,,,,,,,,
39,4,12,2,1632,2058,1743,1504,2273,1007,,
0,4,12,0,,,,,,,,
44,4,13,1,2207,1073,1650,1905,1620,1235,,
27,4,13,0,,,,,,,,
0,4,13,0,,,,,,,,
24,4,14,0,,,,,,,,
12,4,14,2,4198,1738,1765,1430,2308,1262,,
0,4,14,0,,,,,,,,
24,4,15,1,2017,2064,2121,1301,1226,1221,,
37,4,15,0,,,,,,,,
0,4,15,0,,,,,,,,
9,4,16,0,,,,,,,,
3,4,16,2,2550,2789,3275,1438,1300,1433,,
0,4,16,0,,,,,,,,
25,4,17,1,1621,1073,1967,1272,1564,1886,,
21,4,17,0,,,,,,,,
0,4,17,0,,,,,,,,
26,4,18,0,,,,,,,,
42,4,18,2,1625,1827,1686,1929,2381,2943,,
0,4,18,0,,,,,,,,
41,4,19,1,3969,2617,2777,3066,2263,2134,,
36,4,19,0,,,,,,,,
0,4,19,0,,,,,,,,
28,4,20,0,,,,,,,,
30,4,20,2,2613,2189,3088,1579,1106,1824,,
0,4,20,0,,,,,,,,
16,4,21,1,4563,1946,1355,1305,1547,1472,,
16,4,21,0,,,,,,,,
0,4,21,0,,,,,,,,
25,4,22,0,,,,,,,,
21,4,22,2,2426,1746,1583,1299,1574,1009,,
0,4,22,0,,,,,,,,
35,4,23,1,1768,1442,1733,1273,1119,1579,,
3,4,23,0,,,,,,,,
0,4,23,0,,,,,,,,
20,4,24,0,,,,,,,,
17,4,24,2,2371,920,1550,1942,998,1142,,
0,4,24,0,,,,,,,,
27,4,25,1,2093,4621,1919,2413,1883,1432,,
10,4,25,0,,,,,,,,
0,4,25,0,,,,,,,,
4,4,26,0,,,,,,,,
4,4,26,2,3292,1727,2143,1223,1636,1682,,
0,4,26,0,,,,,,,,
22,4,27,1,3547,3098,1417,2417,903,1497,,
38,4,27,0,,,,,,,,
0,4,27,0,,,,,,,,
6,4,28,0,,,,,,,,
11,4,28,2,4836,2005,2432,3148,1450,2610,,
0,4,28,0,,,,,,,,
20,4,29,1,5520,2107,2811,3230,1782,2139,,
31,4,29,0,,,,,,,,
0,4,29,0,,,,,,,,
32,4,30,0,,,,,,,,
23,4,30,2,2824,1965,1643,1739,2109,2322,,
0,4,30,0,,,,,,,,
40,4,31,1,1552,1819,2382,1192,1517,2023,,
39,4,31,0,,,,,,,,
0,4,31,0,,,,,,,,
5,4,32,0,,,,,,,,
43,4,32,2,1060,1182,748,950,898,492,,
0,4,32,0,,,,,,,,
18,5,1,0,,,,,,,,
0,5,1,0,,,,,,,,
14,5,1,2,2331,869,348,653,682,810,,
3,5,2,1,1782,1327,1390,992,1005,735,,
0,5,2,0,,,,,,,,
7,5,2,0,,,,,,,,
28,5,3,0,,,,,,,,
0,5,3,0,,,,,,,,
22,5,3,2,2179,1273,1069,634,744,1032,,
12,5,4,1,534,1835,1225,869,536,1630,,
0,5,4,0,,,,,,,,
9,5,4,0,,,,,,,,
1,5,5,0,,,,,,,,
0,5,5,0,,,,,,,,
7,5,5,2,864,779,1545,422,693,686,,
25,5,6,1,2990,2490,1260,844,899,858,,
0,5,6,0,,,,,,,,
5,5,6,0,,,,,,,,
31,5,7,0,,,,,,,,
0,5,7,0,,,,,,,,
20,5,7,2,2953,1630,1948,1271,656,638,,
39,5,8,1,730,1467,1284,521,1408,1028,,
0,5,8,0,,,,,,,,
13,5,8,0,,,,,,,,
33,5,9,0,,,,,,,,
0,5,9,0,,,,,,,,
28,5,9,2,1533,1739,1259,815,523,505,,
30,5,10,1,1210,990,972,275,506,888,,
0,5,10,0,,,,,,,,
36,5,10,0,,,,,,,,
38,5,11,0,,,,,,,,
18,5,11,2,372,1604,734,571,437,295,,
0,5,11,0,,,,,,,,
35,5,12,1,605,1548,2327,816,860,456,,
39,5,12,0,,,,,,,,
0,5,12,0,,,,,,,,
44,5,13,0,,,,,,,,
41,5,13,2,903,1093,918,770,853,313,,
0,5,13,0,,,,,,,,
33,5,14,1,941,883,819,732,410,751,,
12,5,14,0,,,,,,,,
0,5,14,0,,,,,,,,
24,5,15,0,,,,,,,,
36,5,15,2,541,813,532,404,1357,1014,,
0,5,15,0,,,,,,,,
6,5,16,1,1235,1174,155,636,613,655,,
3,5,16,0,,,,,,,,
0,5,16,0,,,,,,,,
25,5,17,0,,,,,,,,
2,5,17,2,1554,2186,674,1092,425,1839,,
0,5,17,0,,,,,,,,
17,5,18,1,458,2991,1258,1582,1019,1204,,
42,5,18,0,,,,,,,,
0,5,18,0,,,,,,,,
41,5,19,0,,,,,,,,
32,5,19,2,1032,1110,788,584,851,1947,,
0,5,19,0,,,,,,,,
27,5,20,1,1167,476,940,1227,904,815,,
30,5,20,0,,,,,,,,
0,5,20,0,,,,,,,,
16,5,21,0,,,,,,,,
38,5,21,2,1337,783,580,529,1524,1156,,
0,5,21,0,,,,,,,,
37,5,22,1,1196,809,760,692,665,860,,
21,5,22,0,,,,,,,,
0,5,22,0,,,,,,,,
35,5,23,0,,,,,,,,
34,5,23,2,832,1184,812,548,693,965,,
0,5,23,0,,,,,,,,
16,5,24,1,855,634,1031,1011,801,802,,
17,5,24,0,,,,,,,,
0,5,24,0,,,,,,,,
27,5,25,0,,,,,,,,
42,5,25,2,1721,1001,1309,1213,823,1274,,
0,5,25,0,,,,,,,,
24,5,26,1,1575,994,1026,773,600,792,,
4,5,26,0,,,,,,,,
0,5,26,0,,,,,,,,
22,5,27,0,,,,,,,,
9,5,27,2,1291,1807,769,1020,425,945,,
0,5,27,0,,,,,,,,
5,5,28,1,3405,785,1668,776,647,1533,,
11,5,28,0,,,,,,,,
0,5,28,0,,,,,,,,
20,5,29,0,,,,,,,,
19,5,29,2,2252,3907,832,1131,880,1052,,
0,5,29,0,,,,,,,,
11,5,30,1,1427,1524,1955,634,797,620,,
23,5,30,0,,,,,,,,
0,5,30,0,,,,,,,,
40,5,31,0,,,,,,,,
10,5,31,2,902,890,625,968,495,764,,
0,5,31,0,,,,,,,,
1,5,32,1,1817,2240,1251,1047,749,461,,
43,5,32,0,,,,,,,,
0,5,32,0,,,,,,,,
20,6,1,1,2049,4034,866,989,569,579,,
0,6,1,0,,,,,,,,
14,6,1,0,,,,,,,,
3,6,2,0,,,,,,,,
0,6,2,0,,,,,,,,
2,6,2,2,7906,4647,4191,3321,1193,1112,,
15,6,3,1,4827,2039,1820,2530,859,1287,,
0,6,3,0,,,,,,,,
22,6,3,0,,,,,,,,
12,6,4,0,,,,,,,,
0,6,4,0,,,,,,,,
8,6,4,2,4590,6822,1302,2811,2123,1075,,
37,6,5,1,3337,2562,1452,1913,663,701,,
0,6,5,0,,,,,,,,
7,6,5,0,,,,,,,,
25,6,6,0,,,,,,,,
0,6,6,0,,,,,,,,
4,6,6,2,5124,2723,1768,932,2295,1081,,
31,6,7,1,2742,3534,1327,465,1116,457,,
0,6,7,0,,,,,,,,
20,6,7,0,,,,,,,,
39,6,8,0,,,,,,,,
0,6,8,0,,,,,,,,
34,6,8,2,1312,2083,1187,438,1008,1719,,
28,6,9,1,4811,2925,1889,2299,1452,1172,,
0,6,9,0,,,,,,,,
28,6,9,0,,,,,,,,
30,6,10,0,,,,,,,,
0,6,10,0,,,,,,,,
24,6,10,2,1875,3179,1232,998,1133,2027,,
23,6,11,1,3507,3275,1897,764,604,894,,
18,6,11,0,,,,,,,,
0,6,11,0,,,,,,,,
35,6,12,0,,,,,,,,
41,6,12,2,1774,2399,2812,1587,1009,539,,
0,6,12,0,,,,,,,,
19,6,13,1,2491,2271,2969,2495,1723,1447,,
41,6,13,0,,,,,,,,
0,6,13,0,,,,,,,,
33,6,14,0,,,,,,,,
39,6,14,2,2078,2218,1654,1430,1565,2582,,
0,6,14,0,,,,,,,,
33,6,15,1,1051,3010,2570,875,882,768,,
36,6,15,0,,,,,,,,
0,6,15,0,,,,,,,,
6,6,16,0,,,,,,,,
10,6,16,2,2979,2117,2519,1035,1103,509,,
0,6,16,0,,,,,,,,
22,6,17,1,2345,3255,6690,1410,801,1297,,
2,6,17,0,,,,,,,,
0,6,17,0,,,,,,,,
17,6,18,0,,,,,,,,
11,6,18,2,3602,1994,2907,855,977,1516,,
0,6,18,0,,,,,,,,
14,6,19,1,5451,2444,3951,1181,1267,1869,,
32,6,19,0,,,,,,,,
0,6,19,0,,,,,,,,
27,6,20,0,,,,,,,,
30,6,20,2,3073,3806,3154,2215,1066,1005,,
0,6,20,0,,,,,,,,
27,6,21,1,1946,718,878,1078,747,1898,,
38,6,21,0,,,,,,,,
0,6,21,0,,,,,,,,
37,6,22,0,,,,,,,,
12,6,22,2,2452,2948,2690,966,1093,889,,
0,6,22,0,,,,,,,,
42,6,23,1,1112,1128,1953,1232,1546,1802,,
34,6,23,0,,,,,,,,
0,6,23,0,,,,,,,,
16,6,24,0,,,,,,,,
1,6,24,2,6243,5204,2927,3288,795,1231,,
0,6,24,0,,,,,,,,
36,6,25,1,2728,2258,2030,1084,663,1180,,
42,6,25,0,,,,,,,,
0,6,25,0,,,,,,,,
24,6,26,0,,,,,,,,
17,6,26,2,3426,1515,1487,1509,762,840,,
0,6,26,0,,,,,,,,
40,6,27,1,4762,5197,2190,2632,1243,2724,,
9,6,27,0,,,,,,,,
0,6,27,0,,,,,,,,
5,6,28,0,,,,,,,,
26,6,28,2,1791,2728,4591,2229,1659,2378,,
0,6,28,0,,,,,,,,
7,6,29,1,4026,2209,3443,2711,1415,774,,
19,6,29,0,,,,,,,,
0,6,29,0,,,,,,,,
11,6,30,0,,,,,,,,
6,6,30,2,4254,3835,2485,2309,2637,1457,,
0,6,30,0,,,,,,,,
18,6,31,1,2135,1927,3021,1751,1004,1201,,
10,6,31,0,,,,,,,,
0,6,31,0,,,,,,,,
1,6,32,0,,,,,,,,
13,6,32,2,3671,4162,3847,2968,1906,1182,,
0,6,32,0,,,,,,,,
20,7,1,0,,,,,,,,
0,7,1,0,,,,,,,,
40,7,1,2,3327,1501,1224,1707,1873,1937,,
25,7,2,1,3982,1700,1514,1196,1642,1088,,
0,7,2,0,,,,,,,,
2,7,2,0,,,,,,,,
15,7,3,0,,,,,,,,
0,7,3,0,,,,,,,,
14,7,3,2,5571,1339,3007,1823,1630,1167,,
22,7,4,1,5039,4665,1949,1478,1070,1424,,
0,7,4,0,,,,,,,,
8,7,4,0,,,,,,,,
37,7,5,0,,,,,,,,
0,7,5,0,,,,,,,,
35,7,5,2,2415,1485,2624,1015,994,2186,,
28,7,6,1,6195,5544,1521,1534,2749,721,,
0,7,6,0,,,,,,,,
4,7,6,0,,,,,,,,
31,7,7,0,,,,,,,,
0,7,7,0,,,,,,,,
16,7,7,2,6200,2109,1873,1915,1191,1482,,
9,7,8,1,5943,2387,2776,1573,3199,2327,,
0,7,8,0,,,,,,,,
34,7,8,0,,,,,,,,
28,7,9,0,,,,,,,,
0,7,9,0,,,,,,,,
33,7,9,2,3374,4913,3095,1720,1442,1420,,
4,7,10,1,3130,3788,1859,2082,2210,1889,,
0,7,10,0,,,,,,,,
24,7,10,0,,,,,,,,
23,7,11,0,,,,,,,,
38,7,11,2,3832,1360,1080,1687,745,1001,,
0,7,11,0,,,,,,,,
44,7,12,1,3126,4429,2332,1515,1199,559,,
41,7,12,0,,,,,,,,
0,7,12,0,,,,,,,,
19,7,13,0,,,,,,,,
2,7,13,2,7552,5050,3684,2766,1672,919,,
0,7,13,0,,,,,,,,
42,7,14,1,3677,982,1042,951,1204,582,,
39,7,14,0,,,,,,,,
0,7,14,0,,,,,,,,
33,7,15,0,,,,,,,,
24,7,15,2,4274,2477,2394,2724,2264,996,,
0,7,15,0,,,,,,,,
11,7,16,1,2906,2392,2582,1847,2165,1016,,
10,7,16,0,,,,,,,,
0,7,16,0,,,,,,,,
22,7,17,0,,,,,,,,
3,7,17,2,2054,3692,3736,1920,1259,2915,,
0,7,17,0,,,,,,,,
37,7,18,1,2157,2494,2480,1629,523,2540,,
11,7,18,0,,,,,,,,
0,7,18,0,,,,,,,,
14,7,19,0,,,,,,,,
20,7,19,2,4113,2206,2032,2006,1614,2104,,
0,7,19,0,,,,,,,,
43,7,20,1,3036,2203,1510,1928,1181,,,
30,7,20,0,,,,,,,,
0,7,20,0,,,,,,,,
27,7,21,0,,,,,,,,
19,7,21,2,3674,1358,810,2080,2136,1644,,
0,7,21,0,,,,,,,,
7,7,22,1,6007,6145,2906,2057,1424,1032,,
12,7,22,0,,,,,,,,
0,7,22,0,,,,,,,,
42,7,23,0,,,,,,,,
30,7,23,2,4996,1108,1120,1152,1518,963,,
0,7,23,0,,,,,,,,
18,7,24,1,5437,1157,1526,2269,1360,1645,,
1,7,24,0,,,,,,,,
0,7,24,0,,,,,,,,
36,7,25,0,,,,,,,,
13,7,25,2,4227,1461,1317,1951,1745,1326,,
0,7,25,0,,,,,,,,
8,7,26,1,6118,4428,1393,1993,1538,1382,,
17,7,26,0,,,,,,,,
0,7,26,0,,,,,,,,
40,7,27,0,,,,,,,,
6,7,27,2,3752,2911,2205,3641,2207,3292,,
0,7,27,0,,,,,,,,
1,7,28,1,12985,3493,7390,3079,1686,4935,,
26,7,28,0,,,,,,,,
0,7,28,0,,,,,,,,
7,7,29,0,,,,,,,,
39,7,29,2,3676,2272,2093,1086,944,613,,
0,7,29,0,,,,,,,,
21,7,30,1,5008,2112,2824,1622,1852,836,,
6,7,30,0,,,,,,,,
0,7,30,0,,,,,,,,
18,7,31,0,,,,,,,,
32,7,31,2,2908,3356,3486,1339,1275,776,,
0,7,31,0,,,,,,,,
31,7,32,1,5831,5293,2281,1283,924,534,,
13,7,32,0,,,,,,,,
0,7,32,0,,,,,,,,
29,8,1,1,2182,2583,1762,841,662,734,,
0,8,1,0,,,,,,,,
40,8,1,0,,,,,,,,
25,8,2,0,,,,,,,,
0,8,2,0,,,,,,,,
1,8,2,2,3597,1833,1640,1839,1908,941,,
4,8,3,1,3786,2101,1514,1872,1373,1031,,
0,8,3,0,,,,,,,,
14,8,3,0,,,,,,,,
22,8,4,0,,,,,,,,
0,8,4,0,,,,,,,,
39,8,4,2,1233,1814,1269,1508,875,958,,
22,8,5,1,1701,1065,1307,697,714,731,,
0,8,5,0,,,,,,,,
35,8,5,0,,,,,,,,
28,8,6,0,,,,,,,,
0,8,6,0,,,,,,,,
12,8,6,2,2019,1521,1415,1084,654,951,,
27,8,7,1,1445,1046,1729,1376,733,920,,
0,8,7,0,,,,,,,,
16,8,7,0,,,,,,,,
9,8,8,0,,,,,,,,
0,8,8,0,,,,,,,,
35,8,8,2,1087,920,717,808,1127,596,,
14,8,9,1,1852,1600,1439,1028,744,849,,
0,8,9,0,,,,,,,,
33,8,9,0,,,,,,,,
4,8,10,0,,,,,,,,
0,8,10,0,,,,,,,,
17,8,10,2,1051,1426,916,1484,1207,974,,
25,8,11,1,1212,2236,1783,778,524,843,,
38,8,11,0,,,,,,,,
0,8,11,0,,,,,,,,
44,8,12,0,,,,,,,,
3,8,12,2,2531,2683,1610,1705,927,476,,
0,8,12,0,,,,,,,,
6,8,13,1,3367,1084,1920,1724,1136,515,,
2,8,13,0,,,,,,,,
0,8,13,0,,,,,,,,
42,8,14,0,,,,,,,,
7,8,14,2,3985,965,1395,739,1070,745,,
0,8,14,0,,,,,,,,
24,8,15,1,1182,1879,2240,1169,1619,718,,
24,8,15,0,,,,,,,,
0,8,15,0,,,,,,,,
11,8,16,0,,,,,,,,
32,8,16,2,3528,1548,2753,1814,708,643,,
0,8,16,0,,,,,,,,
11,8,17,1,1358,2322,1734,1578,1713,1619,,
3,8,17,0,,,,,,,,
0,8,17,0,,,,,,,,
37,8,18,0,,,,,,,,
21,8,18,2,2040,1155,999,1484,1363,984,,
0,8,18,0,,,,,,,,
41,8,19,1,4110,1839,2754,1598,1632,965,,
20,8,19,0,,,,,,,,
0,8,19,0,,,,,,,,
43,8,20,0,,,,,,,,
8,8,20,2,2524,1483,2112,731,594,466,,
0,8,20,0,,,,,,,,
33,8,21,1,1545,946,1406,885,1080,1111,,
19,8,21,0,,,,,,,,
0,8,21,0,,,,,,,,
7,8,22,0,,,,,,,,
34,8,22,2,1685,1784,1776,721,759,865,,
0,8,22,0,,,,,,,,
20,8,23,1,1323,1178,1995,681,830,1093,,
30,8,23,0,,,,,,,,
0,8,23,0,,,,,,,,
18,8,24,0,,,,,,,,
38,8,24,2,924,1263,507,956,742,675,,
0,8,24,0,,,,,,,,
16,8,25,1,1435,2223,1693,1499,710,982,,
13,8,25,0,,,,,,,,
0,8,25,0,,,,,,,,
8,8,26,0,,,,,,,,
31,8,26,2,1839,874,1282,1063,1081,1209,,
0,8,26,0,,,,,,,,
10,8,27,1,4006,1589,1196,1186,1333,1792,,
6,8,27,0,,,,,,,,
0,8,27,0,,,,,,,,
1,8,28,0,,,,,,,,
26,8,28,2,3524,903,1184,1186,1209,1253,,
0,8,28,0,,,,,,,,
9,8,29,1,5415,1264,1107,922,1961,1148,,
39,8,29,0,,,,,,,,
0,8,29,0,,,,,,,,
21,8,30,0,,,,,,,,
37,8,30,2,1304,1702,1165,922,1494,1091,,
0,8,30,0,,,,,,,,
19,8,31,1,1124,1347,1814,710,1320,1493,,
32,8,31,0,,,,,,,,
0,8,31,0,,,,,,,,
31,8,32,0,,,,,,,,
42,8,32,2,2655,1653,1901,1156,1159,579,,
0,8,32,0,,,,,,,,
29,9,1,0,,,,,,,,
0,9,1,0,,,,,,,,
8,9,1,2,4575,5336,2648,4519,2770,1979,,
3,9,2,1,3262,4359,4439,5378,3601,1753,,
0,9,2,0,,,,,,,,
1,9,2,0,,,,,,,,
4,9,3,0,,,,,,,,
0,9,3,0,,,,,,,,
5,9,3,2,3063,3249,1942,4273,2653,4039,,
14,9,4,1,2843,8247,4800,3211,1485,1825,,
0,9,4,0,,,,,,,,
39,9,4,0,,,,,,,,
22,9,5,0,,,,,,,,
0,9,5,0,,,,,,,,
21,9,5,2,4064,2330,4210,2525,2110,1358,,
23,9,6,1,5903,2648,2285,3341,3778,1509,,
0,9,6,0,,,,,,,,
12,9,6,0,,,,,,,,
27,9,7,0,,,,,,,,
0,9,7,0,,,,,,,,
42,9,7,2,3883,2551,4680,2877,2440,2413,,
11,9,8,1,2463,5216,2808,2131,2821,3094,,
0,9,8,0,,,,,,,,
35,9,8,0,,,,,,,,
14,9,9,0,,,,,,,,
0,9,9,0,,,,,,,,
39,9,9,2,2922,2305,1676,1593,1707,1593,,
16,9,10,1,3279,2352,2789,3011,3081,2012,,
0,9,10,0,,,,,,,,
17,9,10,0,,,,,,,,
25,9,11,0,,,,,,,,
18,9,11,2,3500,2853,3255,3267,1243,1876,,
0,9,11,0,,,,,,,,
19,9,12,1,3232,3715,1989,2050,1454,1917,,
3,9,12,0,,,,,,,,
0,9,12,0,,,,,,,,
6,9,13,0,,,,,,,,
7,9,13,2,4238,2676,6218,6636,2650,2223,,
0,9,13,0,,,,,,,,
38,9,14,1,2195,1671,1841,3165,2039,1278,,
7,9,14,0,,,,,,,,
0,9,14,0,,,,,,,,
24,9,15,0,,,,,,,,
30,9,15,2,4346,4967,2033,2353,1930,1951,,
0,9,15,0,,,,,,,,
2,9,16,1,4980,4960,3813,3644,1257,1692,,
32,9,16,0,,,,,,,,
0,9,16,0,,,,,,,,
11,9,17,0,,,,,,,,
36,9,17,2,3487,4781,3218,2675,1902,1584,,
0,9,17,0,,,,,,,,
26,9,18,1,4824,2885,4041,3436,1449,2976,,
21,9,18,0,,,,,,,,
0,9,18,0,,,,,,,,
41,9,19,0,,,,,,,,
33,9,19,2,3137,2903,4289,1989,2127,2517,,
0,9,19,0,,,,,,,,
28,9,20,1,4523,2778,3802,5108,2173,1748,,
8,9,20,0,,,,,,,,
0,9,20,0,,,,,,,,
33,9,21,0,,,,,,,,
13,9,21,2,5493,4963,2087,3428,2204,1787,,
0,9,21,0,,,,,,,,
27,9,22,1,2176,3934,2508,1555,1896,1766,,
34,9,22,0,,,,,,,,
0,9,22,0,,,,,,,,
20,9,23,0,,,,,,,,
34,9,23,2,3878,2953,2544,3083,1729,3224,,
0,9,23,0,,,,,,,,
35,9,24,1,3881,3066,2952,2496,1602,3112,,
38,9,24,0,,,,,,,,
0,9,24,0,,,,,,,,
16,9,25,0,,,,,,,,
1,9,25,2,5126,3429,4262,3900,2827,2658,,
0,9,25,0,,,,,,,,
29,9,26,1,2737,1964,2330,1597,1891,2001,,
31,9,26,0,,,,,,,,
0,9,26,0,,,,,,,,
10,9,27,0,,,,,,,,
41,9,27,2,2955,3021,4140,2882,1588,2331,,
0,9,27,0,,,,,,,,
20,9,28,1,7333,3438,3312,2880,2034,2903,,
26,9,28,0,,,,,,,,
0,9,28,0,,,,,,,,
9,9,29,0,,,,,,,,
31,9,29,2,10090,4056,3006,3035,2705,1845,,
0,9,29,0,,,,,,,,
32,9,30,1,3506,3340,3266,5037,2607,2200,,
37,9,30,0,,,,,,,,
0,9,30,0,,,,,,,,
19,9,31,0,,,,,,,,
10,9,31,2,4163,3245,4842,4256,1919,2028,,
0,9,31,0,,,,,,,,
37,9,32,1,1881,2826,1687,2452,1746,1425,,
42,9,32,0,,,,,,,,
0,9,32,0,,,,,,,,
39,10,1,1,2948,2255,844,1196,1495,1510,,
0,10,1,0,,,,,,,,
8,10,1,0,,,,,,,,
3,10,2,0,,,,,,,,
0,10,2,0,,,,,,,,
35,10,2,2,2854,1831,1606,1873,1541,752,,
28,10,3,1,2208,878,1028,1397,1058,1893,,
0,10,3,0,,,,,,,,
5,10,3,0,,,,,,,,
14,10,4,0,,,,,,,,
0,10,4,0,,,,,,,,
16,10,4,2,1240,2385,954,1271,1281,1357,,
21,10,5,1,1645,951,941,797,1321,1215,,
0,10,5,0,,,,,,,,
21,10,5,0,,,,,,,,
23,10,6,0,,,,,,,,
0,10,6,0,,,,,,,,
25,10,6,2,1905,3442,1610,1232,1039,1393,,
30,10,7,1,1440,1659,1650,1796,1275,947,,
0,10,7,0,,,,,,,,
42,10,7,0,,,,,,,,
11,10,8,0,,,,,,,,
0,10,8,0,,,,,,,,
7,10,8,2,1094,2219,1175,1148,1324,2093,,
14,10,9,1,4863,2402,2507,2121,1461,1920,,
0,10,9,0,,,,,,,,
39,10,9,0,,,,,,,,
16,10,10,0,,,,,,,,
0,10,10,0,,,,,,,,
41,10,10,2,915,1723,996,873,839,1099,,
2,10,11,1,1502,2354,2838,1105,976,728,,
18,10,11,0,,,,,,,,
0,10,11,0,,,,,,,,
19,10,12,0,,,,,,,,
5,10,12,2,2554,4047,1289,3058,1592,621,,
0,10,12,0,,,,,,,,
43,10,13,1,2049,1743,1438,1230,1181,1538,,
7,10,13,0,,,,,,,,
0,10,13,0,,,,,,,,
38,10,14,0,,,,,,,,
33,10,14,2,1142,1936,2945,1569,920,574,,
0,10,14,0,,,,,,,,
9,10,15,1,951,813,1579,1234,1533,1028,,
30,10,15,0,,,,,,,,
0,10,15,0,,,,,,,,
2,10,16,0,,,,,,,,
11,10,16,2,1356,2400,3060,1217,658,932,,
0,10,16,0,,,,,,,,
34,10,17,1,2434,2354,2170,843,1113,1640,,
36,10,17,0,,,,,,,,
0,10,17,0,,,,,,,,
26,10,18,0,,,,,,,,
23,10,18,2,1262,2628,1337,1177,1023,1535,,
0,10,18,0,,,,,,,,
1,10,19,1,3883,2029,1269,1118,1541,2417,,
33,10,19,0,,,,,,,,
0,10,19,0,,,,,,,,
28,10,20,0,,,,,,,,
10,10,20,2,2237,1418,2125,1020,594,1173,,
0,10,20,0,,,,,,,,
20,10,21,1,1446,778,605,1065,888,1505,,
13,10,21,0,,,,,,,,
0,10,21,0,,,,,,,,
27,10,22,0,,,,,,,,
38,10,22,2,1587,1435,1424,1047,1654,745,,
0,10,22,0,,,,,,,,
24,10,23,1,1399,1403,1690,825,1190,1239,,
34,10,23,0,,,,,,,,
0,10,23,0,,,,,,,,
35,10,24,0,,,,,,,,
37,10,24,2,1354,2750,1920,3103,1378,1282,,
0,10,24,0,,,,,,,,
13,10,25,1,1664,1140,921,1676,1634,2015,,
1,10,25,0,,,,,,,,
0,10,25,0,,,,,,,,
29,10,26,0,,,,,,,,
19,10,26,2,1442,1491,1296,1106,896,1290,,
0,10,26,0,,,,,,,,
3,10,27,1,2563,1331,1164,1735,759,1670,,
41,10,27,0,,,,,,,,
0,10,27,0,,,,,,,,
20,10,28,0,,,,,,,,
12,10,28,2,2946,1718,2307,1325,1235,2693,,
0,10,28,0,,,,,,,,
18,10,29,1,2966,2583,2051,1727,2727,1321,,
31,10,29,0,,,,,,,,
0,10,29,0,,,,,,,,
32,10,30,0,,,,,,,,
4,10,30,2,4552,3788,3108,2417,1915,1813,,
0,10,30,0,,,,,,,,
6,10,31,1,1577,1204,1849,1786,1129,797,,
10,10,31,0,,,,,,,,
0,10,31,0,,,,,,,,
37,10,32,0,,,,,,,,
32,10,32,2,1341,1227,1629,891,1248,350,,
0,10,32,0,,,,,,,,
39,11,1,0,,,,,,,,
0,11,1,0,,,,,,,,
25,11,1,2,5820,3442,2152,1827,1400,1105,,
12,11,2,1,2624,1973,1667,2716,4126,950,,
0,11,2,0,,,,,,,,
35,11,2,0,,,,,,,,
28,11,3,0,,,,,,,,
0,11,3,0,,,,,,,,
27,11,3,2,1996,1771,1349,1455,962,1817,,
40,11,4,1,2681,3148,3047,2629,3629,2368,,
0,11,4,0,,,,,,,,
16,11,4,0,,,,,,,,
21,11,5,0,,,,,,,,
0,11,5,0,,,,,,,,
22,11,5,2,4115,3948,1652,2537,1876,1559,,
7,11,6,1,1416,1026,1516,1811,1519,1153,,
0,11,6,0,,,,,,,,
25,11,6,0,,,,,,,,
30,11,7,0,,,,,,,,
0,11,7,0,,,,,,,,
10,11,7,2,1864,1520,1151,683,740,842,,
14,11,8,1,4702,1263,1158,557,1048,1890,,
0,11,8,0,,,,,,,,
7,11,8,0,,,,,,,,
14,11,9,0,,,,,,,,
0,11,9,0,,,,,,,,
4,11,9,2,2439,3692,1613,2608,762,967,,
29,11,10,1,1175,1264,1289,2090,1760,2086,,
0,11,10,0,,,,,,,,
41,11,10,0,,,,,,,,
2,11,11,0,,,,,,,,
38,11,11,2,1603,2110,752,1184,1140,728,,
0,11,11,0,,,,,,,,
24,11,12,1,1789,2690,1634,2259,906,414,,
5,11,12,0,,,,,,,,
0,11,12,0,,,,,,,,
43,11,13,0,,,,,,,,
9,11,13,2,4609,1877,2507,834,1214,507,,
0,11,13,0,,,,,,,,
33,11,14,1,1569,2032,973,534,680,771,,
33,11,14,0,,,,,,,,
0,11,14,0,,,,,,,,
9,11,15,0,,,,,,,,
1,11,15,2,1315,1663,2553,1546,1816,1098,,
0,11,15,0,,,,,,,,
3,11,16,1,2035,2673,2897,641,558,542,,
11,11,16,0,,,,,,,,
0,11,16,0,,,,,,,,
34,11,17,0,,,,,,,,
16,11,17,2,4778,3479,3653,3025,2382,3043,,
0,11,17,0,,,,,,,,
32,11,18,1,2146,2335,3044,2139,1873,846,,
23,11,18,0,,,,,,,,
0,11,18,0,,,,,,,,
1,11,19,0,,,,,,,,
34,11,19,2,1475,826,948,714,1081,2918,,
0,11,19,0,,,,,,,,
18,11,20,1,1687,1204,949,900,2742,1421,,
10,11,20,0,,,,,,,,
0,11,20,0,,,,,,,,
20,11,21,0,,,,,,,,
35,11,21,2,1989,1742,1027,2518,1285,1659,,
0,11,21,0,,,,,,,,
6,11,22,1,1982,2548,1478,999,1613,3212,,
38,11,22,0,,,,,,,,
0,11,22,0,,,,,,,,
24,11,23,0,,,,,,,,
36,11,23,2,7056,3642,7271,2289,2985,2160,,
0,11,23,0,,,,,,,,
42,11,24,1,2064,1437,1118,759,463,724,,
37,11,24,0,,,,,,,,
0,11,24,0,,,,,,,,
13,11,25,0,,,,,,,,
20,11,25,2,2041,1393,1921,1395,1267,1041,,
0,11,25,0,,,,,,,,
37,11,26,1,1805,3024,2821,1794,2549,3809,,
19,11,26,0,,,,,,,,
0,11,26,0,,,,,,,,
3,11,27,0,,,,,,,,
2,11,27,2,1325,713,1553,877,462,1034,,
0,11,27,0,,,,,,,,
31,11,28,1,3482,2068,3145,900,767,2091,,
12,11,28,0,,,,,,,,
0,11,28,0,,,,,,,,
18,11,29,0,,,,,,,,
21,11,29,2,1981,3332,1992,1442,848,890,,
0,11,29,0,,,,,,,,
19,11,30,1,1400,2135,642,785,469,1019,,
4,11,30,0,,,,,,,,
0,11,30,0,,,,,,,,
6,11,31,0,,,,,,,,
39,11,31,2,1681,2187,1837,1607,1467,1382,,
0,11,31,0,,,,,,,,
17,11,32,1,1485,1863,760,1477,1150,745,,
32,11,32,0,,,,,,,,
0,11,32,0,,,,,,,,
12,12,1,1,1972,1806,1808,1587,1334,899,,
0,12,1,0,,,,,,,,
25,12,1,0,,,,,,,,
12,12,2,0,,,,,,,,
0,12,2,0,,,,,,,,
10,12,2,2,2105,2069,1903,1637,1507,832,,
40,12,3,1,1925,2403,2293,1995,1384,2219,,
0,12,3,0,,,,,,,,
27,12,3,0,,,,,,,,
40,12,4,0,,,,,,,,
0,12,4,0,,,,,,,,
21,12,4,2,3137,2869,1702,2019,1341,1670,,
35,12,5,1,2596,1883,2020,1381,1038,1454,,
0,12,5,0,,,,,,,,
22,12,5,0,,,,,,,,
7,12,6,0,,,,,,,,
0,12,6,0,,,,,,,,
27,12,6,2,1379,2339,1904,1955,3044,1846,,
38,12,7,1,2463,2235,1836,2476,1489,2001,,
0,12,7,0,,,,,,,,
10,12,7,0,,,,,,,,
14,12,8,0,,,,,,,,
0,12,8,0,,,,,,,,
16,12,8,2,1177,1910,1724,1044,2370,1583,,
25,12,9,1,1346,2053,3154,2296,1845,1435,,
0,12,9,0,,,,,,,,
4,12,9,0,,,,,,,,
29,12,10,0,,,,,,,,
0,12,10,0,,,,,,,,
7,12,10,2,1188,1589,1498,1297,1222,845,,
42,12,11,1,1081,1993,1566,2205,1048,989,,
38,12,11,0,,,,,,,,
0,12,11,0,,,,,,,,
24,12,12,0,,,,,,,,
14,12,12,2,1185,2676,1585,2296,1449,992,,
0,12,12,0,,,,,,,,
23,12,13,1,1571,2018,2184,1945,1337,1093,,
9,12,13,0,,,,,,,,
0,12,13,0,,,,,,,,
33,12,14,0,,,,,,,,
37,12,14,2,1172,996,1293,1172,1043,530,,
0,12,14,0,,,,,,,,
30,12,15,1,1012,1409,1904,2392,994,853,,
1,12,15,0,,,,,,,,
0,12,15,0,,,,,,,,
3,12,16,0,,,,,,,,
20,12,16,2,1470,1538,2526,1653,999,999,,
0,12,16,0,,,,,,,,
18,12,17,1,1245,1693,2206,1403,1067,1429,,
16,12,17,0,,,,,,,,
0,12,17,0,,,,,,,,
32,12,18,0,,,,,,,,
29,12,18,2,1714,1975,1820,1306,1251,1541,,
0,12,18,0,,,,,,,,
2,12,19,1,3126,2648,1916,1086,1618,1765,,
34,12,19,0,,,,,,,,
0,12,19,0,,,,,,,,
18,12,20,0,,,,,,,,
9,12,20,2,1498,2026,2265,2230,1099,912,,
0,12,20,0,,,,,,,,
5,12,21,1,1779,1109,1239,1920,1511,1601,,
35,12,21,0,,,,,,,,
0,12,21,0,,,,,,,,
6,12,22,0,,,,,,,,
19,12,22,2,929,1882,1934,886,1919,1865,,
0,12,22,0,,,,,,,,
34,12,23,1,2058,1441,1138,1346,1460,1061,,
36,12,23,0,,,,,,,,
0,12,23,0,,,,,,,,
42,12,24,0,,,,,,,,
32,12,24,2,2273,1803,1741,2128,1051,883,,
0,12,24,0,,,,,,,,
33,12,25,1,1683,2991,2341,1670,1003,1224,,
20,12,25,0,,,,,,,,
0,12,25,0,,,,,,,,
37,12,26,0,,,,,,,,
1,12,26,2,2432,1831,1989,1486,1396,1694,,
0,12,26,0,,,,,,,,
4,12,27,1,2477,3023,1941,2439,1220,1418,,
2,12,27,0,,,,,,,,
0,12,27,0,,,,,,,,
31,12,28,0,,,,,,,,
15,12,28,2,1982,1205,2546,1667,1258,1852,,
0,12,28,0,,,,,,,,
31,12,29,1,2106,2212,1738,2265,2582,2138,,
21,12,29,0,,,,,,,,
0,12,29,0,,,,,,,,
19,12,30,0,,,,,,,,
6,12,30,2,1788,1485,1622,1977,1263,1699,,
0,12,30,0,,,,,,,,
3,12,31,1,1787,3456,2439,2030,1231,1480,,
39,12,31,0,,,,,,,,
0,12,31,0,,,,,,,,
17,12,32,0,,,,,,,,
24,12,32,2,1628,1991,2762,2605,1739,1028,,
0,12,32,0,,,,,,,,
12,13,1,0,,,,,,,,
0,13,1,0,,,,,,,,
26,13,1,2,2230,1856,1184,1389,1446,934,,
12,13,2,1,3645,6028,3201,4134,2286,1198,,
0,13,2,0,,,,,,,,
10,13,2,0,,,,,,,,
40,13,3,0,,,,,,,,
0,13,3,0,,,,,,,,
28,13,3,2,2046,1961,1903,2475,1381,2571,,
41,13,4,1,2334,2825,1342,1614,1138,964,,
0,13,4,0,,,,,,,,
21,13,4,0,,,,,,,,
35,13,5,0,,,,,,,,
0,13,5,0,,,,,,,,
22,13,5,2,2731,1658,1980,1262,971,1239,,
7,13,6,1,1565,2719,2769,2226,2242,2025,,
0,13,6,0,,,,,,,,
27,13,6,0,,,,,,,,
38,13,7,0,,,,,,,,
0,13,7,0,,,,,,,,
10,13,7,2,5362,3374,2635,3137,1321,1878,,
14,13,8,1,1401,1801,2163,2615,2241,2131,,
0,13,8,0,,,,,,,,
16,13,8,0,,,,,,,,
25,13,9,0,,,,,,,,
0,13,9,0,,,,,,,,
4,13,9,2,2994,2551,2409,2010,1234,1887,,
30,13,10,1,1891,1695,1226,1224,2037,1228,,
0,13,10,0,,,,,,,,
7,13,10,0,,,,,,,,
42,13,11,0,,,,,,,,
39,13,11,2,1263,2334,1917,2083,1015,1175,,
0,13,11,0,,,,,,,,
24,13,12,1,2155,2417,2026,2336,2106,1626,,
14,13,12,0,,,,,,,,
0,13,12,0,,,,,,,,
23,13,13,0,,,,,,,,
9,13,13,2,5861,2069,4335,3719,2211,1954,,
0,13,13,0,,,,,,,,
34,13,14,1,2793,2060,2229,1880,1568,1115,,
37,13,14,0,,,,,,,,
0,13,14,0,,,,,,,,
30,13,15,0,,,,,,,,
1,13,15,2,1936,3506,2624,2078,1469,1011,,
0,13,15,0,,,,,,,,
3,13,16,1,2555,2603,2574,1299,1172,1138,,
20,13,16,0,,,,,,,,
0,13,16,0,,,,,,,,
18,13,17,0,,,,,,,,
16,13,17,2,3351,3265,3851,2859,1583,2346,,
0,13,17,0,,,,,,,,
33,13,18,1,2785,2394,3083,2859,2868,1411,,
29,13,18,0,,,,,,,,
0,13,18,0,,,,,,,,
2,13,19,0,,,,,,,,
35,13,19,2,2674,2413,5201,1802,2180,2767,,
0,13,19,0,,,,,,,,
18,13,20,1,3418,2950,2924,1929,1175,1136,,
9,13,20,0,,,,,,,,
0,13,20,0,,,,,,,,
5,13,21,0,,,,,,,,
36,13,21,2,2331,1950,1247,1646,1291,2557,,
0,13,21,0,,,,,,,,
6,13,22,1,2418,2422,2098,2815,2032,1586,,
19,13,22,0,,,,,,,,
0,13,22,0,,,,,,,,
34,13,23,0,,,,,,,,
37,13,23,2,2869,3272,1814,1168,1934,1258,,
0,13,23,0,,,,,,,,
43,13,24,1,2434,1609,1149,1636,909,1082,,
32,13,24,0,,,,,,,,
0,13,24,0,,,,,,,,
33,13,25,0,,,,,,,,
20,13,25,2,2807,3071,2311,2858,1962,1141,,
0,13,25,0,,,,,,,,
38,13,26,1,2080,2743,2141,1838,1278,1677,,
1,13,26,0,,,,,,,,
0,13,26,0,,,,,,,,
4,13,27,0,,,,,,,,
2,13,27,2,2108,1928,1784,2709,1514,1908,,
0,13,27,0,,,,,,,,
32,13,28,1,2813,1986,2487,1990,1648,3776,,
15,13,28,0,,,,,,,,
0,13,28,0,,,,,,,,
31,13,29,0,,,,,,,,
21,13,29,2,4688,2488,1802,4576,2003,1510,,
0,13,29,0,,,,,,,,
19,13,30,1,4286,3509,4648,2694,3103,2930,,
6,13,30,0,,,,,,,,
0,13,30,0,,,,,,,,
3,13,31,0,,,,,,,,
40,13,31,2,2712,2461,2069,2498,1635,1450,,
0,13,31,0,,,,,,,,
17,13,32,1,1976,2006,1203,2556,1191,718,,
24,13,32,0,,,,,,,,
0,13,32,0,,,,,,,,
12,14,1,1,2687,2671,839,749,2099,1148,,
0,14,1,0,,,,,,,,
26,14,1,0,,,,,,,,
12,14,2,0,,,,,,,,
0,14,2,0,,,,,,,,
6,14,2,2,1679,2161,1483,1122,931,1183,,
31,14,3,1,2770,1354,1712,1216,763,922,,
0,14,3,0,,,,,,,,
28,14,3,0,,,,,,,,
41,14,4,0,,,,,,,,
0,14,4,0,,,,,,,,
33,14,4,2,3718,5084,959,793,1207,850,,
26,14,5,1,1000,753,1066,833,507,627,,
0,14,5,0,,,,,,,,
22,14,5,0,,,,,,,,
7,14,6,0,,,,,,,,
0,14,6,0,,,,,,,,
10,14,6,2,894,916,762,1350,857,670,,
28,14,7,1,1977,1169,2022,1676,977,567,,
0,14,7,0,,,,,,,,
10,14,7,0,,,,,,,,
14,14,8,0,,,,,,,,
0,14,8,0,,,,,,,,
38,14,8,2,2108,1504,1454,1082,1972,1333,,
1,14,9,1,1749,2955,3380,3477,1956,719,,
0,14,9,0,,,,,,,,
4,14,9,0,,,,,,,,
30,14,10,0,,,,,,,,
0,14,10,0,,,,,,,,
16,14,10,2,816,940,849,704,1265,850,,
25,14,11,1,1206,1104,1437,522,401,491,,
39,14,11,0,,,,,,,,
0,14,11,0,,,,,,,,
24,14,12,0,,,,,,,,
20,14,12,2,1510,1660,728,1108,710,330,,
0,14,12,0,,,,,,,,
5,14,13,1,1588,1094,1031,980,1466,840,,
9,14,13,0,,,,,,,,
0,14,13,0,,,,,,,,
34,14,14,0,,,,,,,,
42,14,14,2,3778,2176,696,1741,817,662,,
0,14,14,0,,,,,,,,
23,14,15,1,483,1016,801,610,522,535,,
1,14,15,0,,,,,,,,
0,14,15,0,,,,,,,,
3,14,16,0,,,,,,,,
4,14,16,2,3825,2181,1171,723,535,658,,
0,14,16,0,,,,,,,,
36,14,17,1,2275,1048,1184,707,665,1021,,
16,14,17,0,,,,,,,,
0,14,17,0,,,,,,,,
33,14,18,0,,,,,,,,
14,14,18,2,909,2659,1195,1384,1200,1094,,
0,14,18,0,,,,,,,,
30,14,19,1,2635,1364,1993,1870,2592,1023,,
35,14,19,0,,,,,,,,
0,14,19,0,,,,,,,,
18,14,20,0,,,,,,,,
15,14,20,2,1990,1730,2072,876,583,1546,,
0,14,20,0,,,,,,,,
8,14,21,1,3908,2950,2359,1093,1038,760,,
36,14,21,0,,,,,,,,
0,14,21,0,,,,,,,,
6,14,22,0,,,,,,,,
41,14,22,2,1956,1590,2814,954,996,447,,
0,14,22,0,,,,,,,,
21,14,23,1,981,1277,1710,727,626,697,,
37,14,23,0,,,,,,,,
0,14,23,0,,,,,,,,
43,14,24,0,,,,,,,,
19,14,24,2,1500,969,780,625,501,727,,
0,14,24,0,,,,,,,,
3,14,25,1,1003,2111,1056,2466,709,580,,
20,14,25,0,,,,,,,,
0,14,25,0,,,,,,,,
38,14,26,0,,,,,,,,
40,14,26,2,5224,2609,966,820,938,639,,
0,14,26,0,,,,,,,,
18,14,27,1,5608,1661,1794,2557,1441,933,,
2,14,27,0,,,,,,,,
0,14,27,0,,,,,,,,
32,14,28,0,,,,,,,,
22,14,28,2,1729,827,1578,794,1015,1741,,
0,14,28,0,,,,,,,,
24,14,29,1,1398,1403,1013,904,686,1102,,
21,14,29,0,,,,,,,,
0,14,29,0,,,,,,,,
19,14,30,0,,,,,,,,
37,14,30,2,1889,1581,1261,2113,2434,1103,,
0,14,30,0,,,,,,,,
35,14,31,1,2957,2351,2533,792,591,733,,
40,14,31,0,,,,,,,,
0,14,31,0,,,,,,,,
17,14,32,0,,,,,,,,
9,14,32,2,2374,1759,2697,2132,1168,943,,
0,14,32,0,,,,,,,,
12,15,1,0,,,,,,,,
0,15,1,0,,,,,,,,
36,15,1,2,1911,1662,883,728,865,520,,
29,15,2,1,1734,1353,979,1131,837,898,,
0,15,2,0,,,,,,,,
6,15,2,0,,,,,,,,
31,15,3,0,,,,,,,,
0,15,3,0,,,,,,,,
1,15,3,2,1992,1135,1779,2276,1541,2715,,
22,15,4,1,1394,3353,2970,1969,1260,841,,
0,15,4,0,,,,,,,,
33,15,4,0,,,,,,,,
26,15,5,0,,,,,,,,
0,15,5,0,,,,,,,,
10,15,5,2,2221,1614,1992,975,1046,1412,,
5,15,6,1,2658,2156,2755,2450,1811,1199,,
0,15,6,0,,,,,,,,
10,15,6,0,,,,,,,,
28,15,7,0,,,,,,,,
0,15,7,0,,,,,,,,
20,15,7,2,1614,2026,1548,924,1358,837,,
3,15,8,1,5196,2470,1635,3152,2795,2266,,
0,15,8,0,,,,,,,,
38,15,8,0,,,,,,,,
1,15,9,0,,,,,,,,
0,15,9,0,,,,,,,,
38,15,9,2,793,1210,1238,1072,714,952,,
16,15,10,1,2046,1109,847,1092,1176,1209,,
0,15,10,0,,,,,,,,
16,15,10,0,,,,,,,,
25,15,11,0,,,,,,,,
28,15,11,2,1057,1324,1321,965,627,1214,,
0,15,11,0,,,,,,,,
43,15,12,1,1019,1100,1253,1676,508,378,,
20,15,12,0,,,,,,,,
0,15,12,0,,,,,,,,
5,15,13,0,,,,,,,,
27,15,13,2,2107,776,1223,1188,1208,1276,,
0,15,13,0,,,,,,,,
26,15,14,1,1294,1117,775,1532,1258,886,,
42,15,14,0,,,,,,,,
0,15,14,0,,,,,,,,
23,15,15,0,,,,,,,,
25,15,15,2,771,1342,1665,1827,1005,1011,,
0,15,15,0,,,,,,,,
8,15,16,1,3552,2846,1561,1128,868,867,,
4,15,16,0,,,,,,,,
0,15,16,0,,,,,,,,
36,15,17,0,,,,,,,,
13,15,17,2,2776,2629,1830,1519,2045,1441,,
0,15,17,0,,,,,,,,
19,15,18,1,786,1999,1706,1199,1035,971,,
14,15,18,0,,,,,,,,
0,15,18,0,,,,,,,,
30,15,19,0,,,,,,,,
7,15,19,2,2678,2550,2280,1122,1106,2688,,
0,15,19,0,,,,,,,,
33,15,20,1,2557,1510,1184,1400,940,645,,
15,15,20,0,,,,,,,,
0,15,20,0,,,,,,,,
8,15,21,0,,,,,,,,
9,15,21,2,3612,1929,1366,1801,1744,1266,,
0,15,21,0,,,,,,,,
34,15,22,1,570,1443,945,658,1007,998,,
41,15,22,0,,,,,,,,
0,15,22,0,,,,,,,,
21,15,23,0,,,,,,,,
14,15,23,2,1040,1016,1294,999,1101,975,,
0,15,23,0,,,,,,,,
40,15,24,1,989,826,684,1053,337,681,,
19,15,24,0,,,,,,,,
0,15,24,0,,,,,,,,
3,15,25,0,,,,,,,,
41,15,25,2,1476,1336,764,1148,762,1194,,
0,15,25,0,,,,,,,,
31,15,26,1,1395,1058,825,1216,661,1281,,
40,15,26,0,,,,,,,,
0,15,26,0,,,,,,,,
18,15,27,0,,,,,,,,
42,15,27,2,769,1352,1055,1284,744,1625,,
0,15,27,0,,,,,,,,
15,15,28,1,1927,1407,2100,1617,809,1489,,
22,15,28,0,,,,,,,,
0,15,28,0,,,,,,,,
24,15,29,0,,,,,,,,
12,15,29,2,1440,1777,1520,1204,1367,1070,,
0,15,29,0,,,,,,,,
18,15,30,1,1350,1794,1220,1226,763,1958,,
37,15,30,0,,,,,,,,
0,15,30,0,,,,,,,,
35,15,31,0,,,,,,,,
32,15,31,2,1463,1313,786,898,858,1147,,
0,15,31,0,,,,,,,,
35,15,32,1,1258,1742,1167,1837,677,647,,
9,15,32,0,,,,,,,,
0,15,32,0,,,,,,,,
37,16,1,1,1975,3365,1689,4647,1760,1159,,
0,16,1,0,,,,,,,,
36,16,1,0,,,,,,,,
29,16,2,0,,,,,,,,
0,16,2,0,,,,,,,,
16,16,2,2,4380,4294,3397,3629,2144,1449,,
25,16,3,1,3064,2180,3754,2739,1607,1542,,
0,16,3,0,,,,,,,,
1,16,3,0,,,,,,,,
22,16,4,0,,,,,,,,
0,16,4,0,,,,,,,,
14,16,4,2,1724,3488,2189,2495,2821,2463,,
4,16,5,1,2669,2699,1681,2208,2239,1038,,
0,16,5,0,,,,,,,,
10,16,5,0,,,,,,,,
5,16,6,0,,,,,,,,
0,16,6,0,,,,,,,,
41,16,6,2,1802,3235,1648,1449,1127,635,,
10,16,7,1,2597,2439,1661,3847,859,1724,,
0,16,7,0,,,,,,,,
20,16,7,0,,,,,,,,
3,16,8,0,,,,,,,,
0,16,8,0,,,,,,,,
19,16,8,2,2426,1941,1199,1258,1395,2186,,
2,16,9,1,2261,2101,2131,1409,1652,1708,,
0,16,9,0,,,,,,,,
38,16,9,0,,,,,,,,
16,16,10,0,,,,,,,,
0,16,10,0,,,,,,,,
35,16,10,2,1302,2192,2152,1640,1376,864,,
12,16,11,1,4062,4952,2061,1288,700,778,,
28,16,11,0,,,,,,,,
0,16,11,0,,,,,,,,
43,16,12,0,,,,,,,,
31,16,12,2,2276,3369,2287,2637,1824,507,,
0,16,12,0,,,,,,,,
28,16,13,1,4631,2163,2475,4727,2677,1627,,
27,16,13,0,,,,,,,,
0,16,13,0,,,,,,,,
26,16,14,0,,,,,,,,
18,16,14,2,2820,1854,1830,1187,931,941,,
0,16,14,0,,,,,,,,
1,16,15,1,2018,4274,4175,1945,2092,838,,
25,16,15,0,,,,,,,,
0,16,15,0,,,,,,,,
8,16,16,0,,,,,,,,
43,16,16,2,2524,1544,1608,1566,962,743,,
0,16,16,0,,,,,,,,
8,16,17,1,2370,2089,2043,1194,1331,2780,,
13,16,17,0,,,,,,,,
0,16,17,0,,,,,,,,
19,16,18,0,,,,,,,,
13,16,18,2,2115,4809,2221,1255,2077,1241,,
0,16,18,0,,,,,,,,
6,16,19,1,2208,2565,3953,1165,1357,3541,,
7,16,19,0,,,,,,,,
0,16,19,0,,,,,,,,
33,16,20,0,,,,,,,,
23,16,20,2,3344,2729,2429,2325,836,1464,,
0,16,20,0,,,,,,,,
9,16,21,1,3503,1792,3196,3901,1656,925,,
9,16,21,0,,,,,,,,
0,16,21,0,,,,,,,,
34,16,22,0,,,,,,,,
32,16,22,2,1533,2376,2431,966,3830,979,,
0,16,22,0,,,,,,,,
30,16,23,1,2332,2315,2251,1133,1096,1366,,
14,16,23,0,,,,,,,,
0,16,23,0,,,,,,,,
40,16,24,0,,,,,,,,
24,16,24,2,6147,1899,2609,3264,1429,730,,
0,16,24,0,,,,,,,,
27,16,25,1,2821,2081,1360,3310,854,1259,,
41,16,25,0,,,,,,,,
0,16,25,0,,,,,,,,
31,16,26,0,,,,,,,,
40,16,26,2,1820,2514,2307,1104,2365,1075,,
0,16,26,0,,,,,,,,
39,16,27,1,2233,2026,1845,2050,750,1288,,
42,16,27,0,,,,,,,,
0,16,27,0,,,,,,,,
15,16,28,0,,,,,,,,
34,16,28,2,3519,2572,2603,2743,1134,3081,,
0,16,28,0,,,,,,,,
7,16,29,1,3681,2451,2987,2297,1351,1078,,
12,16,29,0,,,,,,,,
0,16,29,0,,,,,,,,
18,16,30,0,,,,,,,,
22,16,30,2,3362,2827,2577,3014,1898,1734,,
0,16,30,0,,,,,,,,
21,16,31,1,2849,2811,2049,1010,1477,1412,,
32,16,31,0,,,,,,,,
0,16,31,0,,,,,,,,
35,16,32,0,,,,,,,,
33,16,32,2,1798,3807,1899,2379,1635,432,,
0,16,32,0,,,,,,,,
37,17,1,0,,,,,,,,
0,17,1,0,,,,,,,,
27,17,1,2,3861,4785,1253,1720,1409,1759,,
11,17,2,1,4982,4868,6309,3667,3470,2485,,
0,17,2,0,,,,,,,,
16,17,2,0,,,,,,,,
25,17,3,0,,,,,,,,
0,17,3,0,,,,,,,,
7,17,3,2,1596,2146,1778,2396,1988,2314,,
36,17,4,1,2409,3582,1522,1478,876,1004,,
0,17,4,0,,,,,,,,
14,17,4,0,,,,,,,,
4,17,5,0,,,,,,,,
0,17,5,0,,,,,,,,
1,17,5,2,8788,5969,6640,2809,5240,2778,,
15,17,6,1,1260,3622,1831,1889,2005,1865,,
0,17,6,0,,,,,,,,
41,17,6,0,,,,,,,,
10,17,7,0,,,,,,,,
0,17,7,0,,,,,,,,
9,17,7,2,5120,3806,3845,5674,1108,1407,,
23,17,8,1,1459,1854,2640,1291,2742,3241,,
0,17,8,0,,,,,,,,
19,17,8,0,,,,,,,,
2,17,9,0,,,,,,,,
0,17,9,0,,,,,,,,
18,17,9,2,3069,2942,1906,4013,2453,1432,,
30,17,10,1,1026,2109,2235,1612,1307,1381,,
0,17,10,0,,,,,,,,
35,17,10,0,,,,,,,,
12,17,11,0,,,,,,,,
32,17,11,2,3168,13848,2576,1719,853,1242,,
0,17,11,0,,,,,,,,
40,17,12,1,3278,4393,2976,3215,1802,979,,
31,17,12,0,,,,,,,,
0,17,12,0,,,,,,,,
28,17,13,0,,,,,,,,
20,17,13,2,2286,1701,2640,2277,3240,1633,,
0,17,13,0,,,,,,,,
42,17,14,1,2242,3039,4806,4985,805,732,,
18,17,14,0,,,,,,,,
0,17,14,0,,,,,,,,
1,17,15,0,,,,,,,,
25,17,15,2,987,1823,2669,1782,2460,1389,,
0,17,15,0,,,,,,,,
29,17,16,1,1549,1873,1369,1459,1013,1250,,
43,17,16,0,,,,,,,,
0,17,16,0,,,,,,,,
8,17,17,0,,,,,,,,
34,17,17,2,2411,4420,3165,1655,2165,2243,,
0,17,17,0,,,,,,,,
4,17,18,1,3797,3501,3875,2925,1786,2011,,
13,17,18,0,,,,,,,,
0,17,18,0,,,,,,,,
6,17,19,0,,,,,,,,
5,17,19,2,3598,5370,3151,2461,2243,3076,,
0,17,19,0,,,,,,,,
41,17,20,1,7371,8692,2652,3208,1644,1643,,
23,17,20,0,,,,,,,,
0,17,20,0,,,,,,,,
9,17,21,0,,,,,,,,
26,17,21,2,3084,2258,2337,1832,2132,1752,,
0,17,21,0,,,,,,,,
39,17,22,1,2132,2541,1268,1041,1542,994,,
32,17,22,0,,,,,,,,
0,17,22,0,,,,,,,,
30,17,23,0,,,,,,,,
38,17,23,2,1338,3291,3397,1619,1857,1978,,
0,17,23,0,,,,,,,,
13,17,24,1,2568,1788,2091,1641,908,1648,,
24,17,24,0,,,,,,,,
0,17,24,0,,,,,,,,
27,17,25,0,,,,,,,,
22,17,25,2,3971,6183,3180,5226,1881,2211,,
0,17,25,0,,,,,,,,
6,17,26,1,2108,2649,2835,7774,2695,2345,,
40,17,26,0,,,,,,,,
0,17,26,0,,,,,,,,
39,17,27,0,,,,,,,,
3,17,27,2,2905,3249,2623,3349,2952,6392,,
0,17,27,0,,,,,,,,
21,17,28,1,9602,2532,2496,2906,1439,8197,,
34,17,28,0,,,,,,,,
0,17,28,0,,,,,,,,
7,17,29,0,,,,,,,,
33,17,29,2,7771,3628,5891,1905,1216,1357,,
0,17,29,0,,,,,,,,
14,17,30,1,3572,2924,2811,1923,1456,1840,,
22,17,30,0,,,,,,,,
0,17,30,0,,,,,,,,
21,17,31,0,,,,,,,,
17,17,31,2,5709,3168,3451,1636,1121,1699,,
0,17,31,0,,,,,,,,
35,17,32,1,1109,3409,1701,1281,762,1063,,
33,17,32,0,,,,,,,,
0,17,32,0,,,,,,,,
37,18,1,0,,,,,,,,
0,18,1,0,,,,,,,,
7,18,1,2,4845,2840,2006,2475,1083,534,,
2,18,2,1,5710,6519,1621,2866,2218,2181,,
0,18,2,0,,,,,,,,
16,18,2,0,,,,,,,,
25,18,3,0,,,,,,,,
0,18,3,0,,,,,,,,
38,18,3,2,6064,2519,2419,3026,1581,1451,,
5,18,4,1,3773,5212,2179,1805,1686,2342,,
0,18,4,0,,,,,,,,
14,18,4,0,,,,,,,,
4,18,5,0,,,,,,,,
0,18,5,0,,,,,,,,
35,18,5,2,5031,4336,2212,1824,1051,1036,,
40,18,6,1,3956,3225,3116,2157,1553,1449,,
0,18,6,0,,,,,,,,
41,18,6,0,,,,,,,,
10,18,7,0,,,,,,,,
0,18,7,0,,,,,,,,
20,18,7,2,5675,5961,2795,3301,1528,1977,,
33,18,8,1,1675,4563,3750,1246,1323,1943,,
0,18,8,0,,,,,,,,
19,18,8,0,,,,,,,,
2,18,9,0,,,,,,,,
0,18,9,0,,,,,,,,
29,18,9,2,1545,2754,2575,2716,1204,835,,
10,18,10,1,5173,2745,2992,2048,1201,1030,,
0,18,10,0,,,,,,,,
35,18,10,0,,,,,,,,
12,18,11,0,,,,,,,,
27,18,11,2,3199,3025,1846,1856,712,610,,
0,18,11,0,,,,,,,,
24,18,12,1,2459,2794,1437,1711,900,365,,
31,18,12,0,,,,,,,,
0,18,12,0,,,,,,,,
28,18,13,0,,,,,,,,
14,18,13,2,2607,1800,2194,2949,2095,1071,,
0,18,13,0,,,,,,,,
19,18,14,1,3635,4538,2017,1603,1523,708,,
18,18,14,0,,,,,,,,
0,18,14,0,,,,,,,,
1,18,15,0,,,,,,,,
12,18,15,2,3440,6709,6339,4374,3171,2773,,
0,18,15,0,,,,,,,,
13,18,16,1,5531,9456,9074,1710,919,1159,,
43,18,16,0,,,,,,,,
0,18,16,0,,,,,,,,
8,18,17,0,,,,,,,,
16,18,17,2,5273,3295,2756,1974,2375,1732,,
0,18,17,0,,,,,,,,
28,18,18,1,12220,7977,2516,1830,800,1508,,
13,18,18,0,,,,,,,,
0,18,18,0,,,,,,,,
6,18,19,0,,,,,,,,
17,18,19,2,4829,2595,2696,1405,2502,2085,,
0,18,19,0,,,,,,,,
26,18,20,1,3232,4943,3522,3516,1308,584,,
23,18,20,0,,,,,,,,
0,18,20,0,,,,,,,,
9,18,21,0,,,,,,,,
18,18,21,2,5511,3550,1618,2296,1830,697,,
0,18,21,0,,,,,,,,
9,18,22,1,1037,3613,1666,2121,1343,968,,
32,18,22,0,,,,,,,,
0,18,22,0,,,,,,,,
30,18,23,0,,,,,,,,
37,18,23,2,4058,3185,2953,1512,910,1135,,
0,18,23,0,,,,,,,,
22,18,24,1,4401,4241,1111,1744,1505,1331,,
24,18,24,0,,,,,,,,
0,18,24,0,,,,,,,,
27,18,25,0,,,,,,,,
23,18,25,2,3969,4470,1785,2998,2502,1013,,
0,18,25,0,,,,,,,,
25,18,26,1,5153,900,1461,1489,1132,1455,,
40,18,26,0,,,,,,,,
0,18,26,0,,,,,,,,
39,18,27,0,,,,,,,,
15,18,27,2,2819,2135,3144,1768,2146,2145,,
0,18,27,0,,,,,,,,
42,18,28,1,4028,2638,4620,989,844,2228,,
34,18,28,0,,,,,,,,
0,18,28,0,,,,,,,,
7,18,29,0,,,,,,,,
1,18,29,2,3614,4496,6697,4929,5590,1964,,
0,18,29,0,,,,,,,,
4,18,30,1,4410,9512,8477,1588,1268,1873,,
22,18,30,0,,,,,,,,
0,18,30,0,,,,,,,,
21,18,31,0,,,,,,,,
31,18,31,2,2869,3078,2860,4230,2096,1717,,
0,18,31,0,,,,,,,,
32,18,32,1,4897,6177,2276,1716,1052,684,,
33,18,32,0,,,,,,,,
0,18,32,0,,,,,,,,
42,19,1,1,2130,2386,1027,1194,1085,1162,,
0,19,1,0,,,,,,,,
7,19,1,0,,,,,,,,
2,19,2,0,,,,,,,,
0,19,2,0,,,,,,,,
17,19,2,2,2889,3993,3261,2664,1754,1040,,
36,19,3,1,3069,2083,2806,1792,944,810,,
0,19,3,0,,,,,,,,
38,19,3,0,,,,,,,,
5,19,4,0,,,,,,,,
0,19,4,0,,,,,,,,
1,19,4,2,2132,3270,2606,1611,1499,1536,,
31,19,5,1,4071,3973,1905,1379,1049,983,,
0,19,5,0,,,,,,,,
35,19,5,0,,,,,,,,
40,19,6,0,,,,,,,,
0,19,6,0,,,,,,,,
24,19,6,2,2006,1418,1813,2107,1861,870,,
7,19,7,1,4526,4454,2976,2585,1607,804,,
0,19,7,0,,,,,,,,
20,19,7,0,,,,,,,,
33,19,8,0,,,,,,,,
0,19,8,0,,,,,,,,
3,19,8,2,3870,4203,1506,2732,2028,1582,,
39,19,9,1,2790,3147,1765,1171,944,811,,
0,19,9,0,,,,,,,,
29,19,9,0,,,,,,,,
10,19,10,0,,,,,,,,
0,19,10,0,,,,,,,,
12,19,10,2,1124,2680,1180,1315,1386,1352,,
6,19,11,1,2347,1673,1893,1151,881,1784,,
27,19,11,0,,,,,,,,
0,19,11,0,,,,,,,,
24,19,12,0,,,,,,,,
22,19,12,2,1772,2425,1629,1115,1108,,,
0,19,12,0,,,,,,,,
34,19,13,1,3958,2864,3168,3014,1337,791,,
14,19,13,0,,,,,,,,
0,19,13,0,,,,,,,,
19,19,14,0,,,,,,,,
41,19,14,2,1347,3104,2132,1143,1010,1093,,
0,19,14,0,,,,,,,,
9,19,15,1,1257,1336,2705,2169,1202,1118,,
12,19,15,0,,,,,,,,
0,19,15,0,,,,,,,,
13,19,16,0,,,,,,,,
20,19,16,2,2132,3926,2187,1585,1546,1942,,
0,19,16,0,,,,,,,,
26,19,17,1,3840,2972,1814,2174,1081,948,,
16,19,17,0,,,,,,,,
0,19,17,0,,,,,,,,
28,19,18,0,,,,,,,,
38,19,18,2,2319,4863,2074,1557,1088,771,,
0,19,18,0,,,,,,,,
19,19,19,1,2628,2542,4308,4623,674,,,
17,19,19,0,,,,,,,,
0,19,19,0,,,,,,,,
26,19,20,0,,,,,,,,
15,19,20,2,4963,3330,4344,1663,845,1089,,
0,19,20,0,,,,,,,,
35,19,21,1,3220,1824,1502,1814,1077,729,,
18,19,21,0,,,,,,,,
0,19,21,0,,,,,,,,
9,19,22,0,,,,,,,,
11,19,22,2,3224,3505,4398,2194,2026,582,,
0,19,22,0,,,,,,,,
29,19,23,1,2587,1527,3427,1971,1114,1015,,
37,19,23,0,,,,,,,,
0,19,23,0,,,,,,,,
22,19,24,0,,,,,,,,
5,19,24,2,3276,2389,2682,2169,1054,1605,,
0,19,24,0,,,,,,,,
30,19,25,1,5349,5535,2483,4355,967,953,,
23,19,25,0,,,,,,,,
0,19,25,0,,,,,,,,
25,19,26,0,,,,,,,,
21,19,26,2,3074,3331,3208,1243,578,,,
0,19,26,0,,,,,,,,
27,19,27,1,3746,1818,1352,2927,1112,1413,,
15,19,27,0,,,,,,,,
0,19,27,0,,,,,,,,
42,19,28,0,,,,,,,,
16,19,28,2,5842,3252,2115,1521,1738,3129,,
0,19,28,0,,,,,,,,
33,19,29,1,3538,1685,2462,1259,1135,1070,,
1,19,29,0,,,,,,,,
0,19,29,0,,,,,,,,
4,19,30,0,,,,,,,,
28,19,30,2,4016,3863,1521,1723,1179,813,,
0,19,30,0,,,,,,,,
10,19,31,1,5344,3043,1849,955,879,1935,,
31,19,31,0,,,,,,,,
0,19,31,0,,,,,,,,
32,19,32,0,,,,,,,,
14,19,32,2,2801,2539,2158,2325,968,586,,
0,19,32,0,,,,,,,,
40,20,1,1,3747,5392,2460,3292,2852,921,,
0,20,1,0,,,,,,,,
7,20,1,0,,,,,,,,
2,20,2,0,,,,,,,,
0,20,2,0,,,,,,,,
14,20,2,2,3868,3299,2916,1578,2089,1225,,
25,20,3,1,2189,1703,1905,1675,1084,1208,,
0,20,3,0,,,,,,,,
38,20,3,0,,,,,,,,
5,20,4,0,,,,,,,,
0,20,4,0,,,,,,,,
28,20,4,2,1650,3328,2570,1846,2171,1714,,
23,20,5,1,2254,2251,1548,1667,1266,987,,
0,20,5,0,,,,,,,,
35,20,5,0,,,,,,,,
40,20,6,0,,,,,,,,
0,20,6,0,,,,,,,,
6,20,6,2,2474,2784,2909,1837,1731,1246,,
1,20,7,1,3483,3242,2980,3456,1316,1048,,
0,20,7,0,,,,,,,,
20,20,7,0,,,,,,,,
33,20,8,0,,,,,,,,
0,20,8,0,,,,,,,,
33,20,8,2,1130,1831,1350,1134,1166,1698,,
37,20,9,1,2068,1682,1530,2056,1636,1394,,
0,20,9,0,,,,,,,,
29,20,9,0,,,,,,,,
10,20,10,0,,,,,,,,
0,20,10,0,,,,,,,,
35,20,10,2,1377,2075,1620,1934,1534,1378,,
42,20,11,1,2148,1656,3049,1719,751,1049,,
27,20,11,0,,,,,,,,
0,20,11,0,,,,,,,,
24,20,12,0,,,,,,,,
17,20,12,2,4130,5331,3290,2612,1158,630,,
0,20,12,0,,,,,,,,
19,20,13,1,3607,1905,2452,2502,2935,1200,,
14,20,13,0,,,,,,,,
0,20,13,0,,,,,,,,
19,20,14,0,,,,,,,,
31,20,14,2,2266,1811,2344,1833,1643,841,,
0,20,14,0,,,,,,,,
27,20,15,1,1100,1555,1670,1601,1111,1803,,
12,20,15,0,,,,,,,,
0,20,15,0,,,,,,,,
13,20,16,0,,,,,,,,
10,20,16,2,2492,3783,5401,2130,1060,1011,,
0,20,16,0,,,,,,,,
4,20,17,1,1887,3407,3367,2279,1091,1453,,
16,20,17,0,,,,,,,,
0,20,17,0,,,,,,,,
28,20,18,0,,,,,,,,
22,20,18,2,1519,3770,2538,1770,2043,1634,,
0,20,18,0,,,,,,,,
18,20,19,1,2102,3064,2985,1628,2100,1045,,
17,20,19,0,,,,,,,,
0,20,19,0,,,,,,,,
26,20,20,0,,,,,,,,
30,20,20,2,5163,2462,2843,1289,1068,1560,,
0,20,20,0,,,,,,,,
9,20,21,1,2605,1909,2170,2217,1174,898,,
18,20,21,0,,,,,,,,
0,20,21,0,,,,,,,,
9,20,22,0,,,,,,,,
32,20,22,2,2271,2424,3071,1508,1390,859,,
0,20,22,0,,,,,,,,
13,20,23,1,2526,2508,1974,1891,1872,1574,,
37,20,23,0,,,,,,,,
0,20,23,0,,,,,,,,
22,20,24,0,,,,,,,,
3,20,24,2,3159,2140,2499,3007,1704,1030,,
0,20,24,0,,,,,,,,
8,20,25,1,2938,3179,2974,2824,911,1459,,
23,20,25,0,,,,,,,,
0,20,25,0,,,,,,,,
25,20,26,0,,,,,,,,
21,20,26,2,2778,3406,2536,1336,2419,845,,
0,20,26,0,,,,,,,,
5,20,27,1,3025,3441,1605,3263,1011,1455,,
15,20,27,0,,,,,,,,
0,20,27,0,,,,,,,,
42,20,28,0,,,,,,,,
12,20,28,2,3717,2432,3959,1849,1516,2403,,
0,20,28,0,,,,,,,,
11,20,29,1,3848,2777,2316,2205,1675,1177,,
1,20,29,0,,,,,,,,
0,20,29,0,,,,,,,,
4,20,30,0,,,,,,,,
20,20,30,2,4385,2591,2775,2903,2411,1539,,
0,20,30,0,,,,,,,,
39,20,31,1,2766,2483,2799,1979,1384,617,,
31,20,31,0,,,,,,,,
0,20,31,0,,,,,,,,
32,20,32,0,,,,,,,,
16,20,32,2,2360,2433,1554,1340,1267,669,,
0,20,32,0,,,,,,,,
40,21,1,0,,,,,,,,
0,21,1,0,,,,,,,,
21,21,1,2,2745,2927,1078,1765,710,516,,
18,21,2,1,1896,2092,1482,1977,6789,2439,,
0,21,2,0,,,,,,,,
14,21,2,0,,,,,,,,
25,21,3,0,,,,,,,,
0,21,3,0,,,,,,,,
8,21,3,2,1168,973,1031,2027,1220,1371,,
41,21,4,1,2020,1769,1748,1656,1161,1004,,
0,21,4,0,,,,,,,,
28,21,4,0,,,,,,,,
23,21,5,0,,,,,,,,
0,21,5,0,,,,,,,,
29,21,5,2,640,1023,809,927,584,641,,
1,21,6,1,1925,2132,1676,1323,1772,741,,
0,21,6,0,,,,,,,,
6,21,6,0,,,,,,,,
1,21,7,0,,,,,,,,
0,21,7,0,,,,,,,,
5,21,7,2,1510,2420,1718,1290,728,1132,,
16,21,8,1,550,1019,1416,1226,1236,1523,,
0,21,8,0,,,,,,,,
33,21,8,0,,,,,,,,
37,21,9,0,,,,,,,,
0,21,9,0,,,,,,,,
13,21,9,2,872,1712,967,1244,754,737,,
31,21,10,1,1526,1183,1686,1632,1318,512,,
0,21,10,0,,,,,,,,
35,21,10,0,,,,,,,,
42,21,11,0,,,,,,,,
7,21,11,2,3670,2514,2577,1966,1096,654,,
0,21,11,0,,,,,,,,
4,21,12,1,2216,3603,3139,2509,1640,492,,
17,21,12,0,,,,,,,,
0,21,12,0,,,,,,,,
19,21,13,0,,,,,,,,
26,21,13,2,667,655,1141,1160,985,547,,
0,21,13,0,,,,,,,,
40,21,14,1,221,1057,1137,663,554,459,,
31,21,14,0,,,,,,,,
0,21,14,0,,,,,,,,
27,21,15,0,,,,,,,,
10,21,15,2,585,1865,1527,939,829,704,,
0,21,15,0,,,,,,,,
24,21,16,1,876,1158,1305,676,603,543,,
10,21,16,0,,,,,,,,
0,21,16,0,,,,,,,,
4,21,17,0,,,,,,,,
33,21,17,2,2454,1800,3148,744,1278,975,,
0,21,17,0,,,,,,,,
34,21,18,1,1486,1633,1363,1139,886,735,,
22,21,18,0,,,,,,,,
0,21,18,0,,,,,,,,
18,21,19,0,,,,,,,,
3,21,19,2,2414,2059,3789,1913,1192,2191,,
0,21,19,0,,,,,,,,
12,21,20,1,5463,2715,2383,2122,1139,823,,
30,21,20,0,,,,,,,,
0,21,20,0,,,,,,,,
9,21,21,0,,,,,,,,
37,21,21,2,1039,701,679,927,987,325,,
0,21,21,0,,,,,,,,
35,21,22,1,1213,986,970,522,606,549,,
32,21,22,0,,,,,,,,
0,21,22,0,,,,,,,,
13,21,23,0,,,,,,,,
25,21,23,2,1080,1359,1632,4081,3907,1406,,
0,21,23,0,,,,,,,,
23,21,24,1,4691,1152,713,899,704,575,,
3,21,24,0,,,,,,,,
0,21,24,0,,,,,,,,
8,21,25,0,,,,,,,,
11,21,25,2,1227,2674,1778,3009,1597,2395,,
0,21,25,0,,,,,,,,
20,21,26,1,1548,4219,2705,1621,825,470,,
21,21,26,0,,,,,,,,
0,21,26,0,,,,,,,,
5,21,27,0,,,,,,,,
36,21,27,2,2715,2059,3005,830,534,778,,
0,21,27,0,,,,,,,,
15,21,28,1,2008,2754,2209,998,718,2341,,
12,21,28,0,,,,,,,,
0,21,28,0,,,,,,,,
11,21,29,0,,,,,,,,
27,21,29,2,4425,1863,1652,768,889,866,,
0,21,29,0,,,,,,,,
38,21,30,1,1744,2614,1014,885,732,415,,
20,21,30,0,,,,,,,,
0,21,30,0,,,,,,,,
39,21,31,0,,,,,,,,
39,21,31,2,675,939,817,1527,1336,860,,
0,21,31,0,,,,,,,,
28,21,32,1,1814,2183,2893,1516,783,518,,
16,21,32,0,,,,,,,,
0,21,32,0,,,,,,,,
