seq,subj,item,cond,R1,R2,R3,R4,R5,R6,R7,R8
11,1,1,1,2375,3182,1630,1548,1525,919,,
0,1,1,0,,,,,,,,
0,1,1,0,,,,,,,,
0,1,2,0,,,,,,,,
0,1,2,0,,,,,,,,
13,1,2,2,4117,3550,5526,4919,5427,1267,,
21,1,3,1,1403,2043,1490,1306,921,1126,,
0,1,3,0,,,,,,,,
0,1,3,0,,,,,,,,
0,1,4,0,,,,,,,,
0,1,4,0,,,,,,,,
15,1,4,2,1764,3357,2088,2658,1141,986,,
2,1,5,1,3105,1698,1581,1066,775,1109,,
0,1,5,0,,,,,,,,
0,1,5,0,,,,,,,,
0,1,6,0,,,,,,,,
0,1,6,0,,,,,,,,
40,1,6,2,1034,2218,1542,1828,1135,759,,
19,1,7,1,2509,3274,2361,2743,1622,1811,,
0,1,7,0,,,,,,,,
0,1,7,0,,,,,,,,
0,1,8,0,,,,,,,,
0,1,8,0,,,,,,,,
30,1,8,2,1776,4260,1833,1273,2121,1473,,
33,1,9,1,2032,2227,1177,2875,735,1042,,
0,1,9,0,,,,,,,,
0,1,9,0,,,,,,,,
0,1,10,0,,,,,,,,
0,1,10,0,,,,,,,,
37,1,10,2,2105,2551,2698,1728,1250,1288,,
1,1,11,1,1757,4112,3665,1442,787,2022,,
0,1,11,0,,,,,,,,
0,1,11,0,,,,,,,,
0,1,12,0,,,,,,,,
23,1,12,2,7156,3761,2720,3238,3081,961,,
0,1,12,0,,,,,,,,
9,1,13,1,2494,5488,4592,2248,1161,604,,
0,1,13,0,,,,,,,,
0,1,13,0,,,,,,,,
0,1,14,0,,,,,,,,
28,1,14,2,1184,1779,2198,1607,1356,1202,,
0,1,14,0,,,,,,,,
36,1,15,1,1718,1089,1176,1047,810,900,,
0,1,15,0,,,,,,,,
0,1,15,0,,,,,,,,
0,1,16,0,,,,,,,,
5,1,16,2,2285,1509,2241,3424,2125,1389,,
0,1,16,0,,,,,,,,
24,1,17,1,2620,4739,3514,1471,1616,1724,,
0,1,17,0,,,,,,,,
0,1,17,0,,,,,,,,
0,1,18,0,,,,,,,,
8,1,18,2,2658,3699,4000,2043,1998,996,,
0,1,18,0,,,,,,,,
39,1,19,1,2086,4044,3878,1170,1241,1588,,
0,1,19,0,,,,,,,,
0,1,19,0,,,,,,,,
0,1,20,0,,,,,,,,
32,1,20,2,2764,2334,1442,1484,989,803,,
0,1,20,0,,,,,,,,
25,1,21,1,1361,1450,1571,2141,5867,1335,,
0,1,21,0,,,,,,,,
0,1,21,0,,,,,,,,
0,1,22,0,,,,,,,,
18,1,22,2,2693,1758,2479,732,1798,2197,,
0,1,22,0,,,,,,,,
10,1,23,1,1076,1211,2741,1033,1535,1173,,
0,1,23,0,,,,,,,,
0,1,23,0,,,,,,,,
0,1,24,0,,,,,,,,
29,1,24,2,1539,1117,1309,2507,658,803,,
0,1,24,0,,,,,,,,
42,1,25,1,2580,1476,1193,1196,1033,997,,
0,1,25,0,,,,,,,,
0,1,25,0,,,,,,,,
0,1,26,0,,,,,,,,
4,1,26,2,8572,3620,3008,1261,1168,2089,,
0,1,26,0,,,,,,,,
7,1,27,1,1147,4001,4334,4335,760,1052,,
0,1,27,0,,,,,,,,
0,1,27,0,,,,,,,,
0,1,28,0,,,,,,,,
17,1,28,2,4182,1562,4339,1299,1295,2617,,
0,1,28,0,,,,,,,,
6,1,29,1,3310,3531,3293,3937,3516,2003,,
0,1,29,0,,,,,,,,
0,1,29,0,,,,,,,,
0,1,30,0,,,,,,,,
26,1,30,2,4194,4348,2916,1601,1725,1820,,
0,1,30,0,,,,,,,,
27,1,31,1,875,1395,2606,972,1326,1627,,
0,1,31,0,,,,,,,,
0,1,31,0,,,,,,,,
0,1,32,0,,,,,,,,
35,1,32,2,1697,3293,1256,944,1442,725,,
0,1,32,0,,,,,,,,
11,2,1,0,,,,,,,,
0,2,1,0,,,,,,,,
17,2,1,2,1949,2778,1110,1281,1198,1368,,
36,2,2,1,2616,2415,2153,1886,1363,2290,,
0,2,2,0,,,,,,,,
13,2,2,0,,,,,,,,
21,2,3,0,,,,,,,,
0,2,3,0,,,,,,,,
8,2,3,2,2450,1655,1643,1717,1180,2854,,
6,2,4,1,2129,3666,2480,1923,1129,2073,,
0,2,4,0,,,,,,,,
15,2,4,0,,,,,,,,
2,2,5,0,,,,,,,,
0,2,5,0,,,,,,,,
41,2,5,2,2454,1286,1214,792,918,894,,
24,2,6,1,1653,1779,1620,1589,1040,931,,
0,2,6,0,,,,,,,,
40,2,6,0,,,,,,,,
19,2,7,0,,,,,,,,
0,2,7,0,,,,,,,,
22,2,7,2,2055,1638,1894,1508,1077,1255,,
1,2,8,1,1847,2126,1474,1375,2365,3349,,
0,2,8,0,,,,,,,,
30,2,8,0,,,,,,,,
33,2,9,0,,,,,,,,
0,2,9,0,,,,,,,,
3,2,9,2,2276,3357,2175,1688,1499,2042,,
10,2,10,1,1416,1557,1607,987,1174,1890,,
0,2,10,0,,,,,,,,
37,2,10,0,,,,,,,,
1,2,11,0,,,,,,,,
31,2,11,2,2259,2083,1583,1485,899,950,,
0,2,11,0,,,,,,,,
40,2,12,1,1532,2167,1439,1642,910,846,,
23,2,12,0,,,,,,,,
0,2,12,0,,,,,,,,
9,2,13,0,,,,,,,,
30,2,13,2,2535,1776,2128,1158,2128,1183,,
0,2,13,0,,,,,,,,
21,2,14,1,1561,1524,1259,1794,1489,1133,,
28,2,14,0,,,,,,,,
0,2,14,0,,,,,,,,
36,2,15,0,,,,,,,,
34,2,15,2,1204,1835,1503,1710,1782,2618,,
0,2,15,0,,,,,,,,
29,2,16,1,1974,1748,1745,1000,1201,665,,
5,2,16,0,,,,,,,,
0,2,16,0,,,,,,,,
24,2,17,0,,,,,,,,
5,2,17,2,1894,2095,2672,1382,1198,2050,,
0,2,17,0,,,,,,,,
14,2,18,1,1492,2283,1778,1228,1315,1281,,
8,2,18,0,,,,,,,,
0,2,18,0,,,,,,,,
39,2,19,0,,,,,,,,
39,2,19,2,1895,2494,2632,1171,1739,1400,,
0,2,19,0,,,,,,,,
26,2,20,1,1893,2281,1407,1500,1067,1958,,
32,2,20,0,,,,,,,,
0,2,20,0,,,,,,,,
25,2,21,0,,,,,,,,
38,2,21,2,1916,1475,1303,3996,1346,1830,,
0,2,21,0,,,,,,,,
19,2,22,1,1123,1782,1504,1117,1080,1072,,
18,2,22,0,,,,,,,,
0,2,22,0,,,,,,,,
10,2,23,0,,,,,,,,
16,2,23,2,1704,1464,1504,1166,973,2280,,
0,2,23,0,,,,,,,,
28,2,24,1,1864,1082,1264,1394,761,1583,,
29,2,24,0,,,,,,,,
0,2,24,0,,,,,,,,
42,2,25,0,,,,,,,,
13,2,25,2,1138,1394,2058,1946,760,1747,,
0,2,25,0,,,,,,,,
12,2,26,1,1864,1741,1491,1320,1472,1320,,
4,2,26,0,,,,,,,,
0,2,26,0,,,,,,,,
7,2,27,0,,,,,,,,
20,2,27,2,2254,2697,2165,1827,794,1054,,
0,2,27,0,,,,,,,,
33,2,28,1,1417,1256,1891,2377,1590,2080,,
17,2,28,0,,,,,,,,
0,2,28,0,,,,,,,,
6,2,29,0,,,,,,,,
32,2,29,2,2260,2357,1562,1036,1116,1864,,
0,2,29,0,,,,,,,,
15,2,30,1,2008,2164,2778,1794,2150,1825,,
26,2,30,0,,,,,,,,
0,2,30,0,,,,,,,,
27,2,31,0,,,,,,,,
35,2,31,2,1963,1555,2430,1406,973,2076,,
0,2,31,0,,,,,,,,
27,2,32,1,1137,2518,1244,1288,951,752,,
35,2,32,0,,,,,,,,
0,2,32,0,,,,,,,,
11,3,1,0,,,,,,,,
0,3,1,0,,,,,,,,
21,3,1,2,3230,3321,646,921,1045,838,,
18,3,2,1,4629,1657,2074,809,1027,2124,,
0,3,2,0,,,,,,,,
13,3,2,0,,,,,,,,
21,3,3,0,,,,,,,,
0,3,3,0,,,,,,,,
8,3,3,2,1422,1575,1950,2488,1103,1891,,
41,3,4,1,1045,1595,1122,1064,676,1078,,
0,3,4,0,,,,,,,,
15,3,4,0,,,,,,,,
2,3,5,0,,,,,,,,
0,3,5,0,,,,,,,,
29,3,5,2,1137,994,1000,884,910,765,,
1,3,6,1,3430,2787,1927,3703,1856,1432,,
0,3,6,0,,,,,,,,
40,3,6,0,,,,,,,,
19,3,7,0,,,,,,,,
0,3,7,0,,,,,,,,
5,3,7,2,1673,829,1877,1618,815,1150,,
16,3,8,1,1036,1092,1715,887,1169,1818,,
0,3,8,0,,,,,,,,
30,3,8,0,,,,,,,,
33,3,9,0,,,,,,,,
0,3,9,0,,,,,,,,
13,3,9,2,1091,1806,3064,1526,1871,1047,,
31,3,10,1,3381,1265,947,1004,1073,1162,,
0,3,10,0,,,,,,,,
37,3,10,0,,,,,,,,
1,3,11,0,,,,,,,,
7,3,11,2,2245,1542,1610,948,564,775,,
0,3,11,0,,,,,,,,
4,3,12,1,1140,1802,1396,1284,1300,743,,
23,3,12,0,,,,,,,,
0,3,12,0,,,,,,,,
9,3,13,0,,,,,,,,
26,3,13,2,2209,1851,3068,3589,3306,392,,
0,3,13,0,,,,,,,,
40,3,14,1,1056,809,1250,1518,787,598,,
28,3,14,0,,,,,,,,
0,3,14,0,,,,,,,,
36,3,15,0,,,,,,,,
10,3,15,2,1486,2279,1178,1019,1513,1184,,
0,3,15,0,,,,,,,,
24,3,16,1,1421,1913,2659,850,677,951,,
5,3,16,0,,,,,,,,
0,3,16,0,,,,,,,,
24,3,17,0,,,,,,,,
33,3,17,2,2440,1718,2156,1613,861,841,,
0,3,17,0,,,,,,,,
34,3,18,1,901,908,2051,2828,917,1201,,
8,3,18,0,,,,,,,,
0,3,18,0,,,,,,,,
39,3,19,0,,,,,,,,
3,3,19,2,2681,2245,2904,1002,1395,1717,,
0,3,19,0,,,,,,,,
12,3,20,1,4797,2295,1802,1002,919,962,,
32,3,20,0,,,,,,,,
0,3,20,0,,,,,,,,
25,3,21,0,,,,,,,,
37,3,21,2,2146,1073,848,729,1038,592,,
0,3,21,0,,,,,,,,
35,3,22,1,838,2824,1262,838,1252,665,,
18,3,22,0,,,,,,,,
0,3,22,0,,,,,,,,
10,3,23,0,,,,,,,,
25,3,23,2,1641,1684,1734,902,837,1047,,
0,3,23,0,,,,,,,,
23,3,24,1,1570,988,930,1168,786,804,,
29,3,24,0,,,,,,,,
0,3,24,0,,,,,,,,
42,3,25,0,,,,,,,,
11,3,25,2,1853,2244,1881,4743,2830,1818,,
0,3,25,0,,,,,,,,
20,3,26,1,2343,2386,1671,1029,928,832,,
4,3,26,0,,,,,,,,
0,3,26,0,,,,,,,,
7,3,27,0,,,,,,,,
36,3,27,2,1172,1026,685,1695,728,576,,
0,3,27,0,,,,,,,,
15,3,28,1,1671,2798,2443,1527,1309,3276,,
17,3,28,0,,,,,,,,
0,3,28,0,,,,,,,,
6,3,29,0,,,,,,,,
27,3,29,2,1859,1327,1111,1245,1079,1045,,
0,3,29,0,,,,,,,,
38,3,30,1,2719,2968,2209,767,1506,766,,
26,3,30,0,,,,,,,,
0,3,30,0,,,,,,,,
27,3,31,0,,,,,,,,
39,3,31,2,1862,2920,4145,3684,1298,951,,
0,3,31,0,,,,,,,,
28,3,32,1,919,2103,1355,787,719,633,,
35,3,32,0,,,,,,,,
0,3,32,0,,,,,,,,
21,4,1,1,1617,4865,1025,1816,1153,1549,,
0,4,1,0,,,,,,,,
21,4,1,0,,,,,,,,
18,4,2,0,,,,,,,,
0,4,2,0,,,,,,,,
31,4,2,2,2144,1358,2241,1434,1204,3282,,
41,4,3,1,2259,1227,1483,1533,1208,1262,,
0,4,3,0,,,,,,,,
8,4,3,0,,,,,,,,
41,4,4,0,,,,,,,,
0,4,4,0,,,,,,,,
12,4,4,2,1951,3001,1063,1531,1280,1340,,
34,4,5,1,2643,3229,1457,717,661,987,,
0,4,5,0,,,,,,,,
29,4,5,0,,,,,,,,
1,4,6,0,,,,,,,,
0,4,6,0,,,,,,,,
28,4,6,2,1401,1624,1308,1536,988,1096,,
10,4,7,1,3151,2881,2195,1758,808,1394,,
0,4,7,0,,,,,,,,
5,4,7,0,,,,,,,,
16,4,8,0,,,,,,,,
0,4,8,0,,,,,,,,
5,4,8,2,1256,2347,1027,1380,2713,1448,,
24,4,9,1,1391,1709,1296,1109,917,1019,,
0,4,9,0,,,,,,,,
13,4,9,0,,,,,,,,
31,4,10,0,,,,,,,,
0,4,10,0,,,,,,,,
18,4,10,2,1810,2310,2073,1412,1263,1238,,
8,4,11,1,2912,6024,1194,700,693,1191,,
7,4,11,0,,,,,,,,
0,4,11,0,,,,,,,,
4,4,12,0,,,,,,,,
40,4,12,2,1107,2202,1623,2048,1515,739,,
0,4,12,0,,,,,,,,
15,4,13,1,2253,3125,2754,1959,1758,898,,
26,4,13,0,,,,,,,,
0,4,13,0,,,,,,,,
40,4,14,0,,,,,,,,
9,4,14,2,1196,1602,2112,1481,1080,1263,,
0,4,14,0,,,,,,,,
23,4,15,1,1099,1899,1332,1055,577,1445,,
10,4,15,0,,,,,,,,
0,4,15,0,,,,,,,,
24,4,16,0,,,,,,,,
16,4,16,2,1924,1981,2072,798,750,673,,
0,4,16,0,,,,,,,,
17,4,17,1,2575,2433,2435,771,1008,1144,,
33,4,17,0,,,,,,,,
0,4,17,0,,,,,,,,
34,4,18,0,,,,,,,,
37,4,18,2,3358,2468,2079,972,1104,1805,,
0,4,18,0,,,,,,,,
20,4,19,1,1626,1991,2077,1688,1156,2425,,
3,4,19,0,,,,,,,,
0,4,19,0,,,,,,,,
12,4,20,0,,,,,,,,
2,4,20,2,2151,2078,1904,3188,1265,1988,,
0,4,20,0,,,,,,,,
30,4,21,1,1777,1147,1205,1136,1086,1826,,
37,4,21,0,,,,,,,,
0,4,21,0,,,,,,,,
35,4,22,0,,,,,,,,
36,4,22,2,1730,2046,3894,1182,789,750,,
0,4,22,0,,,,,,,,
1,4,23,1,2394,2331,2164,1533,3724,1536,,
25,4,23,0,,,,,,,,
0,4,23,0,,,,,,,,
23,4,24,0,,,,,,,,
27,4,24,2,3249,2651,1666,1759,982,1209,,
0,4,24,0,,,,,,,,
4,4,25,1,2290,2561,3114,1912,993,1324,,
11,4,25,0,,,,,,,,
0,4,25,0,,,,,,,,
20,4,26,0,,,,,,,,
33,4,26,2,2331,1718,2618,1084,986,1124,,
0,4,26,0,,,,,,,,
7,4,27,1,3396,2760,1822,2438,1253,1355,,
36,4,27,0,,,,,,,,
0,4,27,0,,,,,,,,
15,4,28,0,,,,,,,,
39,4,28,2,2280,3098,1705,2387,746,2107,,
0,4,28,0,,,,,,,,
38,4,29,1,2802,1529,990,1657,940,1568,,
27,4,29,0,,,,,,,,
0,4,29,0,,,,,,,,
38,4,30,0,,,,,,,,
3,4,30,2,6228,1594,1884,2121,2154,1675,,
0,4,30,0,,,,,,,,
14,4,31,1,2275,2579,1963,1233,755,2001,,
39,4,31,0,,,,,,,,
0,4,31,0,,,,,,,,
28,4,32,0,,,,,,,,
26,4,32,2,3333,3341,2163,1559,1525,800,,
0,4,32,0,,,,,,,,
21,5,1,0,,,,,,,,
0,5,1,0,,,,,,,,
15,5,1,2,11417,4246,2317,4739,2300,2570,,
35,5,2,1,3837,2631,2999,2846,3148,1907,,
0,5,2,0,,,,,,,,
31,5,2,0,,,,,,,,
41,5,3,0,,,,,,,,
0,5,3,0,,,,,,,,
9,5,3,2,6942,5862,7802,3905,2011,2889,,
13,5,4,1,2806,7850,5771,7187,6380,3273,,
0,5,4,0,,,,,,,,
12,5,4,0,,,,,,,,
34,5,5,0,,,,,,,,
0,5,5,0,,,,,,,,
1,5,5,2,5313,5988,2109,5008,2580,1895,,
19,5,6,1,2802,2611,3709,4229,2423,1735,,
0,5,6,0,,,,,,,,
28,5,6,0,,,,,,,,
10,5,7,0,,,,,,,,
0,5,7,0,,,,,,,,
40,5,7,2,3240,4746,4210,6535,3223,2614,,
28,5,8,1,5659,3363,1431,1816,4484,5112,,
0,5,8,0,,,,,,,,
5,5,8,0,,,,,,,,
24,5,9,0,,,,,,,,
0,5,9,0,,,,,,,,
6,5,9,2,3910,4660,3126,2396,2393,1640,,
31,5,10,1,2329,2189,2665,2786,2071,1421,,
0,5,10,0,,,,,,,,
18,5,10,0,,,,,,,,
8,5,11,0,,,,,,,,
24,5,11,2,3336,7460,5218,5694,1363,1139,,
0,5,11,0,,,,,,,,
38,5,12,1,1894,3754,2805,3885,2142,2187,,
40,5,12,0,,,,,,,,
0,5,12,0,,,,,,,,
15,5,13,0,,,,,,,,
42,5,13,2,7593,4088,3245,3507,4479,2567,,
0,5,13,0,,,,,,,,
34,5,14,1,2624,302,2950,1929,2124,1372,,
9,5,14,0,,,,,,,,
0,5,14,0,,,,,,,,
23,5,15,0,,,,,,,,
11,5,15,2,9027,3216,2248,3741,3898,1277,,
0,5,15,0,,,,,,,,
30,5,16,1,4540,4881,2685,1654,1590,2473,,
16,5,16,0,,,,,,,,
0,5,16,0,,,,,,,,
17,5,17,0,,,,,,,,
8,5,17,2,3089,4244,3666,2966,2449,4552,,
0,5,17,0,,,,,,,,
27,5,18,1,1909,3247,2397,2465,1349,1699,,
37,5,18,0,,,,,,,,
0,5,18,0,,,,,,,,
20,5,19,0,,,,,,,,
21,5,19,2,3995,5126,6250,2751,2692,2834,,
0,5,19,0,,,,,,,,
23,5,20,1,3485,3485,3873,5109,1874,2089,,
2,5,20,0,,,,,,,,
0,5,20,0,,,,,,,,
30,5,21,0,,,,,,,,
3,5,21,2,5602,4241,4326,4015,1712,2674,,
0,5,21,0,,,,,,,,
39,5,22,1,2190,2732,2205,1682,1633,1123,,
36,5,22,0,,,,,,,,
0,5,22,0,,,,,,,,
1,5,23,0,,,,,,,,
33,5,23,2,4179,6378,4567,2404,2698,2717,,
0,5,23,0,,,,,,,,
4,5,24,1,8614,5291,6348,6277,1407,1712,,
27,5,24,0,,,,,,,,
0,5,24,0,,,,,,,,
4,5,25,0,,,,,,,,
37,5,25,2,3265,5578,3983,5178,1793,2002,,
0,5,25,0,,,,,,,,
18,5,26,1,6386,3141,3750,2815,2073,2018,,
33,5,26,0,,,,,,,,
0,5,26,0,,,,,,,,
7,5,27,0,,,,,,,,
12,5,27,2,2881,4057,3963,3809,2117,3026,,
0,5,27,0,,,,,,,,
26,5,28,1,15402,7928,3943,2287,1576,4523,,
39,5,28,0,,,,,,,,
0,5,28,0,,,,,,,,
38,5,29,0,,,,,,,,
25,5,29,2,2937,3934,3581,3043,1929,3202,,
0,5,29,0,,,,,,,,
17,5,30,1,5518,4872,4291,3674,2077,4713,,
3,5,30,0,,,,,,,,
0,5,30,0,,,,,,,,
14,5,31,0,,,,,,,,
22,5,31,2,2426,3496,4375,3899,2312,2121,,
0,5,31,0,,,,,,,,
5,5,32,1,5751,8122,4244,3961,1249,1528,,
26,5,32,0,,,,,,,,
0,5,32,0,,,,,,,,
21,6,1,0,,,,,,,,
0,6,1,0,,,,,,,,
7,6,1,2,1558,2254,1641,1886,1172,649,,
22,6,2,1,2386,3644,3045,2046,966,870,,
0,6,2,0,,,,,,,,
31,6,2,0,,,,,,,,
41,6,3,0,,,,,,,,
0,6,3,0,,,,,,,,
27,6,3,2,839,781,1595,1565,1288,2601,,
35,6,4,1,2715,3464,2913,3059,2219,1301,,
0,6,4,0,,,,,,,,
12,6,4,0,,,,,,,,
34,6,5,0,,,,,,,,
0,6,5,0,,,,,,,,
40,6,5,2,1177,742,1161,673,701,659,,
9,6,6,1,1160,1212,954,902,839,940,,
0,6,6,0,,,,,,,,
28,6,6,0,,,,,,,,
10,6,7,0,,,,,,,,
0,6,7,0,,,,,,,,
30,6,7,2,1006,1951,1513,1061,920,1005,,
3,6,8,1,2435,1272,1633,1081,1281,1165,,
0,6,8,0,,,,,,,,
5,6,8,0,,,,,,,,
24,6,9,0,,,,,,,,
0,6,9,0,,,,,,,,
19,6,9,2,1218,1872,1717,2099,1956,1096,,
12,6,10,1,1199,1141,2335,1074,1734,1479,,
0,6,10,0,,,,,,,,
18,6,10,0,,,,,,,,
8,6,11,0,,,,,,,,
26,6,11,2,745,820,1231,1487,2271,1094,,
0,6,11,0,,,,,,,,
6,6,12,1,2890,3328,2120,1814,2514,1772,,
40,6,12,0,,,,,,,,
0,6,12,0,,,,,,,,
15,6,13,0,,,,,,,,
21,6,13,2,2084,2001,883,901,1418,581,,
0,6,13,0,,,,,,,,
37,6,14,1,3007,1743,2075,2870,1324,1058,,
9,6,14,0,,,,,,,,
0,6,14,0,,,,,,,,
23,6,15,0,,,,,,,,
25,6,15,2,438,858,628,736,678,1347,,
0,6,15,0,,,,,,,,
1,6,16,1,2373,2321,3172,4025,1688,1092,,
16,6,16,0,,,,,,,,
0,6,16,0,,,,,,,,
17,6,17,0,,,,,,,,
17,6,17,2,892,1047,1073,1479,3045,3178,,
0,6,17,0,,,,,,,,
24,6,18,1,2004,3271,2798,3318,2394,1019,,
37,6,18,0,,,,,,,,
0,6,18,0,,,,,,,,
20,6,19,0,,,,,,,,
34,6,19,2,1058,920,812,749,949,1676,,
0,6,19,0,,,,,,,,
5,6,20,1,2902,3329,1024,3042,2034,1275,,
2,6,20,0,,,,,,,,
0,6,20,0,,,,,,,,
30,6,21,0,,,,,,,,
16,6,21,2,1697,922,1855,3142,1544,748,,
0,6,21,0,,,,,,,,
14,6,22,1,3515,1405,1338,2080,2491,1534,,
36,6,22,0,,,,,,,,
0,6,22,0,,,,,,,,
1,6,23,0,,,,,,,,
32,6,23,2,2147,2548,1439,1444,651,856,,
0,6,23,0,,,,,,,,
11,6,24,1,1309,904,1065,950,585,1093,,
27,6,24,0,,,,,,,,
0,6,24,0,,,,,,,,
4,6,25,0,,,,,,,,
33,6,25,2,2521,1005,982,2824,1189,1308,,
0,6,25,0,,,,,,,,
43,6,26,1,3265,2167,1214,688,823,476,,
33,6,26,0,,,,,,,,
0,6,26,0,,,,,,,,
7,6,27,0,,,,,,,,
38,6,27,2,1083,1454,1566,1013,725,803,,
0,6,27,0,,,,,,,,
39,6,28,1,4745,2173,2384,1768,884,2980,,
39,6,28,0,,,,,,,,
0,6,28,0,,,,,,,,
38,6,29,0,,,,,,,,
42,6,29,2,2766,1058,1009,1224,2232,2568,,
0,6,29,0,,,,,,,,
15,6,30,1,2076,4058,2418,2252,1680,1194,,
3,6,30,0,,,,,,,,
0,6,30,0,,,,,,,,
14,6,31,0,,,,,,,,
18,6,31,2,1104,1892,1001,1878,1049,961,,
0,6,31,0,,,,,,,,
29,6,32,1,1570,973,3843,1225,1265,619,,
26,6,32,0,,,,,,,,
0,6,32,0,,,,,,,,
21,7,1,0,,,,,,,,
0,7,1,0,,,,,,,,
20,7,1,2,3858,2112,859,1529,1338,1023,,
16,7,2,1,1873,2163,1785,1546,1082,789,,
0,7,2,0,,,,,,,,
31,7,2,0,,,,,,,,
41,7,3,0,,,,,,,,
0,7,3,0,,,,,,,,
35,7,3,2,1098,1633,1222,2036,781,1606,,
7,7,4,1,3291,3397,1722,1112,756,735,,
0,7,4,0,,,,,,,,
12,7,4,0,,,,,,,,
34,7,5,0,,,,,,,,
0,7,5,0,,,,,,,,
27,7,5,2,1149,1895,1196,748,938,681,,
42,7,6,1,2077,1105,1463,1130,2134,661,,
0,7,6,0,,,,,,,,
28,7,6,0,,,,,,,,
10,7,7,0,,,,,,,,
0,7,7,0,,,,,,,,
3,7,7,2,2113,3005,1875,1806,1554,2057,,
12,7,8,1,1765,2547,1908,1868,2928,1324,,
0,7,8,0,,,,,,,,
5,7,8,0,,,,,,,,
24,7,9,0,,,,,,,,
0,7,9,0,,,,,,,,
24,7,9,2,864,1204,1224,2063,1015,831,,
1,7,10,1,2390,2012,1435,1357,1717,1042,,
0,7,10,0,,,,,,,,
18,7,10,0,,,,,,,,
8,7,11,0,,,,,,,,
29,7,11,2,1646,2400,1044,1179,740,898,,
0,7,11,0,,,,,,,,
23,7,12,1,1804,2108,909,1639,685,532,,
40,7,12,0,,,,,,,,
0,7,12,0,,,,,,,,
15,7,13,0,,,,,,,,
15,7,13,2,2377,1922,1717,1587,1218,830,,
0,7,13,0,,,,,,,,
18,7,14,1,5674,1345,819,899,832,606,,
9,7,14,0,,,,,,,,
0,7,14,0,,,,,,,,
23,7,15,0,,,,,,,,
41,7,15,2,1144,1864,1238,1116,1353,1057,,
0,7,15,0,,,,,,,,
38,7,16,1,1172,1641,1323,873,720,687,,
16,7,16,0,,,,,,,,
0,7,16,0,,,,,,,,
17,7,17,0,,,,,,,,
33,7,17,2,2430,2501,2215,1587,952,1556,,
0,7,17,0,,,,,,,,
19,7,18,1,2254,1853,1440,1057,742,679,,
37,7,18,0,,,,,,,,
0,7,18,0,,,,,,,,
20,7,19,0,,,,,,,,
10,7,19,2,2274,2123,2444,907,987,1146,,
0,7,19,0,,,,,,,,
5,7,20,1,1967,2714,1873,1949,943,974,,
2,7,20,0,,,,,,,,
0,7,20,0,,,,,,,,
30,7,21,0,,,,,,,,
11,7,21,2,2897,1759,602,1271,1104,1071,,
0,7,21,0,,,,,,,,
40,7,22,1,1166,2389,2290,2194,859,1230,,
36,7,22,0,,,,,,,,
0,7,22,0,,,,,,,,
1,7,23,0,,,,,,,,
26,7,23,2,1139,1681,1300,1023,962,983,,
0,7,23,0,,,,,,,,
9,7,24,1,2972,3336,868,977,616,678,,
27,7,24,0,,,,,,,,
0,7,24,0,,,,,,,,
4,7,25,0,,,,,,,,
31,7,25,2,1155,1564,882,1166,764,1249,,
0,7,25,0,,,,,,,,
30,7,26,1,914,946,1155,726,598,972,,
33,7,26,0,,,,,,,,
0,7,26,0,,,,,,,,
7,7,27,0,,,,,,,,
14,7,27,2,1324,1465,1433,1332,580,1168,,
0,7,27,0,,,,,,,,
39,7,28,1,1536,772,1707,988,974,1853,,
39,7,28,0,,,,,,,,
0,7,28,0,,,,,,,,
38,7,29,0,,,,,,,,
34,7,29,2,2345,1672,1561,1310,1333,682,,
0,7,29,0,,,,,,,,
32,7,30,1,1777,1589,2309,1235,1121,864,,
3,7,30,0,,,,,,,,
0,7,30,0,,,,,,,,
14,7,31,0,,,,,,,,
37,7,31,2,1784,1985,2237,2088,1149,1006,,
0,7,31,0,,,,,,,,
6,7,32,1,900,4234,969,1397,1222,664,,
26,7,32,0,,,,,,,,
0,7,32,0,,,,,,,,
21,8,1,0,,,,,,,,
0,8,1,0,,,,,,,,
30,8,1,2,3545,2449,1423,1487,2096,937,,
7,8,2,1,5381,4118,2419,3820,1712,2071,,
0,8,2,0,,,,,,,,
31,8,2,0,,,,,,,,
41,8,3,0,,,,,,,,
0,8,3,0,,,,,,,,
21,8,3,2,4346,2081,2482,3440,1676,1406,,
1,8,4,1,2778,3366,2526,1686,1899,1968,,
0,8,4,0,,,,,,,,
12,8,4,0,,,,,,,,
34,8,5,0,,,,,,,,
0,8,5,0,,,,,,,,
5,8,5,2,8568,3457,1931,2001,2063,1949,,
41,8,6,1,1850,1770,2009,1864,1820,4049,,
0,8,6,0,,,,,,,,
28,8,6,0,,,,,,,,
10,8,7,0,,,,,,,,
0,8,7,0,,,,,,,,
9,8,7,2,2937,1407,1711,2006,1301,721,,
3,8,8,1,3039,3376,1520,1578,2605,1747,,
0,8,8,0,,,,,,,,
5,8,8,0,,,,,,,,
24,8,9,0,,,,,,,,
0,8,9,0,,,,,,,,
32,8,9,2,2388,2678,2476,1916,1493,1408,,
28,8,10,1,5197,2276,1484,1730,1147,1464,,
0,8,10,0,,,,,,,,
18,8,10,0,,,,,,,,
8,8,11,0,,,,,,,,
15,8,11,2,3529,3178,1811,1436,2276,1891,,
0,8,11,0,,,,,,,,
43,8,12,1,3547,3846,1663,1863,816,906,,
40,8,12,0,,,,,,,,
0,8,12,0,,,,,,,,
15,8,13,0,,,,,,,,
18,8,13,2,2683,1764,3689,2323,1570,1648,,
0,8,13,0,,,,,,,,
11,8,14,1,3671,2519,1678,1740,1413,1550,,
9,8,14,0,,,,,,,,
0,8,14,0,,,,,,,,
23,8,15,0,,,,,,,,
12,8,15,2,1936,2051,1700,2044,1689,2170,,
0,8,15,0,,,,,,,,
39,8,16,1,4458,2808,2884,1195,1193,1072,,
16,8,16,0,,,,,,,,
0,8,16,0,,,,,,,,
17,8,17,0,,,,,,,,
44,8,17,2,5724,2729,2482,2504,1894,2106,,
0,8,17,0,,,,,,,,
36,8,18,1,2351,3957,3799,3724,2152,1837,,
37,8,18,0,,,,,,,,
0,8,18,0,,,,,,,,
20,8,19,0,,,,,,,,
17,8,19,2,3874,3888,7215,3118,3833,4510,,
0,8,19,0,,,,,,,,
26,8,20,1,4607,1495,2141,1980,1135,1263,,
2,8,20,0,,,,,,,,
0,8,20,0,,,,,,,,
30,8,21,0,,,,,,,,
25,8,21,2,2550,1991,1205,2505,2310,2271,,
0,8,21,0,,,,,,,,
20,8,22,1,3425,2560,1534,1091,1084,966,,
36,8,22,0,,,,,,,,
0,8,22,0,,,,,,,,
1,8,23,0,,,,,,,,
34,8,23,2,2466,1925,2496,974,1654,1485,,
0,8,23,0,,,,,,,,
16,8,24,1,4158,3072,1887,2095,1018,1880,,
27,8,24,0,,,,,,,,
0,8,24,0,,,,,,,,
4,8,25,0,,,,,,,,
35,8,25,2,3218,2260,3219,2861,1779,1473,,
0,8,25,0,,,,,,,,
24,8,26,1,1732,1170,2485,1071,1060,1770,,
33,8,26,0,,,,,,,,
0,8,26,0,,,,,,,,
7,8,27,0,,,,,,,,
37,8,27,2,3098,3901,2693,3023,1597,1675,,
0,8,27,0,,,,,,,,
45,8,28,1,5835,1490,3100,2649,1538,2747,,
39,8,28,0,,,,,,,,
0,8,28,0,,,,,,,,
38,8,29,0,,,,,,,,
38,8,29,2,3696,2228,1655,1819,1444,2091,,
0,8,29,0,,,,,,,,
14,8,30,1,6263,5172,3902,2495,1360,1838,,
3,8,30,0,,,,,,,,
0,8,30,0,,,,,,,,
14,8,31,0,,,,,,,,
13,8,31,2,3076,3345,3282,4330,1051,1695,,
0,8,31,0,,,,,,,,
23,8,32,1,1557,2637,1785,1683,1191,1132,,
26,8,32,0,,,,,,,,
0,8,32,0,,,,,,,,
21,9,1,0,,,,,,,,
0,9,1,0,,,,,,,,
20,9,1,2,2666,2387,2781,1102,702,600,,
11,9,2,1,2837,2405,1950,1253,944,525,,
0,9,2,0,,,,,,,,
31,9,2,0,,,,,,,,
41,9,3,0,,,,,,,,
0,9,3,0,,,,,,,,
6,9,3,2,5071,1788,1651,2338,1395,1206,,
8,9,4,1,2852,8278,4339,918,866,960,,
0,9,4,0,,,,,,,,
12,9,4,0,,,,,,,,
34,9,5,0,,,,,,,,
0,9,5,0,,,,,,,,
23,9,5,2,1689,870,966,997,703,918,,
13,9,6,1,1325,1204,1513,1392,1092,951,,
0,9,6,0,,,,,,,,
28,9,6,0,,,,,,,,
10,9,7,0,,,,,,,,
0,9,7,0,,,,,,,,
41,9,7,2,4954,4321,1301,1404,797,743,,
44,9,8,1,922,727,1094,784,1132,1143,,
0,9,8,0,,,,,,,,
5,9,8,0,,,,,,,,
24,9,9,0,,,,,,,,
0,9,9,0,,,,,,,,
25,9,9,2,2680,2885,1591,2341,2002,704,,
4,9,10,1,3333,2239,1525,2375,3199,1518,,
0,9,10,0,,,,,,,,
18,9,10,0,,,,,,,,
8,9,11,0,,,,,,,,
34,9,11,2,3129,2640,818,675,694,691,,
0,9,11,0,,,,,,,,
10,9,12,1,1658,2532,1910,1405,1419,544,,
40,9,12,0,,,,,,,,
0,9,12,0,,,,,,,,
15,9,13,0,,,,,,,,
27,9,13,2,2131,1481,2513,1787,1523,517,,
0,9,13,0,,,,,,,,
15,9,14,1,1056,757,837,657,687,490,,
9,9,14,0,,,,,,,,
0,9,14,0,,,,,,,,
23,9,15,0,,,,,,,,
18,9,15,2,1429,2352,2146,1214,849,547,,
0,9,15,0,,,,,,,,
29,9,16,1,1518,1601,1162,1023,591,548,,
16,9,16,0,,,,,,,,
0,9,16,0,,,,,,,,
17,9,17,0,,,,,,,,
35,9,17,2,2283,2752,1301,954,950,930,,
0,9,17,0,,,,,,,,
36,9,18,1,4875,4016,3027,876,781,748,,
37,9,18,0,,,,,,,,
0,9,18,0,,,,,,,,
20,9,19,0,,,,,,,,
3,9,19,2,2447,1162,3256,2532,1741,1263,,
0,9,19,0,,,,,,,,
31,9,20,1,2535,2721,1857,1288,821,822,,
2,9,20,0,,,,,,,,
0,9,20,0,,,,,,,,
30,9,21,0,,,,,,,,
38,9,21,2,1534,1071,817,1814,1478,1783,,
0,9,21,0,,,,,,,,
43,9,22,1,5388,4740,3085,1330,1203,1083,,
36,9,22,0,,,,,,,,
0,9,22,0,,,,,,,,
1,9,23,0,,,,,,,,
19,9,23,2,1387,1324,2141,1316,1208,1064,,
0,9,23,0,,,,,,,,
32,9,24,1,2013,1231,1030,1563,468,1249,,
27,9,24,0,,,,,,,,
0,9,24,0,,,,,,,,
4,9,25,0,,,,,,,,
40,9,25,2,1391,1743,1343,1981,1215,851,,
0,9,25,0,,,,,,,,
17,9,26,1,2339,1416,1369,1518,936,866,,
33,9,26,0,,,,,,,,
0,9,26,0,,,,,,,,
7,9,27,0,,,,,,,,
37,9,27,2,1426,1498,2656,1313,1126,755,,
0,9,27,0,,,,,,,,
16,9,28,1,3176,1202,1905,2817,1114,2141,,
39,9,28,0,,,,,,,,
0,9,28,0,,,,,,,,
38,9,29,0,,,,,,,,
39,9,29,2,2713,1333,1502,1170,1362,1034,,
0,9,29,0,,,,,,,,
28,9,30,1,2836,1432,1285,1720,1105,1397,,
3,9,30,0,,,,,,,,
0,9,30,0,,,,,,,,
14,9,31,0,,,,,,,,
30,9,31,2,5217,7258,1473,1580,876,1216,,
0,9,31,0,,,,,,,,
33,9,32,1,1304,1888,1227,422,924,503,,
26,9,32,0,,,,,,,,
0,9,32,0,,,,,,,,
21,10,1,0,,,,,,,,
0,10,1,0,,,,,,,,
19,10,1,2,3285,1949,2680,2087,1161,706,,
22,10,2,1,2427,1416,1452,1270,1054,1207,,
0,10,2,0,,,,,,,,
31,10,2,0,,,,,,,,
41,10,3,0,,,,,,,,
0,10,3,0,,,,,,,,
41,10,3,2,1595,2466,2205,957,660,1402,,
1,10,4,1,1486,2422,1695,770,673,1100,,
0,10,4,0,,,,,,,,
12,10,4,0,,,,,,,,
34,10,5,0,,,,,,,,
0,10,5,0,,,,,,,,
32,10,5,2,3752,2680,2356,872,480,868,,
24,10,6,1,4057,3509,3554,1136,1167,599,,
0,10,6,0,,,,,,,,
28,10,6,0,,,,,,,,
10,10,7,0,,,,,,,,
0,10,7,0,,,,,,,,
17,10,7,2,2348,1301,1779,756,1109,406,,
13,10,8,1,2215,1313,1645,832,2394,989,,
0,10,8,0,,,,,,,,
5,10,8,0,,,,,,,,
24,10,9,0,,,,,,,,
0,10,9,0,,,,,,,,
3,10,9,2,1618,1575,1670,782,722,1080,,
38,10,10,1,791,1337,1033,556,850,688,,
0,10,10,0,,,,,,,,
18,10,10,0,,,,,,,,
8,10,11,0,,,,,,,,
11,10,11,2,1752,1610,942,912,388,685,,
0,10,11,0,,,,,,,,
15,10,12,1,1083,1569,960,1144,671,1362,,
40,10,12,0,,,,,,,,
0,10,12,0,,,,,,,,
15,10,13,0,,,,,,,,
12,10,13,2,2403,1197,2063,1251,1122,359,,
0,10,13,0,,,,,,,,
37,10,14,1,1309,1024,1630,733,1017,1049,,
9,10,14,0,,,,,,,,
0,10,14,0,,,,,,,,
23,10,15,0,,,,,,,,
28,10,15,2,1377,1307,1593,862,806,1152,,
0,10,15,0,,,,,,,,
7,10,16,1,1884,1672,955,609,438,627,,
16,10,16,0,,,,,,,,
0,10,16,0,,,,,,,,
17,10,17,0,,,,,,,,
30,10,17,2,1640,1783,1251,646,1006,701,,
0,10,17,0,,,,,,,,
36,10,18,1,1116,2366,2492,1099,997,743,,
37,10,18,0,,,,,,,,
0,10,18,0,,,,,,,,
20,10,19,0,,,,,,,,
10,10,19,2,1844,1292,1285,863,1097,1881,,
0,10,19,0,,,,,,,,
29,10,20,1,3252,2271,1928,974,1112,1136,,
2,10,20,0,,,,,,,,
0,10,20,0,,,,,,,,
30,10,21,0,,,,,,,,
40,10,21,2,2078,1367,1074,755,1032,568,,
0,10,21,0,,,,,,,,
26,10,22,1,1526,2098,2155,786,750,532,,
36,10,22,0,,,,,,,,
0,10,22,0,,,,,,,,
1,10,23,0,,,,,,,,
31,10,23,2,1805,973,888,1003,570,939,,
0,10,23,0,,,,,,,,
8,10,24,1,1636,1259,1154,825,538,813,,
27,10,24,0,,,,,,,,
0,10,24,0,,,,,,,,
4,10,25,0,,,,,,,,
34,10,25,2,2525,2027,1851,1484,1133,861,,
0,10,25,0,,,,,,,,
27,10,26,1,1532,1754,1321,1132,811,286,,
33,10,26,0,,,,,,,,
0,10,26,0,,,,,,,,
7,10,27,0,,,,,,,,
6,10,27,2,4391,4305,3573,1244,730,1113,,
0,10,27,0,,,,,,,,
16,10,28,1,4202,2539,1746,1970,1261,1544,,
39,10,28,0,,,,,,,,
0,10,28,0,,,,,,,,
38,10,29,0,,,,,,,,
5,10,29,2,2806,1790,1244,1004,708,738,,
0,10,29,0,,,,,,,,
9,10,30,1,2459,2435,1981,1236,1128,1115,,
3,10,30,0,,,,,,,,
0,10,30,0,,,,,,,,
14,10,31,0,,,,,,,,
21,10,31,2,5223,1245,1626,947,638,952,,
0,10,31,0,,,,,,,,
35,10,32,1,1679,1805,1226,899,584,452,,
26,10,32,0,,,,,,,,
0,10,32,0,,,,,,,,
21,11,1,0,,,,,,,,
0,11,1,0,,,,,,,,
29,11,1,2,1494,3392,1535,8011,1640,1122,,
11,11,2,1,2128,2832,3665,2503,2742,1058,,
0,11,2,0,,,,,,,,
31,11,2,0,,,,,,,,
41,11,3,0,,,,,,,,
0,11,3,0,,,,,,,,
6,11,3,2,1554,2085,1855,3051,1051,1526,,
18,11,4,1,1894,2892,2388,2062,1413,1118,,
0,11,4,0,,,,,,,,
12,11,4,0,,,,,,,,
34,11,5,0,,,,,,,,
0,11,5,0,,,,,,,,
9,11,5,2,1796,2377,2883,1624,1323,1654,,
33,11,6,1,1513,1907,2321,2241,1831,691,,
0,11,6,0,,,,,,,,
28,11,6,0,,,,,,,,
10,11,7,0,,,,,,,,
0,11,7,0,,,,,,,,
40,11,7,2,4871,2398,1875,2774,3071,1320,,
35,11,8,1,1542,1323,2848,2094,1974,1673,,
0,11,8,0,,,,,,,,
5,11,8,0,,,,,,,,
24,11,9,0,,,,,,,,
0,11,9,0,,,,,,,,
27,11,9,2,2643,3672,1852,1425,1418,1221,,
2,11,10,1,1217,1566,1083,2099,1093,922,,
0,11,10,0,,,,,,,,
18,11,10,0,,,,,,,,
8,11,11,0,,,,,,,,
15,11,11,2,2554,6744,3188,2376,1125,1038,,
0,11,11,0,,,,,,,,
31,11,12,1,1401,2998,2358,4715,2612,1038,,
40,11,12,0,,,,,,,,
0,11,12,0,,,,,,,,
15,11,13,0,,,,,,,,
20,11,13,2,2924,2341,3091,2838,1738,1208,,
0,11,13,0,,,,,,,,
13,11,14,1,2609,2459,2067,2476,1517,926,,
9,11,14,0,,,,,,,,
0,11,14,0,,,,,,,,
23,11,15,0,,,,,,,,
5,11,15,2,1361,2578,1953,1773,1536,1344,,
0,11,15,0,,,,,,,,
26,11,16,1,1796,1859,2332,2080,1069,775,,
16,11,16,0,,,,,,,,
0,11,16,0,,,,,,,,
17,11,17,0,,,,,,,,
14,11,17,2,2046,1555,2373,2801,2079,1372,,
0,11,17,0,,,,,,,,
24,11,18,1,3264,3779,2552,2554,1343,1727,,
37,11,18,0,,,,,,,,
0,11,18,0,,,,,,,,
20,11,19,0,,,,,,,,
25,11,19,2,2233,2548,3161,1786,1955,1677,,
0,11,19,0,,,,,,,,
23,11,20,1,3290,2224,3793,3907,1593,1364,,
2,11,20,0,,,,,,,,
0,11,20,0,,,,,,,,
30,11,21,0,,,,,,,,
37,11,21,2,2070,2644,1578,2076,1578,1494,,
0,11,21,0,,,,,,,,
21,11,22,1,1663,1546,1755,1580,2266,1264,,
36,11,22,0,,,,,,,,
0,11,22,0,,,,,,,,
1,11,23,0,,,,,,,,
8,11,23,2,1009,2075,1707,2649,1137,951,,
0,11,23,0,,,,,,,,
32,11,24,1,1916,1524,1376,2653,1162,1801,,
27,11,24,0,,,,,,,,
0,11,24,0,,,,,,,,
4,11,25,0,,,,,,,,
38,11,25,2,2439,2186,1397,1883,1398,1292,,
0,11,25,0,,,,,,,,
22,11,26,1,2364,1733,2433,1520,1346,782,,
33,11,26,0,,,,,,,,
0,11,26,0,,,,,,,,
7,11,27,0,,,,,,,,
4,11,27,2,2313,3317,2254,2658,1294,1467,,
0,11,27,0,,,,,,,,
17,11,28,1,3466,1493,2445,2692,1821,3418,,
39,11,28,0,,,,,,,,
0,11,28,0,,,,,,,,
38,11,29,0,,,,,,,,
1,11,29,2,2036,2910,2389,2885,1590,1623,,
0,11,29,0,,,,,,,,
39,11,30,1,5643,1714,1990,2298,1614,1228,,
3,11,30,0,,,,,,,,
0,11,30,0,,,,,,,,
14,11,31,0,,,,,,,,
16,11,31,2,2472,2112,1741,4257,2292,1264,,
0,11,31,0,,,,,,,,
42,11,32,1,1933,2857,2062,1503,1216,741,,
26,11,32,0,,,,,,,,
0,11,32,0,,,,,,,,
21,12,1,0,,,,,,,,
0,12,1,0,,,,,,,,
30,12,1,2,3108,2360,1633,3956,1416,1212,,
39,12,2,1,3338,3649,3437,2073,1486,1117,,
0,12,2,0,,,,,,,,
31,12,2,0,,,,,,,,
41,12,3,0,,,,,,,,
0,12,3,0,,,,,,,,
10,12,3,2,3640,2339,2017,3050,1243,1904,,
8,12,4,1,2536,3677,1883,2189,1594,1356,,
0,12,4,0,,,,,,,,
12,12,4,0,,,,,,,,
34,12,5,0,,,,,,,,
0,12,5,0,,,,,,,,
34,12,5,2,2115,1489,7046,1661,1224,1198,,
3,12,6,1,1638,2365,2574,2097,2214,1430,,
0,12,6,0,,,,,,,,
28,12,6,0,,,,,,,,
10,12,7,0,,,,,,,,
0,12,7,0,,,,,,,,
41,12,7,2,2821,4784,2577,2501,1512,2147,,
18,12,8,1,1844,2162,1919,1937,2758,3379,,
0,12,8,0,,,,,,,,
5,12,8,0,,,,,,,,
24,12,9,0,,,,,,,,
0,12,9,0,,,,,,,,
15,12,9,2,1712,2729,2006,2073,1502,1579,,
27,12,10,1,2204,2182,2630,2096,2083,1300,,
0,12,10,0,,,,,,,,
18,12,10,0,,,,,,,,
8,12,11,0,,,,,,,,
26,12,11,2,2612,3297,2041,1742,1432,1868,,
0,12,11,0,,,,,,,,
22,12,12,1,2284,2685,2845,2491,1232,1314,,
40,12,12,0,,,,,,,,
0,12,12,0,,,,,,,,
15,12,13,0,,,,,,,,
12,12,13,2,3075,2072,2758,2126,1618,1121,,
0,12,13,0,,,,,,,,
21,12,14,1,1681,2019,2356,1756,1262,1312,,
9,12,14,0,,,,,,,,
0,12,14,0,,,,,,,,
23,12,15,0,,,,,,,,
32,12,15,2,1107,1909,3556,2045,1426,1693,,
0,12,15,0,,,,,,,,
13,12,16,1,2419,2140,3415,2456,1129,1439,,
16,12,16,0,,,,,,,,
0,12,16,0,,,,,,,,
17,12,17,0,,,,,,,,
17,12,17,2,3089,5212,2866,1935,1695,1295,,
0,12,17,0,,,,,,,,
24,12,18,1,1990,3115,2118,1938,1255,2365,,
37,12,18,0,,,,,,,,
0,12,18,0,,,,,,,,
20,12,19,0,,,,,,,,
29,12,19,2,2608,2888,3895,2407,2108,2617,,
0,12,19,0,,,,,,,,
2,12,20,1,3275,2180,2131,2572,1226,2038,,
2,12,20,0,,,,,,,,
0,12,20,0,,,,,,,,
30,12,21,0,,,,,,,,
20,12,21,2,2710,2732,2165,4510,1403,2234,,
0,12,21,0,,,,,,,,
14,12,22,1,2433,2494,4538,2587,1845,1348,,
36,12,22,0,,,,,,,,
0,12,22,0,,,,,,,,
1,12,23,0,,,,,,,,
36,12,23,2,1549,1805,2673,1695,1456,1512,,
0,12,23,0,,,,,,,,
1,12,24,1,3050,2648,2289,2473,1511,1612,,
27,12,24,0,,,,,,,,
0,12,24,0,,,,,,,,
4,12,25,0,,,,,,,,
37,12,25,2,3783,4232,3330,8174,2257,1510,,
0,12,25,0,,,,,,,,
25,12,26,1,3474,1922,2878,1742,1382,2602,,
33,12,26,0,,,,,,,,
0,12,26,0,,,,,,,,
7,12,27,0,,,,,,,,
38,12,27,2,2817,3308,2233,3273,1359,1985,,
0,12,27,0,,,,,,,,
6,12,28,1,3334,2468,4342,2737,1581,3946,,
39,12,28,0,,,,,,,,
0,12,28,0,,,,,,,,
38,12,29,0,,,,,,,,
33,12,29,2,3075,3345,2699,3024,1528,1745,,
0,12,29,0,,,,,,,,
7,12,30,1,3131,2190,2995,2313,2008,1984,,
3,12,30,0,,,,,,,,
0,12,30,0,,,,,,,,
14,12,31,0,,,,,,,,
5,12,31,2,3255,2296,2380,2667,1694,1488,,
0,12,31,0,,,,,,,,
23,12,32,1,1997,3491,1547,1929,1471,1057,,
26,12,32,0,,,,,,,,
0,12,32,0,,,,,,,,
21,13,1,0,,,,,,,,
0,13,1,0,,,,,,,,
14,13,1,2,2498,3769,2339,2466,1823,1330,,
7,13,2,1,3315,3217,3569,2869,1701,973,,
0,13,2,0,,,,,,,,
31,13,2,0,,,,,,,,
41,13,3,0,,,,,,,,
0,13,3,0,,,,,,,,
16,13,3,2,4703,3235,4065,4596,2082,1956,,
9,13,4,1,3952,4179,3511,3648,2402,1660,,
0,13,4,0,,,,,,,,
12,13,4,0,,,,,,,,
34,13,5,0,,,,,,,,
0,13,5,0,,,,,,,,
25,13,5,2,3765,2263,2481,2611,1763,2033,,
21,13,6,1,1966,3832,3205,1770,1838,1417,,
0,13,6,0,,,,,,,,
28,13,6,0,,,,,,,,
10,13,7,0,,,,,,,,
0,13,7,0,,,,,,,,
19,13,7,2,4274,4775,3996,2738,1896,1890,,
2,13,8,1,2625,2740,2593,3343,2861,2514,,
0,13,8,0,,,,,,,,
5,13,8,0,,,,,,,,
24,13,9,0,,,,,,,,
0,13,9,0,,,,,,,,
31,13,9,2,2024,3068,2272,3325,1535,1025,,
35,13,10,1,2297,2296,2049,2378,1477,820,,
0,13,10,0,,,,,,,,
18,13,10,0,,,,,,,,
8,13,11,0,,,,,,,,
37,13,11,2,2073,4054,1981,1320,741,715,,
0,13,11,0,,,,,,,,
28,13,12,1,3323,5240,4098,4031,1976,1227,,
40,13,12,0,,,,,,,,
0,13,12,0,,,,,,,,
15,13,13,0,,,,,,,,
42,13,13,2,1854,3362,3031,1963,1470,665,,
0,13,13,0,,,,,,,,
34,13,14,1,4034,2005,3598,2084,2102,871,,
9,13,14,0,,,,,,,,
0,13,14,0,,,,,,,,
23,13,15,0,,,,,,,,
1,13,15,2,2391,4017,2523,2953,2063,1285,,
0,13,15,0,,,,,,,,
18,13,16,1,3943,3384,2873,2205,2176,1991,,
16,13,16,0,,,,,,,,
0,13,16,0,,,,,,,,
17,13,17,0,,,,,,,,
27,13,17,2,3639,3554,3982,2999,2360,2536,,
0,13,17,0,,,,,,,,
39,13,18,1,2434,2620,2142,986,831,1164,,
37,13,18,0,,,,,,,,
0,13,18,0,,,,,,,,
20,13,19,0,,,,,,,,
4,13,19,2,3654,6767,3611,2818,1458,1256,,
0,13,19,0,,,,,,,,
13,13,20,1,4328,3499,2715,2363,2168,2045,,
2,13,20,0,,,,,,,,
0,13,20,0,,,,,,,,
30,13,21,0,,,,,,,,
40,13,21,2,1346,2877,2279,1688,1613,1776,,
0,13,21,0,,,,,,,,
33,13,22,1,1928,2750,1422,1152,1155,717,,
36,13,22,0,,,,,,,,
0,13,22,0,,,,,,,,
1,13,23,0,,,,,,,,
41,13,23,2,1902,3050,3307,2515,2357,993,,
0,13,23,0,,,,,,,,
5,13,24,1,3216,2442,2409,3454,1966,2324,,
27,13,24,0,,,,,,,,
0,13,24,0,,,,,,,,
4,13,25,0,,,,,,,,
12,13,25,2,4294,4346,2990,2961,1855,1743,,
0,13,25,0,,,,,,,,
38,13,26,1,2092,3454,1525,1908,892,727,,
33,13,26,0,,,,,,,,
0,13,26,0,,,,,,,,
7,13,27,0,,,,,,,,
29,13,27,2,2189,2064,2284,3733,2651,1690,,
0,13,27,0,,,,,,,,
24,13,28,1,2618,2507,2486,3040,3107,3095,,
39,13,28,0,,,,,,,,
0,13,28,0,,,,,,,,
38,13,29,0,,,,,,,,
30,13,29,2,1609,2125,3430,2919,1923,1629,,
0,13,29,0,,,,,,,,
6,13,30,1,3219,2390,3259,2741,2402,1542,,
3,13,30,0,,,,,,,,
0,13,30,0,,,,,,,,
14,13,31,0,,,,,,,,
23,13,31,2,2644,4642,5294,4204,2957,1237,,
0,13,31,0,,,,,,,,
11,13,32,1,2932,4091,3219,2026,1232,1477,,
26,13,32,0,,,,,,,,
0,13,32,0,,,,,,,,
21,14,1,0,,,,,,,,
0,14,1,0,,,,,,,,
18,14,1,2,2939,1721,3852,1164,1300,865,,
14,14,2,1,4175,2341,1610,1679,1335,1238,,
0,14,2,0,,,,,,,,
31,14,2,0,,,,,,,,
41,14,3,0,,,,,,,,
0,14,3,0,,,,,,,,
1,14,3,2,3394,1968,2875,1695,1090,2404,,
7,14,4,1,3335,4320,2329,1665,1092,1700,,
0,14,4,0,,,,,,,,
12,14,4,0,,,,,,,,
34,14,5,0,,,,,,,,
0,14,5,0,,,,,,,,
29,14,5,2,3369,2179,2292,1293,1209,1458,,
20,14,6,1,1634,1584,1547,1946,1389,1330,,
0,14,6,0,,,,,,,,
28,14,6,0,,,,,,,,
10,14,7,0,,,,,,,,
0,14,7,0,,,,,,,,
12,14,7,2,3603,2561,3305,2336,1346,1070,,
22,14,8,1,1315,3596,1862,2021,1796,2035,,
0,14,8,0,,,,,,,,
5,14,8,0,,,,,,,,
24,14,9,0,,,,,,,,
0,14,9,0,,,,,,,,
40,14,9,2,1350,1984,1759,1598,916,1889,,
3,14,10,1,3210,4768,2350,3518,1388,2779,,
0,14,10,0,,,,,,,,
18,14,10,0,,,,,,,,
8,14,11,0,,,,,,,,
5,14,11,2,4911,3620,3223,1634,885,1540,,
0,14,11,0,,,,,,,,
38,14,12,1,1306,3492,1806,2453,1768,1190,,
40,14,12,0,,,,,,,,
0,14,12,0,,,,,,,,
15,14,13,0,,,,,,,,
34,14,13,2,2837,1388,2062,1522,2139,1193,,
0,14,13,0,,,,,,,,
36,14,14,1,2162,1073,1619,1712,1530,1338,,
9,14,14,0,,,,,,,,
0,14,14,0,,,,,,,,
23,14,15,0,,,,,,,,
17,14,15,2,1289,1464,1237,1679,1525,1269,,
0,14,15,0,,,,,,,,
10,14,16,1,5180,3631,2081,2071,1393,1496,,
16,14,16,0,,,,,,,,
0,14,16,0,,,,,,,,
17,14,17,0,,,,,,,,
35,14,17,2,1824,3311,2249,1533,1975,1560,,
0,14,17,0,,,,,,,,
24,14,18,1,1427,2099,1685,2912,2393,1368,,
37,14,18,0,,,,,,,,
0,14,18,0,,,,,,,,
20,14,19,0,,,,,,,,
39,14,19,2,3791,3203,2019,1170,2087,2214,,
0,14,19,0,,,,,,,,
27,14,20,1,1890,1875,1844,2508,1787,1164,,
2,14,20,0,,,,,,,,
0,14,20,0,,,,,,,,
30,14,21,0,,,,,,,,
16,14,21,2,2702,1447,1027,1602,1184,1158,,
0,14,21,0,,,,,,,,
6,14,22,1,4588,1875,1736,1212,1022,1043,,
36,14,22,0,,,,,,,,
0,14,22,0,,,,,,,,
1,14,23,0,,,,,,,,
37,14,23,2,1399,1562,2081,1000,999,1295,,
0,14,23,0,,,,,,,,
26,14,24,1,4032,1487,1367,3326,1148,993,,
27,14,24,0,,,,,,,,
0,14,24,0,,,,,,,,
4,14,25,0,,,,,,,,
9,14,25,2,3897,3029,1486,2291,1457,1168,,
0,14,25,0,,,,,,,,
32,14,26,1,2419,2767,2912,2343,1777,1432,,
33,14,26,0,,,,,,,,
0,14,26,0,,,,,,,,
7,14,27,0,,,,,,,,
42,14,27,2,1360,2052,2317,2116,936,1094,,
0,14,27,0,,,,,,,,
25,14,28,1,2949,1653,2312,2354,2357,2560,,
39,14,28,0,,,,,,,,
0,14,28,0,,,,,,,,
38,14,29,0,,,,,,,,
11,14,29,2,3914,2685,1503,2156,1452,1255,,
0,14,29,0,,,,,,,,
43,14,30,1,1761,1707,1593,1862,1150,937,,
3,14,30,0,,,,,,,,
0,14,30,0,,,,,,,,
14,14,31,0,,,,,,,,
28,14,31,2,1733,1931,1720,2704,944,1417,,
0,14,31,0,,,,,,,,
33,14,32,1,1504,1935,1299,2506,1646,1421,,
26,14,32,0,,,,,,,,
0,14,32,0,,,,,,,,
21,15,1,0,,,,,,,,
0,15,1,0,,,,,,,,
20,15,1,2,4073,2860,2868,3389,1549,1709,,
17,15,2,1,2123,2356,2040,2495,2270,1822,,
0,15,2,0,,,,,,,,
31,15,2,0,,,,,,,,
41,15,3,0,,,,,,,,
0,15,3,0,,,,,,,,
22,15,3,2,3448,1857,1844,2339,2839,2946,,
39,15,4,1,1536,3161,1970,3172,1991,1742,,
0,15,4,0,,,,,,,,
12,15,4,0,,,,,,,,
34,15,5,0,,,,,,,,
0,15,5,0,,,,,,,,
6,15,5,2,1780,2809,3558,1832,1428,1696,,
42,15,6,1,2291,2025,1751,2078,2039,1620,,
0,15,6,0,,,,,,,,
28,15,6,0,,,,,,,,
10,15,7,0,,,,,,,,
0,15,7,0,,,,,,,,
37,15,7,2,1939,2782,2760,3796,2074,2200,,
13,15,8,1,1528,2000,1572,1605,2040,3120,,
0,15,8,0,,,,,,,,
5,15,8,0,,,,,,,,
24,15,9,0,,,,,,,,
0,15,9,0,,,,,,,,
2,15,9,2,2240,2711,3128,3380,1997,2651,,
33,15,10,1,2217,1825,2004,2341,2505,2042,,
0,15,10,0,,,,,,,,
18,15,10,0,,,,,,,,
8,15,11,0,,,,,,,,
27,15,11,2,1771,3523,2766,4230,1467,1853,,
0,15,11,0,,,,,,,,
29,15,12,1,1751,3438,1916,3001,1978,1320,,
40,15,12,0,,,,,,,,
0,15,12,0,,,,,,,,
15,15,13,0,,,,,,,,
25,15,13,2,2111,1998,2732,2362,1893,1307,,
0,15,13,0,,,,,,,,
8,15,14,1,2703,1563,2208,1984,1535,1654,,
9,15,14,0,,,,,,,,
0,15,14,0,,,,,,,,
23,15,15,0,,,,,,,,
15,15,15,2,1208,1751,2220,2320,1645,2112,,
0,15,15,0,,,,,,,,
16,15,16,1,1734,2206,2388,2397,2020,1451,,
16,15,16,0,,,,,,,,
0,15,16,0,,,,,,,,
17,15,17,0,,,,,,,,
4,15,17,2,1676,2478,2690,2270,1943,3051,,
0,15,17,0,,,,,,,,
32,15,18,1,1575,2037,1840,1685,1583,1596,,
37,15,18,0,,,,,,,,
0,15,18,0,,,,,,,,
20,15,19,0,,,,,,,,
31,15,19,2,2565,3093,3133,1852,1945,2681,,
0,15,19,0,,,,,,,,
1,15,20,1,2402,2432,2632,2513,1717,2935,,
2,15,20,0,,,,,,,,
0,15,20,0,,,,,,,,
30,15,21,0,,,,,,,,
11,15,21,2,3301,2391,2037,4458,1477,2762,,
0,15,21,0,,,,,,,,
24,15,22,1,1251,2286,2294,2805,2269,1669,,
36,15,22,0,,,,,,,,
0,15,22,0,,,,,,,,
1,15,23,0,,,,,,,,
30,15,23,2,1919,2009,3331,2212,1657,2173,,
0,15,23,0,,,,,,,,
19,15,24,1,2108,1628,2377,4083,1619,1726,,
27,15,24,0,,,,,,,,
0,15,24,0,,,,,,,,
4,15,25,0,,,,,,,,
35,15,25,2,2180,3873,1591,2470,2234,2040,,
0,15,25,0,,,,,,,,
5,15,26,1,1725,1661,2619,2495,2044,2102,,
33,15,26,0,,,,,,,,
0,15,26,0,,,,,,,,
7,15,27,0,,,,,,,,
26,15,27,2,1996,2580,2341,2661,2363,1933,,
0,15,27,0,,,,,,,,
36,15,28,1,2261,1537,2976,2199,1989,2941,,
39,15,28,0,,,,,,,,
0,15,28,0,,,,,,,,
38,15,29,0,,,,,,,,
41,15,29,2,2609,2204,3629,2545,2339,3028,,
0,15,29,0,,,,,,,,
28,15,30,1,2326,2277,2680,2840,2196,3578,,
3,15,30,0,,,,,,,,
0,15,30,0,,,,,,,,
14,15,31,0,,,,,,,,
10,15,31,2,2092,1985,1967,3120,1716,1944,,
0,15,31,0,,,,,,,,
12,15,32,1,2302,3713,3196,3353,1583,1284,,
26,15,32,0,,,,,,,,
0,15,32,0,,,,,,,,
21,16,1,0,,,,,,,,
0,16,1,0,,,,,,,,
16,16,1,2,2208,2611,1982,1708,927,1095,,
8,16,2,1,3024,1905,2385,2060,1432,2278,,
0,16,2,0,,,,,,,,
31,16,2,0,,,,,,,,
41,16,3,0,,,,,,,,
0,16,3,0,,,,,,,,
33,16,3,2,1708,1116,1355,1980,1355,1638,,
22,16,4,1,1777,2879,2220,2393,1309,1341,,
0,16,4,0,,,,,,,,
12,16,4,0,,,,,,,,
34,16,5,0,,,,,,,,
0,16,5,0,,,,,,,,
30,16,5,2,3005,1825,2989,1242,1190,1063,,
11,16,6,1,1484,1481,2005,1932,1603,1561,,
0,16,6,0,,,,,,,,
28,16,6,0,,,,,,,,
10,16,7,0,,,,,,,,
0,16,7,0,,,,,,,,
5,16,7,2,1920,2010,1659,1970,1874,1905,,
13,16,8,1,1005,1446,1628,1383,1392,1751,,
0,16,8,0,,,,,,,,
5,16,8,0,,,,,,,,
24,16,9,0,,,,,,,,
0,16,9,0,,,,,,,,
41,16,9,2,1192,2562,2504,2036,1327,1204,,
2,16,10,1,2121,3147,2165,1329,970,1201,,
0,16,10,0,,,,,,,,
18,16,10,0,,,,,,,,
8,16,11,0,,,,,,,,
1,16,11,2,2460,3451,1417,2181,1378,1099,,
0,16,11,0,,,,,,,,
18,16,12,1,1564,2490,2090,2551,1336,1073,,
40,16,12,0,,,,,,,,
0,16,12,0,,,,,,,,
15,16,13,0,,,,,,,,
10,16,13,2,3384,2666,1820,2209,2020,1206,,
0,16,13,0,,,,,,,,
35,16,14,1,1116,845,1384,2175,1145,1069,,
9,16,14,0,,,,,,,,
0,16,14,0,,,,,,,,
23,16,15,0,,,,,,,,
27,16,15,2,1084,2126,1468,2054,1490,1033,,
0,16,15,0,,,,,,,,
36,16,16,1,1516,1999,1569,1270,806,934,,
16,16,16,0,,,,,,,,
0,16,16,0,,,,,,,,
17,16,17,0,,,,,,,,
21,16,17,2,2122,2121,2040,1842,2113,1527,,
0,16,17,0,,,,,,,,
29,16,18,1,1414,2759,1791,1326,1839,1312,,
37,16,18,0,,,,,,,,
0,16,18,0,,,,,,,,
20,16,19,0,,,,,,,,
25,16,19,2,1795,1746,2722,1400,1568,2081,,
0,16,19,0,,,,,,,,
32,16,20,1,1468,2325,1798,1864,1289,1456,,
2,16,20,0,,,,,,,,
0,16,20,0,,,,,,,,
30,16,21,0,,,,,,,,
26,16,21,2,1420,1156,1169,1866,1433,1299,,
0,16,21,0,,,,,,,,
20,16,22,1,1037,2582,1568,2233,1658,1092,,
36,16,22,0,,,,,,,,
0,16,22,0,,,,,,,,
1,16,23,0,,,,,,,,
38,16,23,2,1126,1594,1940,1874,1111,1955,,
0,16,23,0,,,,,,,,
15,16,24,1,3280,2286,1489,2331,1592,1015,,
27,16,24,0,,,,,,,,
0,16,24,0,,,,,,,,
4,16,25,0,,,,,,,,
19,16,25,2,1355,1494,1943,2681,1325,1236,,
0,16,25,0,,,,,,,,
39,16,26,1,1654,1491,1228,1747,2205,1058,,
33,16,26,0,,,,,,,,
0,16,26,0,,,,,,,,
7,16,27,0,,,,,,,,
28,16,27,2,3376,2435,2314,2881,1590,1453,,
0,16,27,0,,,,,,,,
24,16,28,1,2428,2216,1970,2204,1892,3008,,
39,16,28,0,,,,,,,,
0,16,28,0,,,,,,,,
38,16,29,0,,,,,,,,
40,16,29,2,3548,2791,2349,2079,1540,2218,,
0,16,29,0,,,,,,,,
37,16,30,1,1961,1852,2312,1957,1390,3047,,
3,16,30,0,,,,,,,,
0,16,30,0,,,,,,,,
14,16,31,0,,,,,,,,
4,16,31,2,1331,2192,2074,4101,969,1534,,
0,16,31,0,,,,,,,,
7,16,32,1,968,2917,1321,1271,1013,935,,
26,16,32,0,,,,,,,,
0,16,32,0,,,,,,,,
28,17,1,1,1897,2697,2039,2031,2054,907,,
0,17,1,0,,,,,,,,
16,17,1,0,,,,,,,,
8,17,2,0,,,,,,,,
0,17,2,0,,,,,,,,
38,17,2,2,2356,1904,1509,2157,2391,808,,
41,17,3,1,4682,2436,2700,2714,1984,1859,,
0,17,3,0,,,,,,,,
33,17,3,0,,,,,,,,
22,17,4,0,,,,,,,,
0,17,4,0,,,,,,,,
6,17,4,2,1986,4792,1904,1831,1340,1981,,
30,17,5,1,2548,2492,1240,1164,2016,1913,,
0,17,5,0,,,,,,,,
30,17,5,0,,,,,,,,
11,17,6,0,,,,,,,,
0,17,6,0,,,,,,,,
2,17,6,2,4318,1850,2431,1736,1554,1416,,
17,17,7,1,2743,1887,1477,1483,1170,1365,,
0,17,7,0,,,,,,,,
5,17,7,0,,,,,,,,
13,17,8,0,,,,,,,,
0,17,8,0,,,,,,,,
10,17,8,2,1628,1864,2405,1737,2817,2985,,
36,17,9,1,3060,3039,1445,1724,1147,1202,,
0,17,9,0,,,,,,,,
41,17,9,0,,,,,,,,
2,17,10,0,,,,,,,,
0,17,10,0,,,,,,,,
15,17,10,2,2079,1432,1275,1266,1572,1448,,
40,17,11,1,1967,3525,2761,1670,2388,1130,,
1,17,11,0,,,,,,,,
0,17,11,0,,,,,,,,
18,17,12,0,,,,,,,,
22,17,12,2,2814,2262,1303,2115,1244,919,,
0,17,12,0,,,,,,,,
20,17,13,1,1972,1361,2090,2215,1301,1231,,
10,17,13,0,,,,,,,,
0,17,13,0,,,,,,,,
35,17,14,0,,,,,,,,
19,17,14,2,1226,1716,1873,1600,1636,2059,,
0,17,14,0,,,,,,,,
24,17,15,1,2103,2486,2603,1431,1438,962,,
27,17,15,0,,,,,,,,
0,17,15,0,,,,,,,,
36,17,16,0,,,,,,,,
33,17,16,2,1963,3372,4593,3960,1961,972,,
0,17,16,0,,,,,,,,
34,17,17,1,4572,3840,2025,1134,834,999,,
21,17,17,0,,,,,,,,
0,17,17,0,,,,,,,,
29,17,18,0,,,,,,,,
26,17,18,2,3294,2029,1585,1469,1374,1449,,
0,17,18,0,,,,,,,,
9,17,19,1,3576,2660,2267,1238,1376,1873,,
25,17,19,0,,,,,,,,
0,17,19,0,,,,,,,,
32,17,20,0,,,,,,,,
5,17,20,2,2520,2140,2440,1569,1343,1668,,
0,17,20,0,,,,,,,,
27,17,21,1,3461,1263,2107,2228,2525,2007,,
26,17,21,0,,,,,,,,
0,17,21,0,,,,,,,,
20,17,22,0,,,,,,,,
14,17,22,2,2908,1788,1614,1604,2429,934,,
0,17,22,0,,,,,,,,
8,17,23,1,1561,2113,2026,1212,1106,2065,,
38,17,23,0,,,,,,,,
0,17,23,0,,,,,,,,
15,17,24,0,,,,,,,,
25,17,24,2,4193,1171,2434,2289,904,1156,,
0,17,24,0,,,,,,,,
4,17,25,1,5102,2238,2754,2199,847,1614,,
19,17,25,0,,,,,,,,
0,17,25,0,,,,,,,,
39,17,26,0,,,,,,,,
1,17,26,2,2526,2438,2308,2912,2090,1120,,
0,17,26,0,,,,,,,,
43,17,27,1,3189,3773,3777,3717,2078,1577,,
28,17,27,0,,,,,,,,
0,17,27,0,,,,,,,,
24,17,28,0,,,,,,,,
12,17,28,2,3667,1684,1910,2947,1414,2853,,
0,17,28,0,,,,,,,,
32,17,29,1,7446,3194,1976,1375,565,1014,,
40,17,29,0,,,,,,,,
0,17,29,0,,,,,,,,
37,17,30,0,,,,,,,,
13,17,30,2,2201,3723,1635,2763,1211,1734,,
0,17,30,0,,,,,,,,
23,17,31,1,2953,1608,1942,1019,1125,1347,,
4,17,31,0,,,,,,,,
0,17,31,0,,,,,,,,
7,17,32,0,,,,,,,,
21,17,32,2,6413,5416,3349,3576,1133,621,,
0,17,32,0,,,,,,,,
28,18,1,0,,,,,,,,
0,18,1,0,,,,,,,,
37,18,1,2,3707,2296,978,1039,1008,1003,,
11,18,2,1,2091,1242,2203,1971,1151,1741,,
0,18,2,0,,,,,,,,
38,18,2,0,,,,,,,,
41,18,3,0,,,,,,,,
0,18,3,0,,,,,,,,
4,18,3,2,2263,1072,1664,902,1140,2171,,
41,18,4,1,2621,2808,1396,1611,1025,1306,,
0,18,4,0,,,,,,,,
6,18,4,0,,,,,,,,
30,18,5,0,,,,,,,,
0,18,5,0,,,,,,,,
6,18,5,2,3182,2160,3385,964,756,538,,
21,18,6,1,2232,1554,1148,1050,1019,946,,
0,18,6,0,,,,,,,,
2,18,6,0,,,,,,,,
17,18,7,0,,,,,,,,
0,18,7,0,,,,,,,,
31,18,7,2,2197,1503,1848,1842,1165,779,,
34,18,8,1,1054,1020,1280,525,1170,1131,,
0,18,8,0,,,,,,,,
10,18,8,0,,,,,,,,
36,18,9,0,,,,,,,,
0,18,9,0,,,,,,,,
39,18,9,2,1077,1482,831,699,1076,890,,
13,18,10,1,893,1277,1384,1122,1361,1783,,
0,18,10,0,,,,,,,,
15,18,10,0,,,,,,,,
40,18,11,0,,,,,,,,
18,18,11,2,1179,1606,1268,1124,604,1466,,
0,18,11,0,,,,,,,,
23,18,12,1,839,2267,1263,1169,633,1312,,
22,18,12,0,,,,,,,,
0,18,12,0,,,,,,,,
20,18,13,0,,,,,,,,
43,18,13,2,1146,1284,1265,1229,1197,792,,
0,18,13,0,,,,,,,,
25,18,14,1,1945,806,922,777,1080,711,,
19,18,14,0,,,,,,,,
0,18,14,0,,,,,,,,
24,18,15,0,,,,,,,,
15,18,15,2,1508,1702,1203,1064,1190,1172,,
0,18,15,0,,,,,,,,
17,18,16,1,1214,1631,1757,1390,793,855,,
33,18,16,0,,,,,,,,
0,18,16,0,,,,,,,,
34,18,17,0,,,,,,,,
30,18,17,2,1571,1233,1533,1335,913,787,,
0,18,17,0,,,,,,,,
9,18,18,1,1871,2727,1716,1435,1290,2055,,
26,18,18,0,,,,,,,,
0,18,18,0,,,,,,,,
9,18,19,0,,,,,,,,
29,18,19,2,1664,2021,2368,959,883,1251,,
0,18,19,0,,,,,,,,
33,18,20,1,1803,1348,1309,893,727,614,,
5,18,20,0,,,,,,,,
0,18,20,0,,,,,,,,
27,18,21,0,,,,,,,,
1,18,21,2,2610,1314,1803,1524,1562,833,,
0,18,21,0,,,,,,,,
2,18,22,1,4116,2028,1687,881,1656,1670,,
14,18,22,0,,,,,,,,
0,18,22,0,,,,,,,,
8,18,23,0,,,,,,,,
44,18,23,2,811,1110,1165,1175,1025,1102,,
0,18,23,0,,,,,,,,
24,18,24,1,1753,991,509,1105,646,989,,
25,18,24,0,,,,,,,,
0,18,24,0,,,,,,,,
4,18,25,0,,,,,,,,
27,18,25,2,1207,1121,1760,1175,762,853,,
0,18,25,0,,,,,,,,
20,18,26,1,1668,1299,1523,946,760,792,,
1,18,26,0,,,,,,,,
0,18,26,0,,,,,,,,
43,18,27,0,,,,,,,,
3,18,27,2,1921,1725,2161,3152,1006,1229,,
0,18,27,0,,,,,,,,
16,18,28,1,2565,872,1462,1510,1183,1837,,
12,18,28,0,,,,,,,,
0,18,28,0,,,,,,,,
32,18,29,0,,,,,,,,
10,18,29,2,2378,1416,1408,1553,953,2174,,
0,18,29,0,,,,,,,,
26,18,30,1,2210,1806,2160,1790,964,1108,,
13,18,30,0,,,,,,,,
0,18,30,0,,,,,,,,
23,18,31,0,,,,,,,,
28,18,31,2,792,1509,1362,1085,888,1120,,
0,18,31,0,,,,,,,,
36,18,32,1,1409,1659,1417,460,991,982,,
21,18,32,0,,,,,,,,
0,18,32,0,,,,,,,,
2,19,1,1,2836,2486,1916,1670,1109,1470,,
0,19,1,0,,,,,,,,
37,19,1,0,,,,,,,,
11,19,2,0,,,,,,,,
0,19,2,0,,,,,,,,
15,19,2,2,4690,2917,2747,2499,1335,892,,
11,19,3,1,1887,1253,865,1060,606,1033,,
0,19,3,0,,,,,,,,
4,19,3,0,,,,,,,,
41,19,4,0,,,,,,,,
0,19,4,0,,,,,,,,
40,19,4,2,1186,2042,1045,1322,842,944,,
9,19,5,1,1915,1191,1038,945,966,811,,
0,19,5,0,,,,,,,,
6,19,5,0,,,,,,,,
21,19,6,0,,,,,,,,
0,19,6,0,,,,,,,,
38,19,6,2,1020,845,2374,1614,2509,1091,,
27,19,7,1,2107,1714,2841,2060,1832,1904,,
0,19,7,0,,,,,,,,
31,19,7,0,,,,,,,,
34,19,8,0,,,,,,,,
0,19,8,0,,,,,,,,
4,19,8,2,2731,1801,995,927,1132,1349,,
22,19,9,1,934,1067,1249,671,608,771,,
0,19,9,0,,,,,,,,
39,19,9,0,,,,,,,,
13,19,10,0,,,,,,,,
0,19,10,0,,,,,,,,
35,19,10,2,946,802,1157,1418,561,755,,
18,19,11,1,985,1112,1013,694,475,781,,
18,19,11,0,,,,,,,,
0,19,11,0,,,,,,,,
23,19,12,0,,,,,,,,
6,19,12,2,2186,2165,881,1176,881,621,,
0,19,12,0,,,,,,,,
1,19,13,1,1954,2017,1443,903,1499,1292,,
43,19,13,0,,,,,,,,
0,19,13,0,,,,,,,,
25,19,14,0,,,,,,,,
31,19,14,2,2579,1417,1890,1914,1260,1117,,
0,19,14,0,,,,,,,,
30,19,15,1,851,848,836,910,737,738,,
15,19,15,0,,,,,,,,
0,19,15,0,,,,,,,,
17,19,16,0,,,,,,,,
20,19,16,2,1089,1306,1386,820,629,860,,
0,19,16,0,,,,,,,,
21,19,17,1,1200,1615,1554,565,581,1361,,
30,19,17,0,,,,,,,,
0,19,17,0,,,,,,,,
9,19,18,0,,,,,,,,
42,19,18,2,3039,2310,1410,958,976,961,,
0,19,18,0,,,,,,,,
25,19,19,1,2456,3934,2245,1535,1479,1377,,
29,19,19,0,,,,,,,,
0,19,19,0,,,,,,,,
33,19,20,0,,,,,,,,
7,19,20,2,2923,1750,1807,1515,719,1361,,
0,19,20,0,,,,,,,,
37,19,21,1,1464,932,1073,1015,824,738,,
1,19,21,0,,,,,,,,
0,19,21,0,,,,,,,,
2,19,22,0,,,,,,,,
13,19,22,2,1132,1967,1008,615,961,765,,
0,19,22,0,,,,,,,,
8,19,23,1,1080,1097,1625,1598,1782,1405,,
44,19,23,0,,,,,,,,
0,19,23,0,,,,,,,,
24,19,24,0,,,,,,,,
32,19,24,2,1951,891,874,867,776,976,,
0,19,24,0,,,,,,,,
19,19,25,1,1310,1280,817,919,573,843,,
27,19,25,0,,,,,,,,
0,19,25,0,,,,,,,,
20,19,26,0,,,,,,,,
26,19,26,2,2812,2787,3051,1627,1708,1641,,
0,19,26,0,,,,,,,,
34,19,27,1,2064,2260,1471,1968,842,980,,
3,19,27,0,,,,,,,,
0,19,27,0,,,,,,,,
16,19,28,0,,,,,,,,
29,19,28,2,2219,1085,1680,1196,751,1442,,
0,19,28,0,,,,,,,,
33,19,29,1,2560,2273,1554,984,795,810,,
10,19,29,0,,,,,,,,
0,19,29,0,,,,,,,,
26,19,30,0,,,,,,,,
14,19,30,2,4778,2482,1014,995,1053,1200,,
0,19,30,0,,,,,,,,
24,19,31,1,3697,1510,1658,733,543,1053,,
28,19,31,0,,,,,,,,
0,19,31,0,,,,,,,,
36,19,32,0,,,,,,,,
17,19,32,2,1614,2246,822,823,611,557,,
0,19,32,0,,,,,,,,
