seq,subj,item,cond,R1,R2,R3,R4,R5,R6,R7,R8
15,1,1,1,4384,2079,1982,1700,1944,975,,
0,1,1,0,,,,,,,,
0,1,1,0,,,,,,,,
0,1,2,0,,,,,,,,
0,1,2,0,,,,,,,,
9,1,2,2,5331,2234,2711,2114,2376,1140,,
27,1,3,1,2738,2274,2389,1750,1987,1444,,
0,1,3,0,,,,,,,,
0,1,3,0,,,,,,,,
0,1,4,0,,,,,,,,
0,1,4,0,,,,,,,,
31,1,4,2,3667,5253,1201,1614,2016,1473,,
12,1,5,1,3174,4871,5116,2531,1188,1408,,
0,1,5,0,,,,,,,,
0,1,5,0,,,,,,,,
0,1,6,0,,,,,,,,
0,1,6,0,,,,,,,,
4,1,6,2,4247,2431,2489,3601,2359,1085,,
22,1,7,1,5793,2099,3561,1940,1810,1556,,
0,1,7,0,,,,,,,,
0,1,7,0,,,,,,,,
0,1,8,0,,,,,,,,
0,1,8,0,,,,,,,,
41,1,8,2,4637,3175,2915,2104,4423,3028,,
36,1,9,1,2867,3973,1428,1434,1479,1002,,
0,1,9,0,,,,,,,,
0,1,9,0,,,,,,,,
0,1,10,0,,,,,,,,
0,1,10,0,,,,,,,,
2,1,10,2,2052,4531,3218,2454,1210,1344,,
39,1,11,1,3898,4098,2824,3800,1214,1847,,
0,1,11,0,,,,,,,,
0,1,11,0,,,,,,,,
0,1,12,0,,,,,,,,
8,1,12,2,4364,2537,2654,2013,1634,904,,
0,1,12,0,,,,,,,,
11,1,13,1,5396,3457,3416,1398,1602,1569,,
0,1,13,0,,,,,,,,
0,1,13,0,,,,,,,,
0,1,14,0,,,,,,,,
20,1,14,2,3138,2058,1689,1706,1773,764,,
0,1,14,0,,,,,,,,
33,1,15,1,4290,5339,1520,1738,1234,1807,,
0,1,15,0,,,,,,,,
0,1,15,0,,,,,,,,
0,1,16,0,,,,,,,,
14,1,16,2,4354,2057,2312,2450,881,1277,,
0,1,16,0,,,,,,,,
34,1,17,1,4186,2938,3983,2167,1491,2287,,
0,1,17,0,,,,,,,,
0,1,17,0,,,,,,,,
0,1,18,0,,,,,,,,
7,1,18,2,2591,2916,3668,3116,1789,1425,,
0,1,18,0,,,,,,,,
40,1,19,1,6579,3149,3491,1461,1433,1753,,
0,1,19,0,,,,,,,,
0,1,19,0,,,,,,,,
0,1,20,0,,,,,,,,
19,1,20,2,3676,1696,3244,1875,1240,1176,,
0,1,20,0,,,,,,,,
25,1,21,1,2575,3514,3231,3456,2307,1326,,
0,1,21,0,,,,,,,,
0,1,21,0,,,,,,,,
0,1,22,0,,,,,,,,
38,1,22,2,7796,2362,5623,1964,1269,1213,,
0,1,22,0,,,,,,,,
29,1,23,1,5233,2371,1155,1104,1034,1087,,
0,1,23,0,,,,,,,,
0,1,23,0,,,,,,,,
0,1,24,0,,,,,,,,
18,1,24,2,3317,2796,1995,2252,956,1099,,
0,1,24,0,,,,,,,,
24,1,25,1,5991,4515,1750,2174,1494,1225,,
0,1,25,0,,,,,,,,
0,1,25,0,,,,,,,,
0,1,26,0,,,,,,,,
35,1,26,2,2556,4062,3262,1744,1947,2041,,
0,1,26,0,,,,,,,,
1,1,27,1,4147,3402,1945,6597,1759,1175,,
0,1,27,0,,,,,,,,
0,1,27,0,,,,,,,,
0,1,28,0,,,,,,,,
6,1,28,2,5444,2079,3668,5115,1751,1995,,
0,1,28,0,,,,,,,,
26,1,29,1,3467,2455,3369,3305,1881,1723,,
0,1,29,0,,,,,,,,
0,1,29,0,,,,,,,,
0,1,30,0,,,,,,,,
17,1,30,2,2195,2936,1728,1666,1540,1558,,
0,1,30,0,,,,,,,,
21,1,31,1,6229,2182,2265,1988,3156,855,,
0,1,31,0,,,,,,,,
0,1,31,0,,,,,,,,
0,1,32,0,,,,,,,,
30,1,32,2,2310,3168,2660,1548,1007,646,,
0,1,32,0,,,,,,,,
22,2,1,1,3739,4611,1918,3525,5142,3013,,
0,2,1,0,,,,,,,,
0,2,1,0,,,,,,,,
0,2,2,0,,,,,,,,
0,2,2,0,,,,,,,,
2,2,2,2,5371,4146,4176,5607,5663,3052,,
8,2,3,1,5466,2771,4433,4978,2652,3189,,
0,2,3,0,,,,,,,,
0,2,3,0,,,,,,,,
0,2,4,0,,,,,,,,
0,2,4,0,,,,,,,,
20,2,4,2,6094,6085,2948,5054,3785,3024,,
35,2,5,1,5086,3094,2161,3254,2453,2772,,
0,2,5,0,,,,,,,,
0,2,5,0,,,,,,,,
0,2,6,0,,,,,,,,
0,2,6,0,,,,,,,,
10,2,6,2,3973,3122,3423,4447,4022,3201,,
5,2,7,1,4057,4815,3676,7253,5505,4120,,
0,2,7,0,,,,,,,,
0,2,7,0,,,,,,,,
0,2,8,0,,,,,,,,
0,2,8,0,,,,,,,,
29,2,8,2,2642,3586,3511,3023,4913,2974,,
14,2,9,1,2899,3420,2444,3489,2618,3826,,
0,2,9,0,,,,,,,,
0,2,9,0,,,,,,,,
0,2,10,0,,,,,,,,
0,2,10,0,,,,,,,,
25,2,10,2,3099,3000,2458,2480,3547,2547,,
33,2,11,1,3097,4142,2683,2634,2846,2276,,
0,2,11,0,,,,,,,,
0,2,11,0,,,,,,,,
0,2,12,0,,,,,,,,
32,2,12,2,3426,3762,2880,6131,3179,1662,,
0,2,12,0,,,,,,,,
40,2,13,1,4815,3443,4918,2460,3603,1132,,
0,2,13,0,,,,,,,,
0,2,13,0,,,,,,,,
0,2,14,0,,,,,,,,
4,2,14,2,4617,5826,5469,3844,4516,5166,,
0,2,14,0,,,,,,,,
24,2,15,1,2346,3885,3447,3567,2366,3466,,
0,2,15,0,,,,,,,,
0,2,15,0,,,,,,,,
0,2,16,0,,,,,,,,
42,2,16,2,3528,2962,3459,2144,3090,2352,,
0,2,16,0,,,,,,,,
28,2,17,1,4013,4921,3756,2885,5023,3895,,
0,2,17,0,,,,,,,,
0,2,17,0,,,,,,,,
0,2,18,0,,,,,,,,
1,2,18,2,4157,4136,5716,6046,3968,5500,,
0,2,18,0,,,,,,,,
16,2,19,1,4968,3759,5174,7189,5541,4282,,
0,2,19,0,,,,,,,,
0,2,19,0,,,,,,,,
0,2,20,0,,,,,,,,
12,2,20,2,7176,5049,4160,4092,3543,3433,,
0,2,20,0,,,,,,,,
17,2,21,1,192,3482,2565,4444,3753,2629,,
0,2,21,0,,,,,,,,
0,2,21,0,,,,,,,,
0,2,22,0,,,,,,,,
19,2,22,2,3483,4021,3335,2705,3602,3351,,
0,2,22,0,,,,,,,,
31,2,23,1,,4255,2758,2997,3600,3496,,
0,2,23,0,,,,,,,,
0,2,23,0,,,,,,,,
0,2,24,0,,,,,,,,
13,2,24,2,5218,2367,2883,4408,2512,4290,,
0,2,24,0,,,,,,,,
27,2,25,1,2675,3943,3714,4965,3295,3559,,
0,2,25,0,,,,,,,,
0,2,25,0,,,,,,,,
0,2,26,0,,,,,,,,
37,2,26,2,2616,2043,4025,3456,2919,1846,,
0,2,26,0,,,,,,,,
34,2,27,1,3903,3172,2690,4039,3539,3304,,
0,2,27,0,,,,,,,,
0,2,27,0,,,,,,,,
0,2,28,0,,,,,,,,
7,2,28,2,4084,2719,4086,5097,3537,6375,,
0,2,28,0,,,,,,,,
38,2,29,1,5665,2591,3694,3721,2554,4001,,
0,2,29,0,,,,,,,,
0,2,29,0,,,,,,,,
0,2,30,0,,,,,,,,
39,2,30,2,4606,4471,2640,3607,3257,4036,,
0,2,30,0,,,,,,,,
18,2,31,1,5022,3339,3097,3429,3034,2828,,
0,2,31,0,,,,,,,,
0,2,31,0,,,,,,,,
0,2,32,0,,,,,,,,
41,2,32,2,2133,3565,4308,3623,2529,1029,,
0,2,32,0,,,,,,,,
14,3,1,1,6450,3264,1336,2247,2632,1328,,
0,3,1,0,,,,,,,,
0,3,1,0,,,,,,,,
0,3,2,0,,,,,,,,
0,3,2,0,,,,,,,,
16,3,2,2,2498,1630,1930,1796,1469,978,,
27,3,3,1,3027,2243,2672,3336,1257,2422,,
0,3,3,0,,,,,,,,
0,3,3,0,,,,,,,,
0,3,4,0,,,,,,,,
0,3,4,0,,,,,,,,
18,3,4,2,3175,4865,3301,1553,819,1369,,
11,3,5,1,3152,3853,1695,1879,1815,686,,
0,3,5,0,,,,,,,,
0,3,5,0,,,,,,,,
0,3,6,0,,,,,,,,
0,3,6,0,,,,,,,,
4,3,6,2,7184,3356,3131,1339,1382,759,,
23,3,7,1,3404,2631,1891,1814,1232,4712,,
0,3,7,0,,,,,,,,
0,3,7,0,,,,,,,,
0,3,8,0,,,,,,,,
0,3,8,0,,,,,,,,
38,3,8,2,1528,2152,1328,1255,1926,974,,
31,3,9,1,1535,1494,1353,1480,978,1255,,
0,3,9,0,,,,,,,,
0,3,9,0,,,,,,,,
0,3,10,0,,,,,,,,
0,3,10,0,,,,,,,,
6,3,10,2,1212,1507,1678,1087,811,820,,
40,3,11,1,1143,3900,4054,4289,1684,1980,,
0,3,11,0,,,,,,,,
0,3,11,0,,,,,,,,
0,3,12,0,,,,,,,,
26,3,12,2,2063,5238,2891,2772,1436,516,,
0,3,12,0,,,,,,,,
25,3,13,1,3671,3039,2690,2466,1936,1033,,
0,3,13,0,,,,,,,,
0,3,13,0,,,,,,,,
0,3,14,0,,,,,,,,
33,3,14,2,4503,2494,2550,3073,1563,1443,,
0,3,14,0,,,,,,,,
22,3,15,1,1327,3480,2667,1522,1185,1388,,
0,3,15,0,,,,,,,,
0,3,15,0,,,,,,,,
0,3,16,0,,,,,,,,
30,3,16,2,1837,4772,3065,1631,1303,793,,
0,3,16,0,,,,,,,,
8,3,17,1,5553,5806,3621,2403,923,1169,,
0,3,17,0,,,,,,,,
0,3,17,0,,,,,,,,
0,3,18,0,,,,,,,,
34,3,18,2,2153,3083,4138,2397,1326,731,,
0,3,18,0,,,,,,,,
41,3,19,1,4676,3318,4713,1112,1689,1771,,
0,3,19,0,,,,,,,,
0,3,19,0,,,,,,,,
0,3,20,0,,,,,,,,
13,3,20,2,4949,5396,3504,1902,919,1523,,
0,3,20,0,,,,,,,,
3,3,21,1,7188,4878,1500,1646,1348,1371,,
0,3,21,0,,,,,,,,
0,3,21,0,,,,,,,,
0,3,22,0,,,,,,,,
2,3,22,2,2750,3454,2529,923,990,1050,,
0,3,22,0,,,,,,,,
21,3,23,1,3919,2791,1929,1124,1508,1686,,
0,3,23,0,,,,,,,,
0,3,23,0,,,,,,,,
0,3,24,0,,,,,,,,
1,3,24,2,5525,5499,4929,4628,1514,1336,,
0,3,24,0,,,,,,,,
20,3,25,1,2988,3216,1657,1906,788,675,,
0,3,25,0,,,,,,,,
0,3,25,0,,,,,,,,
0,3,26,0,,,,,,,,
35,3,26,2,2843,1961,2916,1279,1409,625,,
0,3,26,0,,,,,,,,
36,3,27,1,2919,2129,1281,2548,2263,1953,,
0,3,27,0,,,,,,,,
0,3,27,0,,,,,,,,
0,3,28,0,,,,,,,,
42,3,28,2,5143,4691,4099,2443,1452,2115,,
0,3,28,0,,,,,,,,
9,3,29,1,3453,1780,2016,2121,1390,1500,,
0,3,29,0,,,,,,,,
0,3,29,0,,,,,,,,
0,3,30,0,,,,,,,,
29,3,30,2,3191,2701,2913,1673,1324,1046,,
0,3,30,0,,,,,,,,
10,3,31,1,3401,2616,2091,1255,803,1194,,
0,3,31,0,,,,,,,,
0,3,31,0,,,,,,,,
0,3,32,0,,,,,,,,
37,3,32,2,2488,2444,1347,1037,1145,952,,
0,3,32,0,,,,,,,,
25,4,1,1,787,860,751,801,937,679,,
0,4,1,0,,,,,,,,
0,4,1,0,,,,,,,,
0,4,2,0,,,,,,,,
0,4,2,0,,,,,,,,
30,4,2,2,1191,1037,1743,1084,1074,785,,
15,4,3,1,2574,755,573,817,1020,964,,
0,4,3,0,,,,,,,,
0,4,3,0,,,,,,,,
0,4,4,0,,,,,,,,
0,4,4,0,,,,,,,,
20,4,4,2,785,1078,600,897,714,347,,
5,4,5,1,791,514,651,965,1013,946,,
0,4,5,0,,,,,,,,
0,4,5,0,,,,,,,,
0,4,6,0,,,,,,,,
0,4,6,0,,,,,,,,
39,4,6,2,1348,898,1023,937,805,680,,
12,4,7,1,1182,1022,608,,,,,
0,4,7,0,,,,,,,,
0,4,7,0,,,,,,,,
0,4,8,0,,,,,,,,
0,4,8,0,,,,,,,,
27,4,8,2,698,502,916,569,1385,1304,,
41,4,9,1,500,1253,544,818,368,480,,
0,4,9,0,,,,,,,,
0,4,9,0,,,,,,,,
0,4,10,0,,,,,,,,
0,4,10,0,,,,,,,,
1,4,10,2,1017,1295,684,1185,582,748,,
7,4,11,1,738,717,734,1056,659,825,,
0,4,11,0,,,,,,,,
0,4,11,0,,,,,,,,
0,4,12,0,,,,,,,,
44,4,12,2,441,1331,825,601,876,240,,
0,4,12,0,,,,,,,,
23,4,13,1,936,989,925,538,1287,405,,
0,4,13,0,,,,,,,,
0,4,13,0,,,,,,,,
0,4,14,0,,,,,,,,
33,4,14,2,767,761,1246,797,2433,668,,
0,4,14,0,,,,,,,,
17,4,15,1,454,662,923,590,715,809,,
0,4,15,0,,,,,,,,
0,4,15,0,,,,,,,,
0,4,16,0,,,,,,,,
8,4,16,2,1220,1647,1999,570,654,445,,
0,4,16,0,,,,,,,,
34,4,17,1,931,1153,1193,775,503,620,,
0,4,17,0,,,,,,,,
0,4,17,0,,,,,,,,
0,4,18,0,,,,,,,,
22,4,18,2,874,982,889,652,680,772,,
0,4,18,0,,,,,,,,
38,4,19,1,715,1552,768,766,682,609,,
0,4,19,0,,,,,,,,
0,4,19,0,,,,,,,,
0,4,20,0,,,,,,,,
18,4,20,2,1173,1034,1503,1173,543,653,,
0,4,20,0,,,,,,,,
29,4,21,1,1267,412,880,892,1025,713,,
0,4,21,0,,,,,,,,
0,4,21,0,,,,,,,,
0,4,22,0,,,,,,,,
35,4,22,2,895,1215,836,725,604,334,,
0,4,22,0,,,,,,,,
19,4,23,1,435,835,627,790,445,470,,
0,4,23,0,,,,,,,,
0,4,23,0,,,,,,,,
0,4,24,0,,,,,,,,
37,4,24,2,678,1254,995,1087,481,346,,
0,4,24,0,,,,,,,,
43,4,25,1,658,931,1010,1076,775,693,,
0,4,25,0,,,,,,,,
0,4,25,0,,,,,,,,
0,4,26,0,,,,,,,,
9,4,26,2,706,983,1032,371,699,983,,
0,4,26,0,,,,,,,,
24,4,27,1,928,1117,593,1465,684,933,,
0,4,27,0,,,,,,,,
0,4,27,0,,,,,,,,
0,4,28,0,,,,,,,,
36,4,28,2,749,691,964,1028,881,1132,,
0,4,28,0,,,,,,,,
10,4,29,1,1424,724,703,850,610,808,,
0,4,29,0,,,,,,,,
0,4,29,0,,,,,,,,
0,4,30,0,,,,,,,,
4,4,30,2,1759,1497,1456,1142,979,960,,
0,4,30,0,,,,,,,,
3,4,31,1,847,1539,920,1012,512,751,,
0,4,31,0,,,,,,,,
0,4,31,0,,,,,,,,
0,4,32,0,,,,,,,,
32,4,32,2,1090,1213,981,893,698,559,,
0,4,32,0,,,,,,,,
33,5,1,1,4212,3139,1694,2257,2328,1509,,
0,5,1,0,,,,,,,,
0,5,1,0,,,,,,,,
0,5,2,0,,,,,,,,
0,5,2,0,,,,,,,,
8,5,2,2,5496,3088,3933,3153,2938,1559,,
39,5,3,1,2986,1694,3698,4626,2586,1434,,
0,5,3,0,,,,,,,,
0,5,3,0,,,,,,,,
0,5,4,0,,,,,,,,
0,5,4,0,,,,,,,,
2,5,4,2,4896,5947,1946,2880,1939,2417,,
11,5,5,1,2216,3115,2119,3365,2569,2621,,
0,5,5,0,,,,,,,,
0,5,5,0,,,,,,,,
0,5,6,0,,,,,,,,
0,5,6,0,,,,,,,,
41,5,6,2,2502,2470,4722,3092,1746,1128,,
36,5,7,1,2873,4271,3045,2384,1329,1803,,
0,5,7,0,,,,,,,,
0,5,7,0,,,,,,,,
0,5,8,0,,,,,,,,
0,5,8,0,,,,,,,,
24,5,8,2,2011,2338,1357,1130,3576,2817,,
27,5,9,1,3137,2450,1661,3578,1446,1382,,
0,5,9,0,,,,,,,,
0,5,9,0,,,,,,,,
0,5,10,0,,,,,,,,
0,5,10,0,,,,,,,,
29,5,10,2,1788,3411,2299,3128,1927,1150,,
7,5,11,1,6480,4758,2671,2235,1054,1343,,
0,5,11,0,,,,,,,,
0,5,11,0,,,,,,,,
0,5,12,0,,,,,,,,
32,5,12,2,2868,5927,2482,2899,1668,984,,
0,5,12,0,,,,,,,,
16,5,13,1,3769,3123,2768,4362,2456,1574,,
0,5,13,0,,,,,,,,
0,5,13,0,,,,,,,,
0,5,14,0,,,,,,,,
26,5,14,2,2925,3463,3610,4343,2351,1229,,
0,5,14,0,,,,,,,,
18,5,15,1,4561,2370,2615,1531,1625,2134,,
0,5,15,0,,,,,,,,
0,5,15,0,,,,,,,,
0,5,16,0,,,,,,,,
13,5,16,2,4684,3598,5806,1807,1119,1332,,
0,5,16,0,,,,,,,,
43,5,17,1,2743,2213,2670,1156,1929,1082,,
0,5,17,0,,,,,,,,
0,5,17,0,,,,,,,,
0,5,18,0,,,,,,,,
21,5,18,2,1726,4936,1738,2063,1744,1612,,
0,5,18,0,,,,,,,,
5,5,19,1,6920,4315,3316,2028,1573,2906,,
0,5,19,0,,,,,,,,
0,5,19,0,,,,,,,,
0,5,20,0,,,,,,,,
31,5,20,2,5354,3971,3320,3387,1857,1333,,
0,5,20,0,,,,,,,,
19,5,21,1,3650,2009,2385,1872,2041,1127,,
0,5,21,0,,,,,,,,
0,5,21,0,,,,,,,,
0,5,22,0,,,,,,,,
23,5,22,2,3132,3244,2140,2246,2046,1047,,
0,5,22,0,,,,,,,,
17,5,23,1,4196,1648,3229,2539,1177,1920,,
0,5,23,0,,,,,,,,
0,5,23,0,,,,,,,,
0,5,24,0,,,,,,,,
22,5,24,2,2140,2372,1737,2567,913,867,,
0,5,24,0,,,,,,,,
1,5,25,1,4734,3980,3866,4609,1837,1561,,
0,5,25,0,,,,,,,,
0,5,25,0,,,,,,,,
0,5,26,0,,,,,,,,
38,5,26,2,4733,2835,4475,1848,1799,1978,,
0,5,26,0,,,,,,,,
10,5,27,1,3414,3142,2011,2987,1137,1615,,
0,5,27,0,,,,,,,,
0,5,27,0,,,,,,,,
0,5,28,0,,,,,,,,
4,5,28,2,5865,5720,5656,4896,2841,2097,,
0,5,28,0,,,,,,,,
6,5,29,1,4759,3942,3839,2373,2932,1189,,
0,5,29,0,,,,,,,,
0,5,29,0,,,,,,,,
0,5,30,0,,,,,,,,
14,5,30,2,3857,2874,1815,2025,1769,2382,,
0,5,30,0,,,,,,,,
35,5,31,1,1980,2454,3039,1955,1289,1565,,
0,5,31,0,,,,,,,,
0,5,31,0,,,,,,,,
0,5,32,0,,,,,,,,
20,5,32,2,2567,2359,2599,3014,1330,1151,,
0,5,32,0,,,,,,,,
36,6,1,1,1648,2256,2104,1494,1444,1145,,
0,6,1,0,,,,,,,,
0,6,1,0,,,,,,,,
0,6,2,0,,,,,,,,
0,6,2,0,,,,,,,,
18,6,2,2,2167,2008,2678,1582,1345,830,,
32,6,3,1,2325,1380,3142,1943,1272,2008,,
0,6,3,0,,,,,,,,
0,6,3,0,,,,,,,,
0,6,4,0,,,,,,,,
0,6,4,0,,,,,,,,
8,6,4,2,1777,2519,1399,1742,1297,1270,,
5,6,5,1,1971,1707,1316,1539,1460,1371,,
0,6,5,0,,,,,,,,
0,6,5,0,,,,,,,,
0,6,6,0,,,,,,,,
0,6,6,0,,,,,,,,
30,6,6,2,1221,1670,1744,1638,1466,947,,
25,6,7,1,1813,1697,2163,1769,1202,1354,,
0,6,7,0,,,,,,,,
0,6,7,0,,,,,,,,
0,6,8,0,,,,,,,,
0,6,8,0,,,,,,,,
15,6,8,2,1587,1445,1190,1247,1614,1624,,
41,6,9,1,1199,1687,1724,1735,1199,1144,,
0,6,9,0,,,,,,,,
0,6,9,0,,,,,,,,
0,6,10,0,,,,,,,,
0,6,10,0,,,,,,,,
10,6,10,2,1756,1832,1585,1931,1603,1774,,
3,6,11,1,1526,3232,1844,1897,994,1663,,
0,6,11,0,,,,,,,,
0,6,11,0,,,,,,,,
0,6,12,0,,,,,,,,
29,6,12,2,1260,2906,1401,1825,1161,867,,
0,6,12,0,,,,,,,,
34,6,13,1,2655,1742,3453,4211,1644,1036,,
0,6,13,0,,,,,,,,
0,6,13,0,,,,,,,,
0,6,14,0,,,,,,,,
7,6,14,2,1468,1279,1975,1463,1238,975,,
0,6,14,0,,,,,,,,
22,6,15,1,959,1360,1583,1709,1448,1230,,
0,6,15,0,,,,,,,,
0,6,15,0,,,,,,,,
0,6,16,0,,,,,,,,
24,6,16,2,1539,3072,3194,1562,1318,995,,
0,6,16,0,,,,,,,,
13,6,17,1,1227,1222,1427,1231,1105,1849,,
0,6,17,0,,,,,,,,
0,6,17,0,,,,,,,,
0,6,18,0,,,,,,,,
38,6,18,2,1716,2251,1933,2094,1082,1416,,
0,6,18,0,,,,,,,,
23,6,19,1,1502,3499,1951,1033,1208,1300,,
0,6,19,0,,,,,,,,
0,6,19,0,,,,,,,,
0,6,20,0,,,,,,,,
12,6,20,2,1828,1920,2615,1585,973,1140,,
0,6,20,0,,,,,,,,
40,6,21,1,1720,1179,1364,1773,1194,1225,,
0,6,21,0,,,,,,,,
0,6,21,0,,,,,,,,
0,6,22,0,,,,,,,,
2,6,22,2,2686,3041,2556,1293,1461,2154,,
0,6,22,0,,,,,,,,
4,6,23,1,1581,2484,1502,1912,1301,1875,,
0,6,23,0,,,,,,,,
0,6,23,0,,,,,,,,
0,6,24,0,,,,,,,,
39,6,24,2,1752,1243,1320,1559,1099,1041,,
0,6,24,0,,,,,,,,
20,6,25,1,1362,1577,1984,2173,1579,1319,,
0,6,25,0,,,,,,,,
0,6,25,0,,,,,,,,
0,6,26,0,,,,,,,,
14,6,26,2,1774,1704,1714,1188,1071,1254,,
0,6,26,0,,,,,,,,
1,6,27,1,2369,2285,2035,3918,2401,1508,,
0,6,27,0,,,,,,,,
0,6,27,0,,,,,,,,
0,6,28,0,,,,,,,,
27,6,28,2,1986,1846,2481,2374,1734,2204,,
0,6,28,0,,,,,,,,
17,6,29,1,2187,2785,2469,2234,1658,1332,,
0,6,29,0,,,,,,,,
0,6,29,0,,,,,,,,
0,6,30,0,,,,,,,,
21,6,30,2,1908,1612,1644,2113,1670,1930,,
0,6,30,0,,,,,,,,
35,6,31,1,1242,2029,2024,2173,1391,1094,,
0,6,31,0,,,,,,,,
0,6,31,0,,,,,,,,
0,6,32,0,,,,,,,,
28,6,32,2,1558,1978,1640,1659,1223,842,,
0,6,32,0,,,,,,,,
7,7,1,1,5884,2575,3204,2193,1332,1156,,
0,7,1,0,,,,,,,,
0,7,1,0,,,,,,,,
0,7,2,0,,,,,,,,
0,7,2,0,,,,,,,,
30,7,2,2,3234,2049,2748,915,983,838,,
36,7,3,1,3310,1266,1331,1985,1067,1415,,
0,7,3,0,,,,,,,,
0,7,3,0,,,,,,,,
0,7,4,0,,,,,,,,
0,7,4,0,,,,,,,,
21,7,4,2,1663,2428,1378,1450,2090,1005,,
39,7,5,1,2816,1471,1629,735,1828,1242,,
0,7,5,0,,,,,,,,
0,7,5,0,,,,,,,,
0,7,6,0,,,,,,,,
0,7,6,0,,,,,,,,
23,7,6,2,2377,2768,2073,1088,2207,798,,
43,7,7,1,2025,1658,1293,1139,568,1072,,
0,7,7,0,,,,,,,,
0,7,7,0,,,,,,,,
0,7,8,0,,,,,,,,
0,7,8,0,,,,,,,,
18,7,8,2,,2823,825,1531,2862,2664,,
11,7,9,1,2175,3277,1400,2907,2448,759,,
0,7,9,0,,,,,,,,
0,7,9,0,,,,,,,,
0,7,10,0,,,,,,,,
0,7,10,0,,,,,,,,
13,7,10,2,2117,3466,2275,2468,1755,1623,,
28,7,11,1,2189,2605,2403,935,648,852,,
0,7,11,0,,,,,,,,
0,7,11,0,,,,,,,,
0,7,12,0,,,,,,,,
3,7,12,2,2266,4971,3858,2543,1647,1984,,
0,7,12,0,,,,,,,,
45,7,13,1,1886,1603,2659,1228,765,1449,,
0,7,13,0,,,,,,,,
0,7,13,0,,,,,,,,
0,7,14,0,,,,,,,,
2,7,14,2,4653,6023,1765,2148,3234,2520,,
0,7,14,0,,,,,,,,
5,7,15,1,2233,1708,1066,1189,1121,1444,,
0,7,15,0,,,,,,,,
0,7,15,0,,,,,,,,
0,7,16,0,,,,,,,,
20,7,16,2,3603,1268,2307,1988,2238,1010,,
0,7,16,0,,,,,,,,
16,7,17,1,4816,4120,4280,3793,1283,1974,,
0,7,17,0,,,,,,,,
0,7,17,0,,,,,,,,
0,7,18,0,,,,,,,,
46,7,18,2,1027,2604,2228,1045,1058,818,,
0,7,18,0,,,,,,,,
34,7,19,1,1703,1032,2449,1745,3230,1804,,
0,7,19,0,,,,,,,,
0,7,19,0,,,,,,,,
0,7,20,0,,,,,,,,
25,7,20,2,2601,6052,4965,6448,1677,1021,,
0,7,20,0,,,,,,,,
38,7,21,1,2344,3710,2111,1507,2161,1890,,
0,7,21,0,,,,,,,,
0,7,21,0,,,,,,,,
0,7,22,0,,,,,,,,
35,7,22,2,2452,1310,1836,1067,1922,1902,,
0,7,22,0,,,,,,,,
26,7,23,1,636,1007,6288,2056,3034,1078,,
0,7,23,0,,,,,,,,
0,7,23,0,,,,,,,,
0,7,24,0,,,,,,,,
10,7,24,2,2168,1224,943,1243,662,1083,,
0,7,24,0,,,,,,,,
41,7,25,1,2028,2170,2943,2463,690,1018,,
0,7,25,0,,,,,,,,
0,7,25,0,,,,,,,,
0,7,26,0,,,,,,,,
32,7,26,2,2862,1040,1228,1025,882,753,,
0,7,26,0,,,,,,,,
33,7,27,1,2254,1886,1215,1463,966,1696,,
0,7,27,0,,,,,,,,
0,7,27,0,,,,,,,,
0,7,28,0,,,,,,,,
9,7,28,2,4380,2673,3246,1201,1312,1447,,
0,7,28,0,,,,,,,,
4,7,29,1,3822,1546,1609,1431,3173,1105,,
0,7,29,0,,,,,,,,
0,7,29,0,,,,,,,,
0,7,30,0,,,,,,,,
6,7,30,2,3425,2894,1992,2293,3089,3047,,
0,7,30,0,,,,,,,,
29,7,31,1,4216,1499,2411,636,880,1340,,
0,7,31,0,,,,,,,,
0,7,31,0,,,,,,,,
0,7,32,0,,,,,,,,
42,7,32,2,1419,5987,2083,1717,1482,2118,,
0,7,32,0,,,,,,,,
4,8,1,1,1791,3067,2585,2425,1426,2467,,
0,8,1,0,,,,,,,,
0,8,1,0,,,,,,,,
0,8,2,0,,,,,,,,
0,8,2,0,,,,,,,,
20,8,2,2,2502,3707,2384,1866,2525,1624,,
34,8,3,1,1701,1392,2653,2356,1008,2188,,
0,8,3,0,,,,,,,,
0,8,3,0,,,,,,,,
0,8,4,0,,,,,,,,
0,8,4,0,,,,,,,,
7,8,4,2,2315,3469,2212,1944,1605,3069,,
25,8,5,1,2152,2685,1530,2302,1225,1672,,
0,8,5,0,,,,,,,,
0,8,5,0,,,,,,,,
0,8,6,0,,,,,,,,
0,8,6,0,,,,,,,,
27,8,6,2,2020,1992,2158,1413,1605,1728,,
22,8,7,1,1919,3212,2050,2080,1647,2557,,
0,8,7,0,,,,,,,,
0,8,7,0,,,,,,,,
0,8,8,0,,,,,,,,
0,8,8,0,,,,,,,,
38,8,8,2,1019,2066,2242,1287,2901,3296,,
10,8,9,1,3451,2287,1397,1192,1762,1904,,
0,8,9,0,,,,,,,,
0,8,9,0,,,,,,,,
0,8,10,0,,,,,,,,
0,8,10,0,,,,,,,,
2,8,10,2,1970,3478,1799,1854,2890,2162,,
9,8,11,1,2923,3827,1770,2909,1617,2152,,
0,8,11,0,,,,,,,,
0,8,11,0,,,,,,,,
0,8,12,0,,,,,,,,
32,8,12,2,1125,2100,2213,1805,1426,1658,,
0,8,12,0,,,,,,,,
17,8,13,1,4237,2444,4703,4197,2021,1780,,
0,8,13,0,,,,,,,,
0,8,13,0,,,,,,,,
0,8,14,0,,,,,,,,
12,8,14,2,1907,1495,2048,1188,1761,2503,,
0,8,14,0,,,,,,,,
42,8,15,1,1220,3112,1587,1419,1580,1745,,
0,8,15,0,,,,,,,,
0,8,15,0,,,,,,,,
0,8,16,0,,,,,,,,
19,8,16,2,2663,2936,2189,1281,1145,1529,,
0,8,16,0,,,,,,,,
36,8,17,1,4445,3812,2084,762,1251,1766,,
0,8,17,0,,,,,,,,
0,8,17,0,,,,,,,,
0,8,18,0,,,,,,,,
30,8,18,2,3273,3377,1733,1454,1385,2721,,
0,8,18,0,,,,,,,,
14,8,19,1,1727,3292,2398,1741,1996,2506,,
0,8,19,0,,,,,,,,
0,8,19,0,,,,,,,,
0,8,20,0,,,,,,,,
24,8,20,2,3942,1705,2025,2255,984,2557,,
0,8,20,0,,,,,,,,
31,8,21,1,2398,1387,1857,2506,1475,2259,,
0,8,21,0,,,,,,,,
0,8,21,0,,,,,,,,
0,8,22,0,,,,,,,,
43,8,22,2,1912,2005,1756,1305,1707,1373,,
0,8,22,0,,,,,,,,
41,8,23,1,1630,2089,2027,1713,1222,2100,,
0,8,23,0,,,,,,,,
0,8,23,0,,,,,,,,
0,8,24,0,,,,,,,,
13,8,24,2,3174,3856,3088,4847,2168,2699,,
0,8,24,0,,,,,,,,
15,8,25,1,3658,3824,3421,4389,2316,2745,,
0,8,25,0,,,,,,,,
0,8,25,0,,,,,,,,
0,8,26,0,,,,,,,,
29,8,26,2,2683,3517,2562,2348,2587,1706,,
0,8,26,0,,,,,,,,
33,8,27,1,1895,4934,1408,2044,1218,1519,,
0,8,27,0,,,,,,,,
0,8,27,0,,,,,,,,
0,8,28,0,,,,,,,,
18,8,28,2,5098,3812,3976,2649,1628,2567,,
0,8,28,0,,,,,,,,
6,8,29,1,4452,3356,2316,1794,2081,3004,,
0,8,29,0,,,,,,,,
0,8,29,0,,,,,,,,
0,8,30,0,,,,,,,,
40,8,30,2,3109,2302,2095,1693,1641,1595,,
0,8,30,0,,,,,,,,
1,8,31,1,2799,1962,2908,2370,1785,2368,,
0,8,31,0,,,,,,,,
0,8,31,0,,,,,,,,
0,8,32,0,,,,,,,,
16,8,32,2,1826,4528,1698,2724,1886,2810,,
0,8,32,0,,,,,,,,
27,9,1,1,2088,3117,1315,1530,2374,1043,,
0,9,1,0,,,,,,,,
0,9,1,0,,,,,,,,
0,9,2,0,,,,,,,,
0,9,2,0,,,,,,,,
6,9,2,2,7910,2324,2905,2712,1432,1337,,
39,9,3,1,2536,2638,1708,2479,889,1934,,
0,9,3,0,,,,,,,,
0,9,3,0,,,,,,,,
0,9,4,0,,,,,,,,
0,9,4,0,,,,,,,,
12,9,4,2,5867,3757,3153,1335,1154,2751,,
33,9,5,1,2722,3134,1369,3146,2571,1107,,
0,9,5,0,,,,,,,,
0,9,5,0,,,,,,,,
0,9,6,0,,,,,,,,
0,9,6,0,,,,,,,,
30,9,6,2,2678,1892,2840,2231,2175,1498,,
21,9,7,1,3311,2230,2738,3770,2562,1585,,
0,9,7,0,,,,,,,,
0,9,7,0,,,,,,,,
0,9,8,0,,,,,,,,
0,9,8,0,,,,,,,,
19,9,8,2,1503,1653,2356,2213,2449,3249,,
1,9,9,1,3402,1861,4580,2724,890,1660,,
0,9,9,0,,,,,,,,
0,9,9,0,,,,,,,,
0,9,10,0,,,,,,,,
0,9,10,0,,,,,,,,
24,9,10,2,1405,1814,2331,1782,1578,1249,,
5,9,11,1,4461,9409,321,2062,862,944,,
0,9,11,0,,,,,,,,
0,9,11,0,,,,,,,,
0,9,12,0,,,,,,,,
10,9,12,2,3706,3759,3777,1842,1079,756,,
0,9,12,0,,,,,,,,
15,9,13,1,5685,2280,2664,1877,1267,1311,,
0,9,13,0,,,,,,,,
0,9,13,0,,,,,,,,
0,9,14,0,,,,,,,,
26,9,14,2,3352,1271,2630,3687,1196,455,,
0,9,14,0,,,,,,,,
42,9,15,1,1319,1847,2578,1477,1120,1635,,
0,9,15,0,,,,,,,,
0,9,15,0,,,,,,,,
0,9,16,0,,,,,,,,
41,9,16,2,2168,3049,3908,1392,3469,1758,,
0,9,16,0,,,,,,,,
14,9,17,1,3957,4680,2211,1906,1450,1599,,
0,9,17,0,,,,,,,,
0,9,17,0,,,,,,,,
0,9,18,0,,,,,,,,
37,9,18,2,2516,2428,1755,1466,1244,1597,,
0,9,18,0,,,,,,,,
4,9,19,1,2412,2708,9363,2462,1810,1786,,
0,9,19,0,,,,,,,,
0,9,19,0,,,,,,,,
0,9,20,0,,,,,,,,
38,9,20,2,5331,2054,2004,1406,1004,1219,,
0,9,20,0,,,,,,,,
3,9,21,1,2531,4119,1721,2117,2040,1412,,
0,9,21,0,,,,,,,,
0,9,21,0,,,,,,,,
0,9,22,0,,,,,,,,
9,9,22,2,3683,3050,5870,1065,1220,1121,,
0,9,22,0,,,,,,,,
32,9,23,1,3777,4358,4426,2653,1471,1422,,
0,9,23,0,,,,,,,,
0,9,23,0,,,,,,,,
0,9,24,0,,,,,,,,
36,9,24,2,2833,2062,1792,1705,1039,1139,,
0,9,24,0,,,,,,,,
8,9,25,1,5810,2588,2139,2242,1150,1588,,
0,9,25,0,,,,,,,,
0,9,25,0,,,,,,,,
0,9,26,0,,,,,,,,
17,9,26,2,2843,2066,3657,1944,2897,1144,,
0,9,26,0,,,,,,,,
23,9,27,1,3279,4866,2574,2464,1149,1520,,
0,9,27,0,,,,,,,,
0,9,27,0,,,,,,,,
0,9,28,0,,,,,,,,
11,9,28,2,5430,2945,2030,2002,1567,4622,,
0,9,28,0,,,,,,,,
29,9,29,1,3711,1775,2275,2423,2733,1296,,
0,9,29,0,,,,,,,,
0,9,29,0,,,,,,,,
0,9,30,0,,,,,,,,
16,9,30,2,10549,3249,3301,4376,1995,1299,,
0,9,30,0,,,,,,,,
18,9,31,1,4988,4418,10464,2853,770,1403,,
0,9,31,0,,,,,,,,
0,9,31,0,,,,,,,,
0,9,32,0,,,,,,,,
35,9,32,2,3559,6622,4909,3069,1781,1373,,
0,9,32,0,,,,,,,,
7,10,1,1,1617,2556,1545,2083,1337,768,,
0,10,1,0,,,,,,,,
0,10,1,0,,,,,,,,
0,10,2,0,,,,,,,,
0,10,2,0,,,,,,,,
11,10,2,2,1728,2259,2276,1874,1021,1069,,
25,10,3,1,1019,799,644,1263,616,1150,,
0,10,3,0,,,,,,,,
0,10,3,0,,,,,,,,
0,10,4,0,,,,,,,,
0,10,4,0,,,,,,,,
30,10,4,2,726,2002,808,1071,729,891,,
38,10,5,1,776,1569,810,465,457,664,,
0,10,5,0,,,,,,,,
0,10,5,0,,,,,,,,
0,10,6,0,,,,,,,,
0,10,6,0,,,,,,,,
22,10,6,2,1207,743,1077,919,1253,627,,
32,10,7,1,1761,630,1336,825,446,1003,,
0,10,7,0,,,,,,,,
0,10,7,0,,,,,,,,
0,10,8,0,,,,,,,,
0,10,8,0,,,,,,,,
14,10,8,2,728,917,1303,549,1609,1223,,
27,10,9,1,510,966,1108,361,417,825,,
0,10,9,0,,,,,,,,
0,10,9,0,,,,,,,,
0,10,10,0,,,,,,,,
0,10,10,0,,,,,,,,
4,10,10,2,1345,2038,939,470,1250,1183,,
42,10,11,1,727,2003,1535,751,454,814,,
0,10,11,0,,,,,,,,
0,10,11,0,,,,,,,,
0,10,12,0,,,,,,,,
35,10,12,2,1576,2422,2105,2648,1187,442,,
0,10,12,0,,,,,,,,
24,10,13,1,1233,861,1710,1073,1558,562,,
0,10,13,0,,,,,,,,
0,10,13,0,,,,,,,,
0,10,14,0,,,,,,,,
36,10,14,2,1333,598,958,526,821,653,,
0,10,14,0,,,,,,,,
34,10,15,1,1008,779,1307,495,512,767,,
0,10,15,0,,,,,,,,
0,10,15,0,,,,,,,,
0,10,16,0,,,,,,,,
16,10,16,2,1140,1557,1106,604,506,940,,
0,10,16,0,,,,,,,,
20,10,17,1,769,959,1871,818,596,1821,,
0,10,17,0,,,,,,,,
0,10,17,0,,,,,,,,
0,10,18,0,,,,,,,,
6,10,18,2,913,1604,1240,571,1542,1297,,
0,10,18,0,,,,,,,,
10,10,19,1,1150,1533,3067,480,975,1272,,
0,10,19,0,,,,,,,,
0,10,19,0,,,,,,,,
0,10,20,0,,,,,,,,
19,10,20,2,1960,1387,1120,813,550,852,,
0,10,20,0,,,,,,,,
1,10,21,1,2405,1296,1433,775,744,1251,,
0,10,21,0,,,,,,,,
0,10,21,0,,,,,,,,
0,10,22,0,,,,,,,,
9,10,22,2,1021,1702,1480,682,883,457,,
0,10,22,0,,,,,,,,
13,10,23,1,1455,1176,1510,794,743,788,,
0,10,23,0,,,,,,,,
0,10,23,0,,,,,,,,
0,10,24,0,,,,,,,,
18,10,24,2,894,763,533,765,443,686,,
0,10,24,0,,,,,,,,
40,10,25,1,1562,1457,1823,983,358,461,,
0,10,25,0,,,,,,,,
0,10,25,0,,,,,,,,
0,10,26,0,,,,,,,,
41,10,26,2,1651,1682,1829,909,890,496,,
0,10,26,0,,,,,,,,
29,10,27,1,1681,798,799,1074,591,613,,
0,10,27,0,,,,,,,,
0,10,27,0,,,,,,,,
0,10,28,0,,,,,,,,
2,10,28,2,2449,1193,2029,1075,936,1600,,
0,10,28,0,,,,,,,,
37,10,29,1,3140,2380,1306,947,553,1036,,
0,10,29,0,,,,,,,,
0,10,29,0,,,,,,,,
0,10,30,0,,,,,,,,
21,10,30,2,1700,1356,1369,1225,902,964,,
0,10,30,0,,,,,,,,
3,10,31,1,1948,2225,1026,843,637,798,,
0,10,31,0,,,,,,,,
0,10,31,0,,,,,,,,
0,10,32,0,,,,,,,,
43,10,32,2,1620,1565,1245,909,578,538,,
0,10,32,0,,,,,,,,
7,11,1,1,3607,2415,1542,2052,1375,1222,,
0,11,1,0,,,,,,,,
0,11,1,0,,,,,,,,
0,11,2,0,,,,,,,,
0,11,2,0,,,,,,,,
41,11,2,2,2696,1907,3363,1560,2059,1404,,
32,11,3,1,3758,2061,2054,2391,1465,1775,,
0,11,3,0,,,,,,,,
0,11,3,0,,,,,,,,
0,11,4,0,,,,,,,,
0,11,4,0,,,,,,,,
30,11,4,2,1254,2325,2294,1445,1690,1417,,
12,11,5,1,3026,2234,1202,1690,1799,2147,,
0,11,5,0,,,,,,,,
0,11,5,0,,,,,,,,
0,11,6,0,,,,,,,,
0,11,6,0,,,,,,,,
14,11,6,2,1690,1707,1518,1445,1889,1454,,
24,11,7,1,2166,2099,1676,2642,1145,991,,
0,11,7,0,,,,,,,,
0,11,7,0,,,,,,,,
0,11,8,0,,,,,,,,
0,11,8,0,,,,,,,,
17,11,8,2,2822,1752,5212,1635,2363,1914,,
5,11,9,1,1315,1561,1508,1758,1688,1130,,
0,11,9,0,,,,,,,,
0,11,9,0,,,,,,,,
0,11,10,0,,,,,,,,
0,11,10,0,,,,,,,,
26,11,10,2,1314,1912,2081,1368,1621,1435,,
21,11,11,1,1554,2964,2468,1436,890,1211,,
0,11,11,0,,,,,,,,
0,11,11,0,,,,,,,,
0,11,12,0,,,,,,,,
38,11,12,2,1919,2432,2298,1982,1645,1057,,
0,11,12,0,,,,,,,,
1,11,13,1,3635,2344,2346,2177,2058,2798,,
0,11,13,0,,,,,,,,
0,11,13,0,,,,,,,,
0,11,14,0,,,,,,,,
2,11,14,2,2579,1515,2053,2717,1935,1533,,
0,11,14,0,,,,,,,,
43,11,15,1,1046,1778,1279,1165,1022,837,,
0,11,15,0,,,,,,,,
0,11,15,0,,,,,,,,
0,11,16,0,,,,,,,,
29,11,16,2,1475,2359,2559,1536,1076,913,,
0,11,16,0,,,,,,,,
16,11,17,1,2513,2913,2112,3339,1325,2216,,
0,11,17,0,,,,,,,,
0,11,17,0,,,,,,,,
0,11,18,0,,,,,,,,
22,11,18,2,2572,2094,4445,1741,1409,1578,,
0,11,18,0,,,,,,,,
35,11,19,1,3921,2442,2625,2325,2382,1823,,
0,11,19,0,,,,,,,,
0,11,19,0,,,,,,,,
0,11,20,0,,,,,,,,
37,11,20,2,1710,2259,1994,2170,1033,1634,,
0,11,20,0,,,,,,,,
39,11,21,1,1784,4922,1611,2112,1267,1438,,
0,11,21,0,,,,,,,,
0,11,21,0,,,,,,,,
0,11,22,0,,,,,,,,
36,11,22,2,1979,2389,4017,1887,1771,2134,,
0,11,22,0,,,,,,,,
11,11,23,1,1440,1531,1734,1958,1110,1592,,
0,11,23,0,,,,,,,,
0,11,23,0,,,,,,,,
0,11,24,0,,,,,,,,
34,11,24,2,4638,1674,1957,2124,860,1899,,
0,11,24,0,,,,,,,,
10,11,25,1,1956,1702,1352,2144,1142,1972,,
0,11,25,0,,,,,,,,
0,11,25,0,,,,,,,,
0,11,26,0,,,,,,,,
40,11,26,2,1296,1410,2116,1664,1251,1337,,
0,11,26,0,,,,,,,,
23,11,27,1,1778,2110,1655,2019,1810,1524,,
0,11,27,0,,,,,,,,
0,11,27,0,,,,,,,,
0,11,28,0,,,,,,,,
3,11,28,2,1895,1685,2235,2466,1706,1882,,
0,11,28,0,,,,,,,,
20,11,29,1,2829,1922,1890,1859,1441,1598,,
0,11,29,0,,,,,,,,
0,11,29,0,,,,,,,,
0,11,30,0,,,,,,,,
9,11,30,2,2379,1683,2591,1597,1604,2013,,
0,11,30,0,,,,,,,,
19,11,31,1,1447,1677,2337,1275,1188,1409,,
0,11,31,0,,,,,,,,
0,11,31,0,,,,,,,,
0,11,32,0,,,,,,,,
4,11,32,2,1754,1965,1451,1804,1255,878,,
0,11,32,0,,,,,,,,
21,12,1,1,2808,4648,2557,2895,2753,1601,,
0,12,1,0,,,,,,,,
0,12,1,0,,,,,,,,
0,12,2,0,,,,,,,,
0,12,2,0,,,,,,,,
32,12,2,2,3625,2303,3179,3675,3018,1961,,
42,12,3,1,4750,6842,2905,4536,1260,1829,,
0,12,3,0,,,,,,,,
0,12,3,0,,,,,,,,
0,12,4,0,,,,,,,,
0,12,4,0,,,,,,,,
12,12,4,2,4816,6835,3885,5742,1135,1580,,
35,12,5,1,1952,3474,2361,2036,3006,1261,,
0,12,5,0,,,,,,,,
0,12,5,0,,,,,,,,
0,12,6,0,,,,,,,,
0,12,6,0,,,,,,,,
29,12,6,2,2839,2632,2056,3357,5874,2668,,
10,12,7,1,2948,2049,3549,2621,2256,3260,,
0,12,7,0,,,,,,,,
0,12,7,0,,,,,,,,
0,12,8,0,,,,,,,,
0,12,8,0,,,,,,,,
5,12,8,2,1729,2145,1905,1550,2652,2882,,
24,12,9,1,3537,2165,1881,1227,1000,1103,,
0,12,9,0,,,,,,,,
0,12,9,0,,,,,,,,
0,12,10,0,,,,,,,,
0,12,10,0,,,,,,,,
18,12,10,2,3282,3543,3339,2769,3059,1065,,
8,12,11,1,2887,6036,3575,1587,925,1396,,
0,12,11,0,,,,,,,,
0,12,11,0,,,,,,,,
0,12,12,0,,,,,,,,
41,12,12,2,1655,2412,1337,3090,1231,806,,
0,12,12,0,,,,,,,,
15,12,13,1,2737,2879,2936,2191,1498,1148,,
0,12,13,0,,,,,,,,
0,12,13,0,,,,,,,,
0,12,14,0,,,,,,,,
9,12,14,2,2213,2205,1835,1298,1274,2394,,
0,12,14,0,,,,,,,,
23,12,15,1,2419,2620,3903,3875,3303,2075,,
0,12,15,0,,,,,,,,
0,12,15,0,,,,,,,,
0,12,16,0,,,,,,,,
16,12,16,2,6231,3433,6051,2906,2395,2608,,
0,12,16,0,,,,,,,,
17,12,17,1,2470,3541,4660,4462,1968,1494,,
0,12,17,0,,,,,,,,
0,12,17,0,,,,,,,,
0,12,18,0,,,,,,,,
38,12,18,2,1793,2909,1745,2569,1267,1500,,
0,12,18,0,,,,,,,,
20,12,19,1,2643,2640,2791,1170,1513,2797,,
0,12,19,0,,,,,,,,
0,12,19,0,,,,,,,,
0,12,20,0,,,,,,,,
2,12,20,2,4864,6064,5249,4098,3389,2567,,
0,12,20,0,,,,,,,,
31,12,21,1,5046,3801,1856,1690,1334,2337,,
0,12,21,0,,,,,,,,
0,12,21,0,,,,,,,,
0,12,22,0,,,,,,,,
37,12,22,2,2485,3424,3795,1630,2252,1787,,
0,12,22,0,,,,,,,,
1,12,23,1,3295,2537,2345,1785,1577,1679,,
0,12,23,0,,,,,,,,
0,12,23,0,,,,,,,,
0,12,24,0,,,,,,,,
28,12,24,2,4407,3461,2480,1297,966,1021,,
0,12,24,0,,,,,,,,
4,12,25,1,6245,3437,1480,6377,2460,2711,,
0,12,25,0,,,,,,,,
0,12,25,0,,,,,,,,
0,12,26,0,,,,,,,,
34,12,26,2,4925,3610,2830,2956,4683,1642,,
0,12,26,0,,,,,,,,
7,12,27,1,7193,7750,2927,3324,1183,1555,,
0,12,27,0,,,,,,,,
0,12,27,0,,,,,,,,
0,12,28,0,,,,,,,,
40,12,28,2,5172,3885,3164,2442,1345,2898,,
0,12,28,0,,,,,,,,
39,12,29,1,5527,6236,4236,4122,2477,2696,,
0,12,29,0,,,,,,,,
0,12,29,0,,,,,,,,
0,12,30,0,,,,,,,,
3,12,30,2,6116,3586,4737,5002,1657,1610,,
0,12,30,0,,,,,,,,
14,12,31,1,1532,2942,4130,3421,2785,1744,,
0,12,31,0,,,,,,,,
0,12,31,0,,,,,,,,
0,12,32,0,,,,,,,,
26,12,32,2,2116,1914,1712,1252,1123,814,,
0,12,32,0,,,,,,,,
18,13,1,1,2457,4106,1974,1694,2806,795,,
0,13,1,0,,,,,,,,
0,13,1,0,,,,,,,,
0,13,2,0,,,,,,,,
0,13,2,0,,,,,,,,
33,13,2,2,1929,1912,3544,2119,2328,,,
16,13,3,1,2569,2047,2357,1519,1217,1510,,
0,13,3,0,,,,,,,,
0,13,3,0,,,,,,,,
0,13,4,0,,,,,,,,
0,13,4,0,,,,,,,,
7,13,4,2,1715,3457,1353,2359,2134,864,,
14,13,5,1,1497,1277,1379,1270,936,1139,,
0,13,5,0,,,,,,,,
0,13,5,0,,,,,,,,
0,13,6,0,,,,,,,,
0,13,6,0,,,,,,,,
5,13,6,2,1339,2513,1327,1765,1452,879,,
41,13,7,1,1685,1540,1724,1503,1038,960,,
0,13,7,0,,,,,,,,
0,13,7,0,,,,,,,,
0,13,8,0,,,,,,,,
0,13,8,0,,,,,,,,
26,13,8,2,1038,2801,1357,945,1390,1285,,
11,13,9,1,1578,1613,1192,1300,1026,1279,,
0,13,9,0,,,,,,,,
0,13,9,0,,,,,,,,
0,13,10,0,,,,,,,,
0,13,10,0,,,,,,,,
1,13,10,2,2371,2325,2337,1985,1601,1316,,
10,13,11,1,4074,2937,3731,1880,1120,1384,,
0,13,11,0,,,,,,,,
0,13,11,0,,,,,,,,
0,13,12,0,,,,,,,,
21,13,12,2,2240,3499,1514,1629,1722,566,,
0,13,12,0,,,,,,,,
22,13,13,1,2028,1555,1906,1302,1083,1136,,
0,13,13,0,,,,,,,,
0,13,13,0,,,,,,,,
0,13,14,0,,,,,,,,
9,13,14,2,1099,1670,1541,2017,1184,902,,
0,13,14,0,,,,,,,,
13,13,15,1,,4503,1835,1475,1659,1118,,
0,13,15,0,,,,,,,,
0,13,15,0,,,,,,,,
0,13,16,0,,,,,,,,
28,13,16,2,1205,1873,4777,1490,954,1018,,
0,13,16,0,,,,,,,,
24,13,17,1,1099,2562,2385,1363,1987,1724,,
0,13,17,0,,,,,,,,
0,13,17,0,,,,,,,,
0,13,18,0,,,,,,,,
20,13,18,2,2818,3625,3646,2484,2123,2675,,
0,13,18,0,,,,,,,,
37,13,19,1,1336,1806,2399,1026,1347,1477,,
0,13,19,0,,,,,,,,
0,13,19,0,,,,,,,,
0,13,20,0,,,,,,,,
3,13,20,2,2515,1834,2055,1464,1032,1525,,
0,13,20,0,,,,,,,,
29,13,21,1,3000,1701,2006,1382,1670,1039,,
0,13,21,0,,,,,,,,
0,13,21,0,,,,,,,,
0,13,22,0,,,,,,,,
31,13,22,2,2138,1890,2029,1399,2016,963,,
0,13,22,0,,,,,,,,
35,13,23,1,2167,2830,3729,2486,1152,1604,,
0,13,23,0,,,,,,,,
0,13,23,0,,,,,,,,
0,13,24,0,,,,,,,,
23,13,24,2,2119,1485,1701,1506,899,917,,
0,13,24,0,,,,,,,,
40,13,25,1,1468,1488,1692,1629,1465,1279,,
0,13,25,0,,,,,,,,
0,13,25,0,,,,,,,,
0,13,26,0,,,,,,,,
30,13,26,2,2280,2494,2070,1373,1537,1314,,
0,13,26,0,,,,,,,,
39,13,27,1,1792,2133,1244,1923,1243,1287,,
0,13,27,0,,,,,,,,
0,13,27,0,,,,,,,,
0,13,28,0,,,,,,,,
32,13,28,2,2440,1406,2121,2628,2719,1850,,
0,13,28,0,,,,,,,,
4,13,29,1,1968,6198,1904,1741,1224,1049,,
0,13,29,0,,,,,,,,
0,13,29,0,,,,,,,,
0,13,30,0,,,,,,,,
25,13,30,2,2471,2012,1361,1971,1917,2196,,
0,13,30,0,,,,,,,,
38,13,31,1,4365,5556,5240,1977,930,944,,
0,13,31,0,,,,,,,,
0,13,31,0,,,,,,,,
0,13,32,0,,,,,,,,
36,13,32,2,1262,2338,1304,1488,1027,670,,
0,13,32,0,,,,,,,,
13,14,1,1,2534,3934,2780,1443,1096,720,,
0,14,1,0,,,,,,,,
0,14,1,0,,,,,,,,
0,14,2,0,,,,,,,,
0,14,2,0,,,,,,,,
27,14,2,2,1899,2639,2500,2868,2035,1470,,
5,14,3,1,1902,1410,2969,1382,1130,2318,,
0,14,3,0,,,,,,,,
0,14,3,0,,,,,,,,
0,14,4,0,,,,,,,,
0,14,4,0,,,,,,,,
23,14,4,2,2020,3342,1250,2014,1320,1422,,
15,14,5,1,2099,1374,1199,941,1538,1000,,
0,14,5,0,,,,,,,,
0,14,5,0,,,,,,,,
0,14,6,0,,,,,,,,
0,14,6,0,,,,,,,,
37,14,6,2,1692,1591,1703,1196,1350,1028,,
33,14,7,1,2273,1286,1908,1442,1101,1920,,
0,14,7,0,,,,,,,,
0,14,7,0,,,,,,,,
0,14,8,0,,,,,,,,
0,14,8,0,,,,,,,,
41,14,8,2,1013,4511,1197,1012,1479,1308,,
10,14,9,1,1868,2290,1776,1497,948,726,,
0,14,9,0,,,,,,,,
0,14,9,0,,,,,,,,
0,14,10,0,,,,,,,,
0,14,10,0,,,,,,,,
19,14,10,2,1343,1522,1171,1226,1665,1164,,
30,14,11,1,4239,5006,1433,1526,946,922,,
0,14,11,0,,,,,,,,
0,14,11,0,,,,,,,,
0,14,12,0,,,,,,,,
32,14,12,2,3185,2460,762,1344,1134,529,,
0,14,12,0,,,,,,,,
2,14,13,1,4433,5096,1980,1164,1254,1142,,
0,14,13,0,,,,,,,,
0,14,13,0,,,,,,,,
0,14,14,0,,,,,,,,
8,14,14,2,1749,1436,1857,1084,1223,983,,
0,14,14,0,,,,,,,,
36,14,15,1,5564,2007,2041,1406,940,1016,,
0,14,15,0,,,,,,,,
0,14,15,0,,,,,,,,
0,14,16,0,,,,,,,,
17,14,16,2,2270,1671,4190,1173,1264,865,,
0,14,16,0,,,,,,,,
25,14,17,1,1423,1861,2067,1061,819,1611,,
0,14,17,0,,,,,,,,
0,14,17,0,,,,,,,,
0,14,18,0,,,,,,,,
40,14,18,2,1329,2539,1439,2024,2363,1825,,
0,14,18,0,,,,,,,,
1,14,19,1,2916,1684,3177,3673,1772,2453,,
0,14,19,0,,,,,,,,
0,14,19,0,,,,,,,,
0,14,20,0,,,,,,,,
31,14,20,2,1768,1353,1889,1199,833,480,,
0,14,20,0,,,,,,,,
3,14,21,1,3515,2137,1329,1619,1816,1712,,
0,14,21,0,,,,,,,,
0,14,21,0,,,,,,,,
0,14,22,0,,,,,,,,
29,14,22,2,3250,2554,1657,1210,888,886,,
0,14,22,0,,,,,,,,
21,14,23,1,4884,2254,1679,1201,969,776,,
0,14,23,0,,,,,,,,
0,14,23,0,,,,,,,,
0,14,24,0,,,,,,,,
9,14,24,2,2279,1196,1065,1934,1016,1242,,
0,14,24,0,,,,,,,,
7,14,25,1,1749,1773,1742,2203,992,1077,,
0,14,25,0,,,,,,,,
0,14,25,0,,,,,,,,
0,14,26,0,,,,,,,,
4,14,26,2,3275,1565,2995,2704,1443,1415,,
0,14,26,0,,,,,,,,
39,14,27,1,5608,2558,1166,1901,1425,1501,,
0,14,27,0,,,,,,,,
0,14,27,0,,,,,,,,
0,14,28,0,,,,,,,,
12,14,28,2,4147,3050,2631,1584,1127,3470,,
0,14,28,0,,,,,,,,
35,14,29,1,3216,1773,1636,1184,1103,1402,,
0,14,29,0,,,,,,,,
0,14,29,0,,,,,,,,
0,14,30,0,,,,,,,,
26,14,30,2,1884,2211,1834,1673,1600,1408,,
0,14,30,0,,,,,,,,
18,14,31,1,8153,4399,2507,1156,917,836,,
0,14,31,0,,,,,,,,
0,14,31,0,,,,,,,,
0,14,32,0,,,,,,,,
22,14,32,2,8200,7824,5701,1758,1184,301,,
0,14,32,0,,,,,,,,
13,15,1,0,,,,,,,,
0,15,1,0,,,,,,,,
34,15,1,2,1402,2869,872,1384,1018,1269,,
24,15,2,1,2835,2280,1891,1976,1180,1033,,
0,15,2,0,,,,,,,,
27,15,2,0,,,,,,,,
5,15,3,0,,,,,,,,
0,15,3,0,,,,,,,,
19,15,3,2,1727,1775,1244,1745,1702,1975,,
41,15,4,1,1376,2115,1658,1334,842,1012,,
0,15,4,0,,,,,,,,
23,15,4,0,,,,,,,,
15,15,5,0,,,,,,,,
0,15,5,0,,,,,,,,
28,15,5,2,1359,1332,1530,924,1133,1538,,
39,15,6,1,1250,1486,1294,1519,1332,791,,
0,15,6,0,,,,,,,,
37,15,6,0,,,,,,,,
33,15,7,0,,,,,,,,
0,15,7,0,,,,,,,,
43,15,7,2,1487,1312,1650,2606,1390,2228,,
10,15,8,1,1050,1292,936,1070,1330,1227,,
0,15,8,0,,,,,,,,
41,15,8,0,,,,,,,,
10,15,9,0,,,,,,,,
0,15,9,0,,,,,,,,
7,15,9,2,1914,2439,1190,2191,955,1307,,
14,15,10,1,1567,2518,1427,2566,2770,1726,,
0,15,10,0,,,,,,,,
19,15,10,0,,,,,,,,
30,15,11,0,,,,,,,,
22,15,11,2,1327,1267,1745,1766,927,806,,
0,15,11,0,,,,,,,,
13,15,12,1,851,2050,1257,1503,878,1044,,
32,15,12,0,,,,,,,,
0,15,12,0,,,,,,,,
2,15,13,0,,,,,,,,
27,15,13,2,1913,1768,2023,1467,1056,789,,
0,15,13,0,,,,,,,,
21,15,14,1,1311,1627,1546,1346,844,824,,
8,15,14,0,,,,,,,,
0,15,14,0,,,,,,,,
36,15,15,0,,,,,,,,
3,15,15,2,1124,1921,810,996,1260,1319,,
0,15,15,0,,,,,,,,
12,15,16,1,1472,1862,1769,1038,855,967,,
17,15,16,0,,,,,,,,
0,15,16,0,,,,,,,,
25,15,17,0,,,,,,,,
16,15,17,2,1305,1958,1045,958,1925,1323,,
0,15,17,0,,,,,,,,
17,15,18,1,817,2136,1780,1955,1428,1134,,
40,15,18,0,,,,,,,,
0,15,18,0,,,,,,,,
1,15,19,0,,,,,,,,
37,15,19,2,1736,1889,2085,1344,1240,2036,,
0,15,19,0,,,,,,,,
23,15,20,1,1390,2208,1702,1950,825,896,,
31,15,20,0,,,,,,,,
0,15,20,0,,,,,,,,
3,15,21,0,,,,,,,,
18,15,21,2,1373,2039,1099,1224,1316,1001,,
0,15,21,0,,,,,,,,
31,15,22,1,842,1455,1642,1211,1015,1531,,
29,15,22,0,,,,,,,,
0,15,22,0,,,,,,,,
21,15,23,0,,,,,,,,
32,15,23,2,1077,1233,1136,1051,1219,1255,,
0,15,23,0,,,,,,,,
5,15,24,1,1395,1781,1392,1860,1051,1327,,
9,15,24,0,,,,,,,,
0,15,24,0,,,,,,,,
7,15,25,0,,,,,,,,
4,15,25,2,1591,1842,1477,1565,1003,1357,,
0,15,25,0,,,,,,,,
26,15,26,1,1033,913,955,1208,1201,906,,
4,15,26,0,,,,,,,,
0,15,26,0,,,,,,,,
39,15,27,0,,,,,,,,
36,15,27,2,1101,1463,3587,1688,1895,1360,,
0,15,27,0,,,,,,,,
6,15,28,1,2799,1390,1894,1768,1755,2337,,
12,15,28,0,,,,,,,,
0,15,28,0,,,,,,,,
35,15,29,0,,,,,,,,
2,15,29,2,1765,2020,2042,1671,1111,1425,,
0,15,29,0,,,,,,,,
38,15,30,1,1497,1484,2052,1658,1239,712,,
26,15,30,0,,,,,,,,
0,15,30,0,,,,,,,,
18,15,31,0,,,,,,,,
1,15,31,2,2640,1667,2882,1669,1320,1465,,
0,15,31,0,,,,,,,,
33,15,32,1,1373,1212,1052,1153,1053,922,,
22,15,32,0,,,,,,,,
0,15,32,0,,,,,,,,
26,16,1,1,1055,1269,838,1268,975,815,,
0,16,1,0,,,,,,,,
34,16,1,0,,,,,,,,
24,16,2,0,,,,,,,,
0,16,2,0,,,,,,,,
39,16,2,2,1094,1447,1179,1700,1831,889,,
33,16,3,1,1395,1291,1294,1222,905,2828,,
0,16,3,0,,,,,,,,
19,16,3,0,,,,,,,,
41,16,4,0,,,,,,,,
0,16,4,0,,,,,,,,
7,16,4,2,2152,3077,1574,2657,1951,2316,,
5,16,5,1,2617,2344,1312,739,1710,970,,
0,16,5,0,,,,,,,,
28,16,5,0,,,,,,,,
39,16,6,0,,,,,,,,
0,16,6,0,,,,,,,,
28,16,6,2,1053,951,1640,933,993,781,,
31,16,7,1,1295,860,1102,1005,1044,923,,
0,16,7,0,,,,,,,,
43,16,7,0,,,,,,,,
10,16,8,0,,,,,,,,
0,16,8,0,,,,,,,,
11,16,8,2,1392,1667,672,854,1012,1318,,
24,16,9,1,599,1460,912,882,739,838,,
0,16,9,0,,,,,,,,
7,16,9,0,,,,,,,,
14,16,10,0,,,,,,,,
0,16,10,0,,,,,,,,
19,16,10,2,744,1231,699,739,983,719,,
38,16,11,1,1731,2434,1338,797,666,1711,,
22,16,11,0,,,,,,,,
0,16,11,0,,,,,,,,
13,16,12,0,,,,,,,,
41,16,12,2,1199,1724,1334,2332,719,151,,
0,16,12,0,,,,,,,,
9,16,13,1,1780,948,1002,1043,1525,1022,,
27,16,13,0,,,,,,,,
0,16,13,0,,,,,,,,
21,16,14,0,,,,,,,,
21,16,14,2,1123,684,1127,1458,1436,1439,,
0,16,14,0,,,,,,,,
22,16,15,1,812,1367,1552,1626,1202,1731,,
3,16,15,0,,,,,,,,
0,16,15,0,,,,,,,,
12,16,16,0,,,,,,,,
2,16,16,2,3297,1379,2301,1646,1051,682,,
0,16,16,0,,,,,,,,
4,16,17,1,1920,1135,1255,1234,903,2277,,
16,16,17,0,,,,,,,,
0,16,17,0,,,,,,,,
17,16,18,0,,,,,,,,
23,16,18,2,969,1364,1222,1330,1253,1032,,
0,16,18,0,,,,,,,,
18,16,19,1,994,1041,1426,725,754,649,,
37,16,19,0,,,,,,,,
0,16,19,0,,,,,,,,
23,16,20,0,,,,,,,,
42,16,20,2,1916,2075,1353,1198,875,1009,,
0,16,20,0,,,,,,,,
3,16,21,1,2454,2174,1229,1061,1204,761,,
18,16,21,0,,,,,,,,
0,16,21,0,,,,,,,,
31,16,22,0,,,,,,,,
17,16,22,2,1206,1318,1250,916,678,707,,
0,16,22,0,,,,,,,,
35,16,23,1,1671,1481,1212,904,745,1226,,
32,16,23,0,,,,,,,,
0,16,23,0,,,,,,,,
5,16,24,0,,,,,,,,
16,16,24,2,2414,987,1127,1513,1225,954,,
0,16,24,0,,,,,,,,
10,16,25,1,2364,1287,934,1789,857,826,,
4,16,25,0,,,,,,,,
0,16,25,0,,,,,,,,
26,16,26,0,,,,,,,,
30,16,26,2,1097,850,1359,1311,955,657,,
0,16,26,0,,,,,,,,
37,16,27,1,904,1017,946,1128,743,1678,,
36,16,27,0,,,,,,,,
0,16,27,0,,,,,,,,
6,16,28,0,,,,,,,,
1,16,28,2,3948,1102,3666,1717,1849,1510,,
0,16,28,0,,,,,,,,
13,16,29,1,2908,2518,1591,1694,936,823,,
2,16,29,0,,,,,,,,
0,16,29,0,,,,,,,,
38,16,30,0,,,,,,,,
36,16,30,2,1237,2093,1041,1465,1063,776,,
0,16,30,0,,,,,,,,
14,16,31,1,1487,2787,1762,1107,1113,1469,,
1,16,31,0,,,,,,,,
0,16,31,0,,,,,,,,
33,16,32,0,,,,,,,,
15,16,32,2,1102,1096,845,1105,723,1337,,
0,16,32,0,,,,,,,,
26,17,1,0,,,,,,,,
0,17,1,0,,,,,,,,
19,17,1,2,1529,2288,1577,2140,1975,868,,
14,17,2,1,1928,1762,2475,1202,1342,1359,,
0,17,2,0,,,,,,,,
39,17,2,0,,,,,,,,
33,17,3,0,,,,,,,,
0,17,3,0,,,,,,,,
7,17,3,2,2035,2085,2006,2172,1617,1690,,
37,17,4,1,1331,2123,1926,1935,1082,1047,,
0,17,4,0,,,,,,,,
7,17,4,0,,,,,,,,
5,17,5,0,,,,,,,,
0,17,5,0,,,,,,,,
3,17,5,2,1914,1764,1893,1735,1572,2582,,
29,17,6,1,1227,1884,2890,2620,1759,1167,,
0,17,6,0,,,,,,,,
28,17,6,0,,,,,,,,
31,17,7,0,,,,,,,,
0,17,7,0,,,,,,,,
17,17,7,2,2655,2194,1395,1561,900,1068,,
12,17,8,1,1851,2305,2091,877,1246,2010,,
0,17,8,0,,,,,,,,
11,17,8,0,,,,,,,,
24,17,9,0,,,,,,,,
0,17,9,0,,,,,,,,
32,17,9,2,1528,1314,1421,1585,1306,2116,,
35,17,10,1,1594,3877,1074,1442,860,1114,,
0,17,10,0,,,,,,,,
19,17,10,0,,,,,,,,
38,17,11,0,,,,,,,,
39,17,11,2,2009,3280,1703,1565,918,1094,,
0,17,11,0,,,,,,,,
28,17,12,1,1205,2337,1523,1496,877,1017,,
41,17,12,0,,,,,,,,
0,17,12,0,,,,,,,,
9,17,13,0,,,,,,,,
44,17,13,2,2183,1220,3055,1239,1394,1290,,
0,17,13,0,,,,,,,,
9,17,14,1,1776,1534,2082,1952,706,1758,,
21,17,14,0,,,,,,,,
0,17,14,0,,,,,,,,
22,17,15,0,,,,,,,,
16,17,15,2,1044,2065,1927,1983,2100,1369,,
0,17,15,0,,,,,,,,
5,17,16,1,3670,1694,2298,1993,967,1149,,
2,17,16,0,,,,,,,,
0,17,16,0,,,,,,,,
4,17,17,0,,,,,,,,
26,17,17,2,2331,2861,2356,1175,1811,1208,,
0,17,17,0,,,,,,,,
25,17,18,1,1230,2238,2282,1677,1237,1067,,
23,17,18,0,,,,,,,,
0,17,18,0,,,,,,,,
18,17,19,0,,,,,,,,
1,17,19,2,2606,1905,2712,1489,1214,3289,,
0,17,19,0,,,,,,,,
43,17,20,1,1751,1776,1297,817,957,858,,
42,17,20,0,,,,,,,,
0,17,20,0,,,,,,,,
3,17,21,0,,,,,,,,
34,17,21,2,1075,1332,1013,2758,1616,1222,,
0,17,21,0,,,,,,,,
23,17,22,1,1031,2185,1309,1293,1594,1481,,
17,17,22,0,,,,,,,,
0,17,22,0,,,,,,,,
35,17,23,0,,,,,,,,
6,17,23,2,2931,1928,1693,2253,1395,1351,,
0,17,23,0,,,,,,,,
40,17,24,1,2165,1905,940,1781,1582,979,,
16,17,24,0,,,,,,,,
0,17,24,0,,,,,,,,
10,17,25,0,,,,,,,,
42,17,25,2,1209,1357,1587,1813,1628,1222,,
0,17,25,0,,,,,,,,
31,17,26,1,2787,1401,1948,1283,1821,1312,,
30,17,26,0,,,,,,,,
0,17,26,0,,,,,,,,
37,17,27,0,,,,,,,,
2,17,27,2,3150,2720,2436,2594,1229,1658,,
0,17,27,0,,,,,,,,
27,17,28,1,3644,1197,1802,1636,1753,2150,,
1,17,28,0,,,,,,,,
0,17,28,0,,,,,,,,
13,17,29,0,,,,,,,,
10,17,29,2,2765,2361,1956,1401,1478,1682,,
0,17,29,0,,,,,,,,
11,17,30,1,2782,2669,2190,2398,1545,1896,,
36,17,30,0,,,,,,,,
0,17,30,0,,,,,,,,
14,17,31,0,,,,,,,,
41,17,31,2,1805,3003,3387,2269,1666,1177,,
0,17,31,0,,,,,,,,
24,17,32,1,1203,2527,1625,1814,937,861,,
15,17,32,0,,,,,,,,
0,17,32,0,,,,,,,,
12,18,1,1,1282,1861,669,531,445,687,,
0,18,1,0,,,,,,,,
19,18,1,0,,,,,,,,
14,18,2,0,,,,,,,,
0,18,2,0,,,,,,,,
14,18,2,2,1982,1135,1768,962,1111,710,,
22,18,3,1,2554,688,1039,1124,896,445,,
0,18,3,0,,,,,,,,
7,18,3,0,,,,,,,,
37,18,4,0,,,,,,,,
0,18,4,0,,,,,,,,
16,18,4,2,1758,2749,1653,1451,714,1577,,
2,18,5,1,3212,612,575,888,577,613,,
0,18,5,0,,,,,,,,
3,18,5,0,,,,,,,,
29,18,6,0,,,,,,,,
0,18,6,0,,,,,,,,
42,18,6,2,1624,1665,1100,846,1292,961,,
20,18,7,1,2689,1010,863,750,347,607,,
0,18,7,0,,,,,,,,
17,18,7,0,,,,,,,,
12,18,8,0,,,,,,,,
0,18,8,0,,,,,,,,
32,18,8,2,404,988,337,516,786,530,,
35,18,9,1,2115,1549,706,539,532,823,,
0,18,9,0,,,,,,,,
32,18,9,0,,,,,,,,
35,18,10,0,,,,,,,,
0,18,10,0,,,,,,,,
39,18,10,2,649,937,1254,1099,894,512,,
1,18,11,1,3599,1316,784,1165,467,909,,
39,18,11,0,,,,,,,,
0,18,11,0,,,,,,,,
28,18,12,0,,,,,,,,
24,18,12,2,1733,1157,572,962,929,607,,
0,18,12,0,,,,,,,,
10,18,13,1,2764,666,1232,658,928,787,,
44,18,13,0,,,,,,,,
0,18,13,0,,,,,,,,
9,18,14,0,,,,,,,,
29,18,14,2,1654,641,948,782,549,377,,
0,18,14,0,,,,,,,,
38,18,15,1,671,937,1202,1817,2096,603,,
16,18,15,0,,,,,,,,
0,18,15,0,,,,,,,,
5,18,16,0,,,,,,,,
6,18,16,2,1912,854,1112,1076,385,1857,,
0,18,16,0,,,,,,,,
25,18,17,1,1288,957,1323,1008,359,968,,
26,18,17,0,,,,,,,,
0,18,17,0,,,,,,,,
25,18,18,0,,,,,,,,
9,18,18,2,1714,1980,1018,874,894,509,,
0,18,18,0,,,,,,,,
41,18,19,1,1414,694,2338,428,702,1598,,
1,18,19,0,,,,,,,,
0,18,19,0,,,,,,,,
43,18,20,0,,,,,,,,
34,18,20,2,1135,1660,1293,853,634,747,,
0,18,20,0,,,,,,,,
26,18,21,1,2425,1617,666,606,1067,655,,
34,18,21,0,,,,,,,,
0,18,21,0,,,,,,,,
23,18,22,0,,,,,,,,
19,18,22,2,979,1505,985,332,614,723,,
0,18,22,0,,,,,,,,
11,18,23,1,1983,1001,538,596,218,678,,
6,18,23,0,,,,,,,,
0,18,23,0,,,,,,,,
40,18,24,0,,,,,,,,
30,18,24,2,1085,598,883,885,377,608,,
0,18,24,0,,,,,,,,
44,18,25,1,724,595,1189,934,568,1157,,
42,18,25,0,,,,,,,,
0,18,25,0,,,,,,,,
31,18,26,0,,,,,,,,
4,18,26,2,2909,823,2087,1278,997,993,,
0,18,26,0,,,,,,,,
8,18,27,1,1635,1054,600,1033,601,726,,
2,18,27,0,,,,,,,,
0,18,27,0,,,,,,,,
27,18,28,0,,,,,,,,
18,18,28,2,2588,1178,2538,1076,611,378,,
0,18,28,0,,,,,,,,
7,18,29,1,1921,1443,1373,1847,976,805,,
10,18,29,0,,,,,,,,
0,18,29,0,,,,,,,,
11,18,30,0,,,,,,,,
27,18,30,2,2142,1140,1143,992,1551,899,,
0,18,30,0,,,,,,,,
28,18,31,1,1453,1987,1292,1072,1127,740,,
41,18,31,0,,,,,,,,
0,18,31,0,,,,,,,,
24,18,32,0,,,,,,,,
37,18,32,2,1193,1888,777,437,461,474,,
0,18,32,0,,,,,,,,
1,19,1,1,6046,5134,2355,3571,1030,1882,,
0,19,1,0,,,,,,,,
19,19,1,0,,,,,,,,
14,19,2,0,,,,,,,,
0,19,2,0,,,,,,,,
28,19,2,2,3232,2316,1617,2358,3460,1794,,
41,19,3,1,1983,1748,1191,5024,2336,2835,,
0,19,3,0,,,,,,,,
7,19,3,0,,,,,,,,
37,19,4,0,,,,,,,,
0,19,4,0,,,,,,,,
3,19,4,2,2432,6598,2576,1710,1998,1967,,
32,19,5,1,3483,2302,1629,2988,1513,1241,,
0,19,5,0,,,,,,,,
3,19,5,0,,,,,,,,
29,19,6,0,,,,,,,,
0,19,6,0,,,,,,,,
38,19,6,2,2875,3719,1663,1358,1936,1174,,
12,19,7,1,1803,2267,1436,3409,1565,1880,,
0,19,7,0,,,,,,,,
17,19,7,0,,,,,,,,
12,19,8,0,,,,,,,,
0,19,8,0,,,,,,,,
30,19,8,2,1039,2539,856,2930,2330,1824,,
24,19,9,1,2056,2304,4305,2231,1932,2006,,
0,19,9,0,,,,,,,,
32,19,9,0,,,,,,,,
35,19,10,0,,,,,,,,
0,19,10,0,,,,,,,,
7,19,10,2,2297,3501,2665,1664,2296,2009,,
5,19,11,1,1910,2460,1579,1776,2510,1241,,
39,19,11,0,,,,,,,,
0,19,11,0,,,,,,,,
28,19,12,0,,,,,,,,
27,19,12,2,2044,3516,3032,4933,2214,849,,
0,19,12,0,,,,,,,,
6,19,13,1,2603,2374,1887,2696,2339,1839,,
44,19,13,0,,,,,,,,
0,19,13,0,,,,,,,,
9,19,14,0,,,,,,,,
15,19,14,2,2051,1876,3325,2755,2776,1568,,
0,19,14,0,,,,,,,,
35,19,15,1,1004,1668,4086,3256,2568,1873,,
16,19,15,0,,,,,,,,
0,19,15,0,,,,,,,,
5,19,16,0,,,,,,,,
43,19,16,2,2331,2395,2481,4333,2621,960,,
0,19,16,0,,,,,,,,
17,19,17,1,1824,2594,2026,997,3823,3098,,
26,19,17,0,,,,,,,,
0,19,17,0,,,,,,,,
25,19,18,0,,,,,,,,
16,19,18,2,1307,4488,4524,2719,2749,2690,,
0,19,18,0,,,,,,,,
14,19,19,1,1858,2377,2897,2574,2381,1669,,
1,19,19,0,,,,,,,,
0,19,19,0,,,,,,,,
43,19,20,0,,,,,,,,
23,19,20,2,2007,2625,2530,1844,1073,2244,,
0,19,20,0,,,,,,,,
22,19,21,1,2603,2801,2065,1815,3191,2509,,
34,19,21,0,,,,,,,,
0,19,21,0,,,,,,,,
23,19,22,0,,,,,,,,
26,19,22,2,1444,3436,2955,1161,1313,1331,,
0,19,22,0,,,,,,,,
19,19,23,1,3123,3168,3519,1821,1245,2983,,
6,19,23,0,,,,,,,,
0,19,23,0,,,,,,,,
40,19,24,0,,,,,,,,
36,19,24,2,2405,997,2276,4623,3253,1575,,
0,19,24,0,,,,,,,,
10,19,25,1,1761,2314,2642,2180,1536,1468,,
42,19,25,0,,,,,,,,
0,19,25,0,,,,,,,,
31,19,26,0,,,,,,,,
37,19,26,2,3124,1467,3486,1784,1796,1425,,
0,19,26,0,,,,,,,,
21,19,27,1,2929,1711,1487,1975,1357,2817,,
2,19,27,0,,,,,,,,
0,19,27,0,,,,,,,,
27,19,28,0,,,,,,,,
34,19,28,2,2236,1454,3181,1787,1812,4528,,
0,19,28,0,,,,,,,,
11,19,29,1,4145,2167,2193,2908,1633,2329,,
10,19,29,0,,,,,,,,
0,19,29,0,,,,,,,,
11,19,30,0,,,,,,,,
40,19,30,2,5016,3556,4289,3859,2693,2434,,
0,19,30,0,,,,,,,,
44,19,31,1,1379,2954,3197,1486,1158,2859,,
41,19,31,0,,,,,,,,
0,19,31,0,,,,,,,,
24,19,32,0,,,,,,,,
9,19,32,2,3435,3456,2330,1298,2128,935,,
0,19,32,0,,,,,,,,
