seq,subj,item,cond,R1,R2,R3,R4,R5,R6,R7,R8
26,1,1,1,1486,1700,2394,1308,,3114,,
0,1,1,0,,,,,,,,
0,1,1,0,,,,,,,,
0,1,2,0,,,,,,,,
0,1,2,0,,,,,,,,
49,1,2,2,1532,3648,1346,811,1494,1350,,
23,1,3,1,2022,1561,859,1788,,3092,,
0,1,3,0,,,,,,,,
0,1,3,0,,,,,,,,
0,1,4,0,,,,,,,,
0,1,4,0,,,,,,,,
13,1,4,2,2201,1529,2152,814,312,4370,,
21,1,5,1,5554,1112,1093,701,1327,1053,,
0,1,5,0,,,,,,,,
0,1,5,0,,,,,,,,
0,1,6,0,,,,,,,,
0,1,6,0,,,,,,,,
11,1,6,2,1871,1728,1918,1629,,1880,,
66,1,7,1,1573,2039,2000,2492,1646,1275,,
0,1,7,0,,,,,,,,
0,1,7,0,,,,,,,,
0,1,8,0,,,,,,,,
0,1,8,0,,,,,,,,
36,1,8,2,982,1114,2929,787,930,2741,,
17,1,9,1,1310,1464,694,912,973,2069,,
0,1,9,0,,,,,,,,
0,1,9,0,,,,,,,,
0,1,10,0,,,,,,,,
0,1,10,0,,,,,,,,
5,1,10,2,3299,1477,1601,1749,543,4883,,
16,1,11,1,2163,1373,1291,153,775,2666,,
0,1,11,0,,,,,,,,
0,1,11,0,,,,,,,,
0,1,12,0,,,,,,,,
29,1,12,2,1258,1851,3409,1285,,3444,,
0,1,12,0,,,,,,,,
30,1,13,1,2684,,3337,1568,,4743,,
0,1,13,0,,,,,,,,
0,1,13,0,,,,,,,,
0,1,14,0,,,,,,,,
15,1,14,2,591,,,5729,1299,2273,,
0,1,14,0,,,,,,,,
19,1,15,1,985,2156,764,1323,875,1649,,
0,1,15,0,,,,,,,,
0,1,15,0,,,,,,,,
0,1,16,0,,,,,,,,
38,1,16,2,1968,1853,1639,1656,661,1560,,
0,1,16,0,,,,,,,,
32,1,17,1,1118,3278,1421,1331,2225,2183,,
0,1,17,0,,,,,,,,
0,1,17,0,,,,,,,,
0,1,18,0,,,,,,,,
28,1,18,2,1764,1545,1587,1909,1999,1796,,
0,1,18,0,,,,,,,,
53,1,19,1,1670,2003,525,4213,1409,1902,,
0,1,19,0,,,,,,,,
0,1,19,0,,,,,,,,
0,1,20,0,,,,,,,,
8,1,20,2,3526,1032,1258,1222,,4478,,
0,1,20,0,,,,,,,,
39,1,21,1,1653,1623,1561,668,5904,2164,,
0,1,21,0,,,,,,,,
0,1,21,0,,,,,,,,
0,1,22,0,,,,,,,,
44,1,22,2,849,1779,1237,1194,1485,2266,,
0,1,22,0,,,,,,,,
51,1,23,1,1485,1991,1622,1777,963,2586,,
0,1,23,0,,,,,,,,
0,1,23,0,,,,,,,,
0,1,24,0,,,,,,,,
31,1,24,2,1254,1725,2344,,,6398,,
0,1,24,0,,,,,,,,
62,1,25,1,,2674,4372,1799,,2583,,
0,1,25,0,,,,,,,,
0,1,25,0,,,,,,,,
0,1,26,0,,,,,,,,
40,1,26,2,1894,1090,2071,339,3436,1534,,
0,1,26,0,,,,,,,,
61,1,27,1,2654,1048,612,1511,2094,3626,,
0,1,27,0,,,,,,,,
0,1,27,0,,,,,,,,
0,1,28,0,,,,,,,,
48,1,28,2,3249,3105,2059,915,122,4175,,
0,1,28,0,,,,,,,,
10,1,29,1,2977,1693,1650,244,2777,3550,,
0,1,29,0,,,,,,,,
0,1,29,0,,,,,,,,
0,1,30,0,,,,,,,,
33,1,30,2,2128,2222,2429,2273,1194,2296,,
0,1,30,0,,,,,,,,
56,1,31,1,1044,2389,1152,1367,522,2258,,
0,1,31,0,,,,,,,,
0,1,31,0,,,,,,,,
0,1,32,0,,,,,,,,
52,1,32,2,1105,326,3414,1392,1719,1068,,
0,1,32,0,,,,,,,,
22,2,1,1,2029,1317,2383,2661,,3641,,
0,2,1,0,,,,,,,,
0,2,1,0,,,,,,,,
0,2,2,0,,,,,,,,
0,2,2,0,,,,,,,,
43,2,2,2,2551,1669,2951,2008,,3824,,
12,2,3,1,1801,251,4119,1601,,,,
0,2,3,0,,,,,,,,
0,2,3,0,,,,,,,,
0,2,4,0,,,,,,,,
0,2,4,0,,,,,,,,
38,2,4,2,1555,2246,1745,1763,262,4906,,
25,2,5,1,1753,2064,1916,1803,1543,1597,,
0,2,5,0,,,,,,,,
0,2,5,0,,,,,,,,
0,2,6,0,,,,,,,,
0,2,6,0,,,,,,,,
55,2,6,2,1748,1555,2235,1516,2112,,,
50,2,7,1,2763,1399,1912,1227,1302,1903,,
0,2,7,0,,,,,,,,
0,2,7,0,,,,,,,,
0,2,8,0,,,,,,,,
0,2,8,0,,,,,,,,
64,2,8,2,1378,1852,1599,1335,1549,2295,,
18,2,9,1,1334,2595,1348,1367,,3396,,
0,2,9,0,,,,,,,,
0,2,9,0,,,,,,,,
0,2,10,0,,,,,,,,
0,2,10,0,,,,,,,,
31,2,10,2,1295,1295,1660,1305,1646,3027,,
45,2,11,1,1730,3377,2462,2420,,4078,,
0,2,11,0,,,,,,,,
0,2,11,0,,,,,,,,
0,2,12,0,,,,,,,,
49,2,12,2,1461,2659,1350,1645,,2856,,
0,2,12,0,,,,,,,,
8,2,13,1,3469,1697,2226,3427,,5009,,
0,2,13,0,,,,,,,,
0,2,13,0,,,,,,,,
0,2,14,0,,,,,,,,
15,2,14,2,,3765,2635,2320,1752,953,,
0,2,14,0,,,,,,,,
53,2,15,1,1119,815,2255,1237,1877,1414,,
0,2,15,0,,,,,,,,
0,2,15,0,,,,,,,,
0,2,16,0,,,,,,,,
28,2,16,2,1250,2703,3231,1903,1168,1520,,
0,2,16,0,,,,,,,,
39,2,17,1,1480,1593,2097,1313,1169,2388,,
0,2,17,0,,,,,,,,
0,2,17,0,,,,,,,,
0,2,18,0,,,,,,,,
61,2,18,2,2277,1354,3899,2714,1317,2276,,
0,2,18,0,,,,,,,,
5,2,19,1,,,8408,2060,1592,2130,,
0,2,19,0,,,,,,,,
0,2,19,0,,,,,,,,
0,2,20,0,,,,,,,,
48,2,20,2,1932,2201,1935,1783,1614,819,,
0,2,20,0,,,,,,,,
9,2,21,1,1314,2966,3222,2668,1222,2439,,
0,2,21,0,,,,,,,,
0,2,21,0,,,,,,,,
0,2,22,0,,,,,,,,
44,2,22,2,1780,1606,1880,1663,1304,3389,,
0,2,22,0,,,,,,,,
32,2,23,1,985,1277,1564,1316,1270,1844,,
0,2,23,0,,,,,,,,
0,2,23,0,,,,,,,,
0,2,24,0,,,,,,,,
16,2,24,2,2718,1891,1838,2358,,5565,,
0,2,24,0,,,,,,,,
14,2,25,1,1598,388,5610,3174,,2780,,
0,2,25,0,,,,,,,,
0,2,25,0,,,,,,,,
0,2,26,0,,,,,,,,
10,2,26,2,1313,1815,3215,3057,1810,1499,,
0,2,26,0,,,,,,,,
56,2,27,1,1051,1454,2131,2901,293,2963,,
0,2,27,0,,,,,,,,
0,2,27,0,,,,,,,,
0,2,28,0,,,,,,,,
20,2,28,2,1671,228,3453,2252,2986,4065,,
0,2,28,0,,,,,,,,
52,2,29,1,2317,1372,1837,1420,1986,1173,,
0,2,29,0,,,,,,,,
0,2,29,0,,,,,,,,
0,2,30,0,,,,,,,,
40,2,30,2,1991,1883,2234,1692,3355,2362,,
0,2,30,0,,,,,,,,
30,2,31,1,1806,1340,1573,2835,1356,1685,,
0,2,31,0,,,,,,,,
0,2,31,0,,,,,,,,
0,2,32,0,,,,,,,,
33,2,32,2,1500,2436,1877,1643,1184,1354,,
0,2,32,0,,,,,,,,
43,3,1,1,1247,2948,1121,1748,1126,1157,1406,
0,3,1,0,,,,,,,,
0,3,1,0,,,,,,,,
0,3,2,0,,,,,,,,
0,3,2,0,,,,,,,,
45,3,2,2,1643,748,2066,5267,3290,198,2146,
14,3,3,1,1930,1839,766,1217,885,4716,,
0,3,3,0,,,,,,,,
0,3,3,0,,,,,,,,
0,3,4,0,,,,,,,,
0,3,4,0,,,,,,,,
33,3,4,2,2221,2373,,5989,1313,413,,
54,3,5,1,819,772,1251,732,1009,2539,,
0,3,5,0,,,,,,,,
0,3,5,0,,,,,,,,
0,3,6,0,,,,,,,,
0,3,6,0,,,,,,,,
49,3,6,2,1497,199,1878,1754,710,260,,
19,3,7,1,1938,922,1831,2935,,7587,,
0,3,7,0,,,,,,,,
0,3,7,0,,,,,,,,
0,3,8,0,,,,,,,,
0,3,8,0,,,,,,,,
38,3,8,2,1223,1447,209,4362,788,1038,,
65,3,9,1,1584,343,2222,1502,786,,2048,
0,3,9,0,,,,,,,,
0,3,9,0,,,,,,,,
0,3,10,0,,,,,,,,
0,3,10,0,,,,,,,,
56,3,10,2,740,1015,2279,2620,1381,985,2029,
64,3,11,1,513,2692,1750,6702,871,,,
0,3,11,0,,,,,,,,
0,3,11,0,,,,,,,,
0,3,12,0,,,,,,,,
8,3,12,2,1805,3590,,4403,985,334,,
0,3,12,0,,,,,,,,
31,3,13,1,1636,3367,,2909,133,520,,
0,3,13,0,,,,,,,,
0,3,13,0,,,,,,,,
0,3,14,0,,,,,,,,
62,3,14,2,1251,,1222,1713,482,,4740,
0,3,14,0,,,,,,,,
6,3,15,1,1224,930,1064,1778,1565,1901,,
0,3,15,0,,,,,,,,
0,3,15,0,,,,,,,,
0,3,16,0,,,,,,,,
36,3,16,2,1308,2229,258,1941,1766,5182,4204,
0,3,16,0,,,,,,,,
48,3,17,1,1471,140,871,1544,830,3030,,
0,3,17,0,,,,,,,,
0,3,17,0,,,,,,,,
0,3,18,0,,,,,,,,
7,3,18,2,1378,1126,2869,975,704,4207,,
0,3,18,0,,,,,,,,
67,3,19,1,1099,1142,1527,969,3049,2327,,
0,3,19,0,,,,,,,,
0,3,19,0,,,,,,,,
0,3,20,0,,,,,,,,
58,3,20,2,1717,,1644,1564,1438,2851,,
0,3,20,0,,,,,,,,
23,3,21,1,1496,1736,1387,960,,3207,,
0,3,21,0,,,,,,,,
0,3,21,0,,,,,,,,
0,3,22,0,,,,,,,,
63,3,22,2,1439,112,1713,1252,1512,1260,,
0,3,22,0,,,,,,,,
17,3,23,1,,4317,1221,3572,1914,2681,,
0,3,23,0,,,,,,,,
0,3,23,0,,,,,,,,
0,3,24,0,,,,,,,,
30,3,24,2,1912,,892,1609,,417,,
0,3,24,0,,,,,,,,
59,3,25,1,1704,455,,3520,626,2807,,
0,3,25,0,,,,,,,,
0,3,25,0,,,,,,,,
0,3,26,0,,,,,,,,
47,3,26,2,,2719,394,1236,1190,1994,1356,
0,3,26,0,,,,,,,,
42,3,27,1,1680,479,582,1399,913,616,,
0,3,27,0,,,,,,,,
0,3,27,0,,,,,,,,
0,3,28,0,,,,,,,,
35,3,28,2,2192,143,1279,1430,1449,222,,
0,3,28,0,,,,,,,,
12,3,29,1,2870,893,497,2325,5291,,2845,
0,3,29,0,,,,,,,,
0,3,29,0,,,,,,,,
0,3,30,0,,,,,,,,
25,3,30,2,1831,3173,1661,2978,,5849,,
0,3,30,0,,,,,,,,
16,3,31,1,1558,3015,3844,324,958,4937,,
0,3,31,0,,,,,,,,
0,3,31,0,,,,,,,,
0,3,32,0,,,,,,,,
18,3,32,2,1228,1492,1206,1863,274,842,3553,
0,3,32,0,,,,,,,,
47,4,1,1,549,6824,1836,,1429,3732,,
0,4,1,0,,,,,,,,
0,4,1,0,,,,,,,,
0,4,2,0,,,,,,,,
0,4,2,0,,,,,,,,
54,4,2,2,105,3040,2929,1447,,3635,,
56,4,3,1,824,1849,884,2328,,3052,,
0,4,3,0,,,,,,,,
0,4,3,0,,,,,,,,
0,4,4,0,,,,,,,,
0,4,4,0,,,,,,,,
27,4,4,2,1915,2004,3797,1430,,3376,,
13,4,5,1,3358,2512,,2656,1070,3044,,
0,4,5,0,,,,,,,,
0,4,5,0,,,,,,,,
0,4,6,0,,,,,,,,
0,4,6,0,,,,,,,,
64,4,6,2,583,1230,1111,1557,2068,1055,3648,
31,4,7,1,1531,1710,1559,2329,2458,3478,,
0,4,7,0,,,,,,,,
0,4,7,0,,,,,,,,
0,4,8,0,,,,,,,,
0,4,8,0,,,,,,,,
40,4,8,2,1028,1645,1571,1043,1003,2057,,
44,4,9,1,581,3008,1138,604,779,3313,,
0,4,9,0,,,,,,,,
0,4,9,0,,,,,,,,
0,4,10,0,,,,,,,,
0,4,10,0,,,,,,,,
58,4,10,2,1004,654,876,1045,920,3100,,
15,4,11,1,4216,2292,4232,117,938,3363,,
0,4,11,0,,,,,,,,
0,4,11,0,,,,,,,,
0,4,12,0,,,,,,,,
36,4,12,2,1590,1463,6109,3525,,5371,,
0,4,12,0,,,,,,,,
7,4,13,1,2481,2727,1924,1994,,4318,,
0,4,13,0,,,,,,,,
0,4,13,0,,,,,,,,
0,4,14,0,,,,,,,,
49,4,14,2,799,856,2825,,1167,3292,,
0,4,14,0,,,,,,,,
37,4,15,1,1294,1933,1413,1154,1520,1220,,
0,4,15,0,,,,,,,,
0,4,15,0,,,,,,,,
0,4,16,0,,,,,,,,
35,4,16,2,3709,3248,2074,2005,,3931,,
0,4,16,0,,,,,,,,
30,4,17,1,5905,3466,3550,956,1169,2929,,
0,4,17,0,,,,,,,,
0,4,17,0,,,,,,,,
0,4,18,0,,,,,,,,
52,4,18,2,1218,3735,2847,1314,2049,4539,,
0,4,18,0,,,,,,,,
46,4,19,1,991,1561,3170,1573,4447,3547,,
0,4,19,0,,,,,,,,
0,4,19,0,,,,,,,,
0,4,20,0,,,,,,,,
50,4,20,2,2398,,,4273,156,4466,,
0,4,20,0,,,,,,,,
53,4,21,1,849,2345,1547,5215,1185,1752,,
0,4,21,0,,,,,,,,
0,4,21,0,,,,,,,,
0,4,22,0,,,,,,,,
5,4,22,2,1602,1582,2300,1524,1899,3545,,
0,4,22,0,,,,,,,,
33,4,23,1,1387,1253,,8652,1270,2241,,
0,4,23,0,,,,,,,,
0,4,23,0,,,,,,,,
0,4,24,0,,,,,,,,
62,4,24,2,678,2750,406,2471,,4351,,
0,4,24,0,,,,,,,,
6,4,25,1,796,4229,2490,2444,,3703,,
0,4,25,0,,,,,,,,
0,4,25,0,,,,,,,,
0,4,26,0,,,,,,,,
18,4,26,2,3537,3186,1305,3675,2711,5933,,
0,4,26,0,,,,,,,,
17,4,27,1,1725,1432,1808,1676,198,3623,,
0,4,27,0,,,,,,,,
0,4,27,0,,,,,,,,
0,4,28,0,,,,,,,,
42,4,28,2,1443,554,2524,1001,1702,11259,,
0,4,28,0,,,,,,,,
43,4,29,1,569,3660,2374,1223,1616,2789,,
0,4,29,0,,,,,,,,
0,4,29,0,,,,,,,,
0,4,30,0,,,,,,,,
16,4,30,2,2250,1441,3766,,3165,2694,,
0,4,30,0,,,,,,,,
29,4,31,1,546,10889,2315,1349,925,2563,,
0,4,31,0,,,,,,,,
0,4,31,0,,,,,,,,
0,4,32,0,,,,,,,,
63,4,32,2,1341,1674,4722,1218,1177,2355,,
0,4,32,0,,,,,,,,
67,5,1,1,1641,2562,1314,1966,,1535,,
0,5,1,0,,,,,,,,
0,5,1,0,,,,,,,,
0,5,2,0,,,,,,,,
0,5,2,0,,,,,,,,
35,5,2,2,2390,1981,2616,2380,1925,1040,,
60,5,3,1,2573,1641,1370,934,1182,911,,
0,5,3,0,,,,,,,,
0,5,3,0,,,,,,,,
0,5,4,0,,,,,,,,
0,5,4,0,,,,,,,,
6,5,4,2,3024,4110,3080,1781,504,3842,,
52,5,5,1,1445,2604,730,1251,1182,1411,,
0,5,5,0,,,,,,,,
0,5,5,0,,,,,,,,
0,5,6,0,,,,,,,,
0,5,6,0,,,,,,,,
43,5,6,2,1166,1399,1015,1022,879,793,,
17,5,7,1,2861,1047,1656,1930,869,1728,,
0,5,7,0,,,,,,,,
0,5,7,0,,,,,,,,
0,5,8,0,,,,,,,,
0,5,8,0,,,,,,,,
9,5,8,2,2105,1976,,2328,1020,2676,,
64,5,9,1,1710,2569,1910,935,654,1607,,
0,5,9,0,,,,,,,,
0,5,9,0,,,,,,,,
0,5,10,0,,,,,,,,
0,5,10,0,,,,,,,,
26,5,10,2,1561,1168,4301,1388,752,863,,
14,5,11,1,1007,3846,1881,548,,2016,,
0,5,11,0,,,,,,,,
0,5,11,0,,,,,,,,
0,5,12,0,,,,,,,,
42,5,12,2,1121,6678,1352,1520,,1682,,
0,5,12,0,,,,,,,,
57,5,13,1,2211,1143,1641,1766,1902,660,,
0,5,13,0,,,,,,,,
0,5,13,0,,,,,,,,
0,5,14,0,,,,,,,,
66,5,14,2,959,1011,1039,1618,3055,1251,,
0,5,14,0,,,,,,,,
19,5,15,1,312,5067,1173,1032,892,1115,,
0,5,15,0,,,,,,,,
0,5,15,0,,,,,,,,
0,5,16,0,,,,,,,,
39,5,16,2,2459,1611,2228,3825,642,1358,,
0,5,16,0,,,,,,,,
45,5,17,1,3344,1679,4267,821,774,2173,,
0,5,17,0,,,,,,,,
0,5,17,0,,,,,,,,
0,5,18,0,,,,,,,,
62,5,18,2,1287,1824,1186,831,769,1092,,
0,5,18,0,,,,,,,,
38,5,19,1,1846,3446,2722,1374,1432,1675,,
0,5,19,0,,,,,,,,
0,5,19,0,,,,,,,,
0,5,20,0,,,,,,,,
33,5,20,2,2719,1348,1313,840,838,2234,,
0,5,20,0,,,,,,,,
59,5,21,1,2298,1442,1766,885,1570,796,,
0,5,21,0,,,,,,,,
0,5,21,0,,,,,,,,
0,5,22,0,,,,,,,,
25,5,22,2,2316,1533,1581,1122,2249,777,,
0,5,22,0,,,,,,,,
50,5,23,1,1672,2125,1109,1025,865,1107,,
0,5,23,0,,,,,,,,
0,5,23,0,,,,,,,,
0,5,24,0,,,,,,,,
11,5,24,2,315,5293,3010,3781,,3700,,
0,5,24,0,,,,,,,,
51,5,25,1,1493,1225,1040,1948,923,1475,,
0,5,25,0,,,,,,,,
0,5,25,0,,,,,,,,
0,5,26,0,,,,,,,,
41,5,26,2,2649,2205,2123,1585,1582,994,,
0,5,26,0,,,,,,,,
48,5,27,1,1449,1997,296,3423,976,2735,,
0,5,27,0,,,,,,,,
0,5,27,0,,,,,,,,
0,5,28,0,,,,,,,,
34,5,28,2,2342,930,2283,1444,1027,2300,,
0,5,28,0,,,,,,,,
56,5,29,1,93,4865,1892,1117,1230,1041,,
0,5,29,0,,,,,,,,
0,5,29,0,,,,,,,,
0,5,30,0,,,,,,,,
49,5,30,2,1397,1833,1855,1642,1338,1061,,
0,5,30,0,,,,,,,,
20,5,31,1,1174,2496,,1554,1507,1596,,
0,5,31,0,,,,,,,,
0,5,31,0,,,,,,,,
0,5,32,0,,,,,,,,
28,5,32,2,1582,1868,1075,765,1289,532,,
0,5,32,0,,,,,,,,
44,6,1,1,2273,3004,2245,1319,,4158,,
0,6,1,0,,,,,,,,
0,6,1,0,,,,,,,,
0,6,2,0,,,,,,,,
0,6,2,0,,,,,,,,
26,6,2,2,3682,2197,2695,1228,1536,3422,,
32,6,3,1,1745,1611,2453,1229,1201,2075,,
0,6,3,0,,,,,,,,
0,6,3,0,,,,,,,,
0,6,4,0,,,,,,,,
0,6,4,0,,,,,,,,
34,6,4,2,3162,3268,1359,1360,1091,1618,,
25,6,5,1,1431,1131,1514,1270,1396,1973,,
0,6,5,0,,,,,,,,
0,6,5,0,,,,,,,,
0,6,6,0,,,,,,,,
0,6,6,0,,,,,,,,
51,6,6,2,2539,1589,1591,1638,3716,4391,,
18,6,7,1,2246,2429,2567,2357,1917,5035,,
0,6,7,0,,,,,,,,
0,6,7,0,,,,,,,,
0,6,8,0,,,,,,,,
0,6,8,0,,,,,,,,
55,6,8,2,1500,2388,1708,862,2459,2409,,
6,6,9,1,10016,788,1552,907,,10022,,
0,6,9,0,,,,,,,,
0,6,9,0,,,,,,,,
0,6,10,0,,,,,,,,
0,6,10,0,,,,,,,,
64,6,10,2,1116,1132,3191,1703,1465,3266,,
14,6,11,1,1794,2117,1485,993,,4037,,
0,6,11,0,,,,,,,,
0,6,11,0,,,,,,,,
0,6,12,0,,,,,,,,
19,6,12,2,759,2359,1748,1472,1600,17665,,
0,6,12,0,,,,,,,,
41,6,13,1,3940,1856,1623,1361,1291,1749,,
0,6,13,0,,,,,,,,
0,6,13,0,,,,,,,,
0,6,14,0,,,,,,,,
11,6,14,2,1603,1275,1736,1901,2547,9262,,
0,6,14,0,,,,,,,,
56,6,15,1,2383,2128,1457,1385,1454,4513,,
0,6,15,0,,,,,,,,
0,6,15,0,,,,,,,,
0,6,16,0,,,,,,,,
60,6,16,2,2174,1459,1551,1309,1346,2659,,
0,6,16,0,,,,,,,,
7,6,17,1,2584,,2408,1566,1018,2637,,
0,6,17,0,,,,,,,,
0,6,17,0,,,,,,,,
0,6,18,0,,,,,,,,
5,6,18,2,1894,1918,1599,2845,1110,1746,,
0,6,18,0,,,,,,,,
31,6,19,1,761,3073,2700,2004,2095,2786,,
0,6,19,0,,,,,,,,
0,6,19,0,,,,,,,,
0,6,20,0,,,,,,,,
12,6,20,2,2798,2035,5072,1199,655,2339,,
0,6,20,0,,,,,,,,
42,6,21,1,2308,1752,1574,953,999,4193,,
0,6,21,0,,,,,,,,
0,6,21,0,,,,,,,,
0,6,22,0,,,,,,,,
30,6,22,2,1364,1382,1249,1268,1545,3601,,
0,6,22,0,,,,,,,,
39,6,23,1,,3409,1016,1242,1184,2062,,
0,6,23,0,,,,,,,,
0,6,23,0,,,,,,,,
0,6,24,0,,,,,,,,
36,6,24,2,2927,846,2068,940,,2935,,
0,6,24,0,,,,,,,,
53,6,25,1,2026,4222,1304,1766,667,2308,,
0,6,25,0,,,,,,,,
0,6,25,0,,,,,,,,
0,6,26,0,,,,,,,,
66,6,26,2,2535,1940,1190,1291,1298,1849,,
0,6,26,0,,,,,,,,
16,6,27,1,2376,1568,1700,1442,410,5381,,
0,6,27,0,,,,,,,,
0,6,27,0,,,,,,,,
0,6,28,0,,,,,,,,
40,6,28,2,3116,2098,3358,,2445,702,,
0,6,28,0,,,,,,,,
43,6,29,1,1708,1908,3069,1825,1911,3499,,
0,6,29,0,,,,,,,,
0,6,29,0,,,,,,,,
0,6,30,0,,,,,,,,
15,6,30,2,2590,2664,1032,2222,1348,4791,,
0,6,30,0,,,,,,,,
28,6,31,1,2141,2422,3128,2634,1601,4485,,
0,6,31,0,,,,,,,,
0,6,31,0,,,,,,,,
0,6,32,0,,,,,,,,
24,6,32,2,1851,1091,2059,1980,2101,3386,,
0,6,32,0,,,,,,,,
59,7,1,1,667,2942,3535,956,,2589,,
0,7,1,0,,,,,,,,
0,7,1,0,,,,,,,,
0,7,2,0,,,,,,,,
0,7,2,0,,,,,,,,
53,7,2,2,1334,3583,2483,2730,1772,1172,,
62,7,3,1,1279,1242,2641,697,1295,1849,,
0,7,3,0,,,,,,,,
0,7,3,0,,,,,,,,
0,7,4,0,,,,,,,,
0,7,4,0,,,,,,,,
10,7,4,2,1324,2594,2266,2448,2054,2909,,
57,7,5,1,145,3044,1635,1470,737,1407,,
0,7,5,0,,,,,,,,
0,7,5,0,,,,,,,,
0,7,6,0,,,,,,,,
0,7,6,0,,,,,,,,
17,7,6,2,817,3290,420,1473,894,1882,,
21,7,7,1,273,2813,1414,933,444,2191,,
0,7,7,0,,,,,,,,
0,7,7,0,,,,,,,,
0,7,8,0,,,,,,,,
0,7,8,0,,,,,,,,
32,7,8,2,1094,806,3217,150,1000,1062,,
12,7,9,1,1869,2310,3767,2342,,4500,,
0,7,9,0,,,,,,,,
0,7,9,0,,,,,,,,
0,7,10,0,,,,,,,,
0,7,10,0,,,,,,,,
55,7,10,2,322,3180,1470,1441,858,1854,,
34,7,11,1,807,1210,3529,2935,1307,3115,,
0,7,11,0,,,,,,,,
0,7,11,0,,,,,,,,
0,7,12,0,,,,,,,,
47,7,12,2,1029,1067,2242,2355,,2440,,
0,7,12,0,,,,,,,,
68,7,13,1,2315,506,2478,2403,,642,2608,
0,7,13,0,,,,,,,,
0,7,13,0,,,,,,,,
0,7,14,0,,,,,,,,
28,7,14,2,1768,804,2694,1278,1607,2955,113,
0,7,14,0,,,,,,,,
66,7,15,1,594,1501,912,781,1087,1082,,
0,7,15,0,,,,,,,,
0,7,15,0,,,,,,,,
0,7,16,0,,,,,,,,
16,7,16,2,502,5101,2079,1661,280,2232,,
0,7,16,0,,,,,,,,
27,7,17,1,2019,1021,1883,2827,1650,2793,,
0,7,17,0,,,,,,,,
0,7,17,0,,,,,,,,
0,7,18,0,,,,,,,,
25,7,18,2,446,3498,2116,1558,191,3495,,
0,7,18,0,,,,,,,,
31,7,19,1,578,3000,544,1126,1386,3578,,
0,7,19,0,,,,,,,,
0,7,19,0,,,,,,,,
0,7,20,0,,,,,,,,
9,7,20,2,2146,1617,2189,3750,,4795,,
0,7,20,0,,,,,,,,
40,7,21,1,275,1919,298,3702,294,2443,,
0,7,21,0,,,,,,,,
0,7,21,0,,,,,,,,
0,7,22,0,,,,,,,,
30,7,22,2,1127,805,2631,2485,1234,1894,,
0,7,22,0,,,,,,,,
36,7,23,1,406,3865,273,2359,1454,2753,,
0,7,23,0,,,,,,,,
0,7,23,0,,,,,,,,
0,7,24,0,,,,,,,,
35,7,24,2,424,2579,231,2079,,3140,,
0,7,24,0,,,,,,,,
52,7,25,1,274,1406,3100,2516,1037,776,,
0,7,25,0,,,,,,,,
0,7,25,0,,,,,,,,
0,7,26,0,,,,,,,,
23,7,26,2,227,2516,482,2741,1469,3934,,
0,7,26,0,,,,,,,,
37,7,27,1,725,2040,1326,875,325,4119,,
0,7,27,0,,,,,,,,
0,7,27,0,,,,,,,,
0,7,28,0,,,,,,,,
5,7,28,2,3423,1987,1473,2196,202,5068,,
0,7,28,0,,,,,,,,
24,7,29,1,240,2809,1574,2992,2150,654,2679,
0,7,29,0,,,,,,,,
0,7,29,0,,,,,,,,
0,7,30,0,,,,,,,,
20,7,30,2,281,2711,1711,2766,1285,2340,,
0,7,30,0,,,,,,,,
8,7,31,1,1302,2319,1489,2719,1461,2144,,
0,7,31,0,,,,,,,,
0,7,31,0,,,,,,,,
0,7,32,0,,,,,,,,
29,7,32,2,503,2110,1664,1118,1701,999,,
0,7,32,0,,,,,,,,
59,8,1,1,823,3089,,8332,1218,316,,
0,8,1,0,,,,,,,,
0,8,1,0,,,,,,,,
0,8,2,0,,,,,,,,
0,8,2,0,,,,,,,,
39,8,2,2,5255,1371,1699,1271,,,,
57,8,3,1,430,2016,5659,1014,859,171,,
0,8,3,0,,,,,,,,
0,8,3,0,,,,,,,,
0,8,4,0,,,,,,,,
0,8,4,0,,,,,,,,
40,8,4,2,6931,2482,1930,968,238,2918,,
43,8,5,1,3835,1701,718,1391,1728,3494,,
0,8,5,0,,,,,,,,
0,8,5,0,,,,,,,,
0,8,6,0,,,,,,,,
0,8,6,0,,,,,,,,
48,8,6,2,243,8386,2231,1231,2873,200,,
8,8,7,1,3257,4265,2167,1357,1420,1229,,
0,8,7,0,,,,,,,,
0,8,7,0,,,,,,,,
0,8,8,0,,,,,,,,
0,8,8,0,,,,,,,,
24,8,8,2,5548,1647,1169,1054,3207,,,
55,8,9,1,809,4595,2304,538,691,,3483,
0,8,9,0,,,,,,,,
0,8,9,0,,,,,,,,
0,8,10,0,,,,,,,,
0,8,10,0,,,,,,,,
20,8,10,2,2457,2170,1149,1056,1552,1047,,
16,8,11,1,5749,1347,892,1435,827,3163,,
0,8,11,0,,,,,,,,
0,8,11,0,,,,,,,,
0,8,12,0,,,,,,,,
11,8,12,2,1395,6048,1056,1374,1863,1434,,
0,8,12,0,,,,,,,,
51,8,13,1,627,3904,2197,1145,928,253,,
0,8,13,0,,,,,,,,
0,8,13,0,,,,,,,,
0,8,14,0,,,,,,,,
58,8,14,2,886,867,3842,2338,970,,3141,
0,8,14,0,,,,,,,,
56,8,15,1,424,3498,573,1165,1252,2732,,
0,8,15,0,,,,,,,,
0,8,15,0,,,,,,,,
0,8,16,0,,,,,,,,
18,8,16,2,6289,2760,2351,241,1212,3707,,
0,8,16,0,,,,,,,,
65,8,17,1,774,707,8688,1085,963,2714,,
0,8,17,0,,,,,,,,
0,8,17,0,,,,,,,,
0,8,18,0,,,,,,,,
13,8,18,2,947,7664,587,4297,,3746,,
0,8,18,0,,,,,,,,
21,8,19,1,732,4747,1173,,4032,1870,,
0,8,19,0,,,,,,,,
0,8,19,0,,,,,,,,
0,8,20,0,,,,,,,,
5,8,20,2,4445,1915,3228,2235,,2919,,
0,8,20,0,,,,,,,,
64,8,21,1,609,1258,2902,1733,704,3833,,
0,8,21,0,,,,,,,,
0,8,21,0,,,,,,,,
0,8,22,0,,,,,,,,
33,8,22,2,3192,4560,1918,1426,,3710,,
0,8,22,0,,,,,,,,
41,8,23,1,2771,902,2904,1741,1541,2035,,
0,8,23,0,,,,,,,,
0,8,23,0,,,,,,,,
0,8,24,0,,,,,,,,
26,8,24,2,3248,1033,766,1929,,208,,
0,8,24,0,,,,,,,,
6,8,25,1,2717,2604,2924,1881,,6683,,
0,8,25,0,,,,,,,,
0,8,25,0,,,,,,,,
0,8,26,0,,,,,,,,
49,8,26,2,353,3377,1501,1509,3170,2723,,
0,8,26,0,,,,,,,,
12,8,27,1,834,7106,4108,2011,183,4533,,
0,8,27,0,,,,,,,,
0,8,27,0,,,,,,,,
0,8,28,0,,,,,,,,
28,8,28,2,4414,1931,6351,313,971,5171,,
0,8,28,0,,,,,,,,
30,8,29,1,5470,869,2154,1404,233,3283,,
0,8,29,0,,,,,,,,
0,8,29,0,,,,,,,,
0,8,30,0,,,,,,,,
53,8,30,2,452,6550,258,3173,722,4410,,
0,8,30,0,,,,,,,,
50,8,31,1,357,11589,1150,2539,1396,2203,1349,
0,8,31,0,,,,,,,,
0,8,31,0,,,,,,,,
0,8,32,0,,,,,,,,
10,8,32,2,,7993,1925,948,,1867,,
0,8,32,0,,,,,,,,
15,9,1,1,2055,2816,6655,1572,,3355,,
0,9,1,0,,,,,,,,
0,9,1,0,,,,,,,,
0,9,2,0,,,,,,,,
0,9,2,0,,,,,,,,
63,9,2,2,2765,2861,2702,793,2841,4530,,
40,9,3,1,1219,2127,5040,1844,,4182,,
0,9,3,0,,,,,,,,
0,9,3,0,,,,,,,,
0,9,4,0,,,,,,,,
0,9,4,0,,,,,,,,
24,9,4,2,4038,2411,3714,,4736,1620,880,
34,9,5,1,860,4285,,2939,1565,2838,,
0,9,5,0,,,,,,,,
0,9,5,0,,,,,,,,
0,9,6,0,,,,,,,,
0,9,6,0,,,,,,,,
26,9,6,2,2695,391,2275,4420,2290,4593,,
7,9,7,1,1937,1459,2792,1814,2067,2585,,
0,9,7,0,,,,,,,,
0,9,7,0,,,,,,,,
0,9,8,0,,,,,,,,
0,9,8,0,,,,,,,,
43,9,8,2,2028,1781,1915,2711,1546,,,
60,9,9,1,1788,875,4282,1322,484,,4921,
0,9,9,0,,,,,,,,
0,9,9,0,,,,,,,,
0,9,10,0,,,,,,,,
0,9,10,0,,,,,,,,
33,9,10,2,2085,1943,,,2392,7159,,
31,9,11,1,1823,3245,2113,3902,5243,2768,,
0,9,11,0,,,,,,,,
0,9,11,0,,,,,,,,
0,9,12,0,,,,,,,,
21,9,12,2,2776,8586,810,4488,,3731,,
0,9,12,0,,,,,,,,
64,9,13,1,1718,3000,1976,2283,,7598,,
0,9,13,0,,,,,,,,
0,9,13,0,,,,,,,,
0,9,14,0,,,,,,,,
66,9,14,2,2268,622,2840,1305,156,,5097,
0,9,14,0,,,,,,,,
61,9,15,1,1444,1318,1682,1402,985,1425,,
0,9,15,0,,,,,,,,
0,9,15,0,,,,,,,,
0,9,16,0,,,,,,,,
53,9,16,2,2612,579,3759,1584,,2620,,
0,9,16,0,,,,,,,,
51,9,17,1,1494,2827,2867,2560,2025,2280,,
0,9,17,0,,,,,,,,
0,9,17,0,,,,,,,,
0,9,18,0,,,,,,,,
9,9,18,2,2803,4072,3257,2845,1694,3320,,
0,9,18,0,,,,,,,,
20,9,19,1,2353,2149,2688,1151,1569,2207,,
0,9,19,0,,,,,,,,
0,9,19,0,,,,,,,,
0,9,20,0,,,,,,,,
36,9,20,2,3004,,1943,,,9669,,
0,9,20,0,,,,,,,,
14,9,21,1,2897,1353,1754,3301,1188,886,348,
0,9,21,0,,,,,,,,
0,9,21,0,,,,,,,,
0,9,22,0,,,,,,,,
17,9,22,2,2237,2592,652,2562,4055,2613,,
0,9,22,0,,,,,,,,
59,9,23,1,2462,,4572,1462,1288,4370,,
0,9,23,0,,,,,,,,
0,9,23,0,,,,,,,,
0,9,24,0,,,,,,,,
39,9,24,2,3464,1923,988,1449,1677,,,
0,9,24,0,,,,,,,,
32,9,25,1,2748,1432,3233,853,2040,4276,,
0,9,25,0,,,,,,,,
0,9,25,0,,,,,,,,
0,9,26,0,,,,,,,,
67,9,26,2,3477,3414,,3305,3077,3928,,
0,9,26,0,,,,,,,,
56,9,27,1,2117,2418,2624,,2355,3696,,
0,9,27,0,,,,,,,,
0,9,27,0,,,,,,,,
0,9,28,0,,,,,,,,
22,9,28,2,3026,1766,2744,4564,211,5624,,
0,9,28,0,,,,,,,,
46,9,29,1,2488,2887,3495,958,2345,1837,,
0,9,29,0,,,,,,,,
0,9,29,0,,,,,,,,
0,9,30,0,,,,,,,,
5,9,30,2,3704,2146,5267,7674,2398,4837,,
0,9,30,0,,,,,,,,
10,9,31,1,1604,3165,2128,1327,1491,3072,,
0,9,31,0,,,,,,,,
0,9,31,0,,,,,,,,
0,9,32,0,,,,,,,,
28,9,32,2,1896,2686,3338,2418,,2270,,
0,9,32,0,,,,,,,,
35,10,1,1,2379,2137,1696,2647,,3305,,
0,10,1,0,,,,,,,,
0,10,1,0,,,,,,,,
0,10,2,0,,,,,,,,
0,10,2,0,,,,,,,,
45,10,2,2,2724,1979,1646,2320,2165,1717,,
30,10,3,1,3354,1465,2022,2567,,2803,,
0,10,3,0,,,,,,,,
0,10,3,0,,,,,,,,
0,10,4,0,,,,,,,,
0,10,4,0,,,,,,,,
33,10,4,2,2182,3027,3915,1834,1594,1729,,
21,10,5,1,2885,1692,1626,1578,935,1053,,
0,10,5,0,,,,,,,,
0,10,5,0,,,,,,,,
0,10,6,0,,,,,,,,
0,10,6,0,,,,,,,,
50,10,6,2,1888,1848,2591,2453,1316,1438,,
58,10,7,1,2282,1523,2061,1707,1243,719,,
0,10,7,0,,,,,,,,
0,10,7,0,,,,,,,,
0,10,8,0,,,,,,,,
0,10,8,0,,,,,,,,
47,10,8,2,1230,2212,2287,1441,1598,1363,,
65,10,9,1,1274,2541,1560,1145,,2074,,
0,10,9,0,,,,,,,,
0,10,9,0,,,,,,,,
0,10,10,0,,,,,,,,
0,10,10,0,,,,,,,,
8,10,10,2,,4315,1475,1165,1738,1536,,
29,10,11,1,2367,1774,1961,118,,7719,,
0,10,11,0,,,,,,,,
0,10,11,0,,,,,,,,
0,10,12,0,,,,,,,,
39,10,12,2,1547,2740,1502,2105,191,2689,,
0,10,12,0,,,,,,,,
55,10,13,1,2551,1281,1906,2163,1801,768,,
0,10,13,0,,,,,,,,
0,10,13,0,,,,,,,,
0,10,14,0,,,,,,,,
17,10,14,2,2254,1224,2445,1421,1592,7599,,
0,10,14,0,,,,,,,,
61,10,15,1,1668,1101,2073,2140,2200,1084,,
0,10,15,0,,,,,,,,
0,10,15,0,,,,,,,,
0,10,16,0,,,,,,,,
57,10,16,2,2322,2629,2360,1602,1303,813,,
0,10,16,0,,,,,,,,
64,10,17,1,2211,1679,1788,1002,770,3294,,
0,10,17,0,,,,,,,,
0,10,17,0,,,,,,,,
0,10,18,0,,,,,,,,
32,10,18,2,1550,2126,2783,1536,1228,2165,,
0,10,18,0,,,,,,,,
14,10,19,1,2329,3920,1945,1860,1676,1789,,
0,10,19,0,,,,,,,,
0,10,19,0,,,,,,,,
0,10,20,0,,,,,,,,
12,10,20,2,3402,4524,1925,2956,805,1107,,
0,10,20,0,,,,,,,,
49,10,21,1,2039,1217,1135,1480,1341,1599,,
0,10,21,0,,,,,,,,
0,10,21,0,,,,,,,,
0,10,22,0,,,,,,,,
25,10,22,2,1663,1418,1753,997,2331,960,,
0,10,22,0,,,,,,,,
40,10,23,1,2197,1491,1758,1139,1464,2502,,
0,10,23,0,,,,,,,,
0,10,23,0,,,,,,,,
0,10,24,0,,,,,,,,
26,10,24,2,2381,1359,1267,1165,209,2807,,
0,10,24,0,,,,,,,,
44,10,25,1,2439,1802,2623,2371,1215,1274,,
0,10,25,0,,,,,,,,
0,10,25,0,,,,,,,,
0,10,26,0,,,,,,,,
54,10,26,2,1460,1209,1725,1646,2546,1535,,
0,10,26,0,,,,,,,,
53,10,27,1,2778,1739,2355,1298,429,2812,,
0,10,27,0,,,,,,,,
0,10,27,0,,,,,,,,
0,10,28,0,,,,,,,,
60,10,28,2,2340,2073,2199,2962,1125,2038,,
0,10,28,0,,,,,,,,
5,10,29,1,2798,2139,2408,1566,2221,1684,,
0,10,29,0,,,,,,,,
0,10,29,0,,,,,,,,
0,10,30,0,,,,,,,,
52,10,30,2,2295,1944,1349,1948,1502,2532,,
0,10,30,0,,,,,,,,
6,10,31,1,2754,3412,6130,1710,1792,1492,,
0,10,31,0,,,,,,,,
0,10,31,0,,,,,,,,
0,10,32,0,,,,,,,,
23,10,32,2,2075,2283,1688,1636,1109,1254,,
0,10,32,0,,,,,,,,
10,11,1,1,3091,1527,1628,918,,3077,,
0,11,1,0,,,,,,,,
0,11,1,0,,,,,,,,
0,11,2,0,,,,,,,,
0,11,2,0,,,,,,,,
22,11,2,2,1363,1848,2017,3175,3401,764,,
57,11,3,1,1231,1687,832,704,594,1526,,
0,11,3,0,,,,,,,,
0,11,3,0,,,,,,,,
0,11,4,0,,,,,,,,
0,11,4,0,,,,,,,,
61,11,4,2,777,2804,1733,858,1492,2171,,
46,11,5,1,834,128,1654,775,694,1354,,
0,11,5,0,,,,,,,,
0,11,5,0,,,,,,,,
0,11,6,0,,,,,,,,
0,11,6,0,,,,,,,,
64,11,6,2,1370,736,1662,684,687,1569,,
17,11,7,1,1292,1391,2116,1063,1232,1297,,
0,11,7,0,,,,,,,,
0,11,7,0,,,,,,,,
0,11,8,0,,,,,,,,
0,11,8,0,,,,,,,,
6,11,8,2,1648,1904,831,1603,1564,2576,,
29,11,9,1,848,1025,1158,1598,223,3973,,
0,11,9,0,,,,,,,,
0,11,9,0,,,,,,,,
0,11,10,0,,,,,,,,
0,11,10,0,,,,,,,,
44,11,10,2,952,1305,903,928,1277,1541,,
24,11,11,1,1220,1780,1837,650,,3249,,
0,11,11,0,,,,,,,,
0,11,11,0,,,,,,,,
0,11,12,0,,,,,,,,
26,11,12,2,729,1099,1173,1767,921,2338,,
0,11,12,0,,,,,,,,
51,11,13,1,1363,1357,1006,780,1431,1682,,
0,11,13,0,,,,,,,,
0,11,13,0,,,,,,,,
0,11,14,0,,,,,,,,
52,11,14,2,839,698,847,2815,744,960,,
0,11,14,0,,,,,,,,
34,11,15,1,948,1225,225,1641,854,633,,
0,11,15,0,,,,,,,,
0,11,15,0,,,,,,,,
0,11,16,0,,,,,,,,
33,11,16,2,1500,935,1366,305,3394,1141,,
0,11,16,0,,,,,,,,
20,11,17,1,2081,1889,3371,989,858,1115,,
0,11,17,0,,,,,,,,
0,11,17,0,,,,,,,,
0,11,18,0,,,,,,,,
12,11,18,2,1248,1902,2286,2678,1401,2566,,
0,11,18,0,,,,,,,,
21,11,19,1,1332,2422,1433,754,1088,1267,,
0,11,19,0,,,,,,,,
0,11,19,0,,,,,,,,
0,11,20,0,,,,,,,,
67,11,20,2,1226,1537,2406,1864,1430,1226,,
0,11,20,0,,,,,,,,
32,11,21,1,1405,813,1439,839,1721,1252,,
0,11,21,0,,,,,,,,
0,11,21,0,,,,,,,,
0,11,22,0,,,,,,,,
13,11,22,2,1428,414,1914,1065,1349,1164,,
0,11,22,0,,,,,,,,
54,11,23,1,1203,761,689,1520,819,1583,,
0,11,23,0,,,,,,,,
0,11,23,0,,,,,,,,
0,11,24,0,,,,,,,,
25,11,24,2,1332,1541,1586,1324,,3799,,
0,11,24,0,,,,,,,,
39,11,25,1,1400,1357,1240,935,795,1861,,
0,11,25,0,,,,,,,,
0,11,25,0,,,,,,,,
0,11,26,0,,,,,,,,
55,11,26,2,651,690,711,1314,1455,1308,,
0,11,26,0,,,,,,,,
50,11,27,1,1088,900,688,664,255,2079,,
0,11,27,0,,,,,,,,
0,11,27,0,,,,,,,,
0,11,28,0,,,,,,,,
48,11,28,2,1564,920,2022,906,1662,2867,,
0,11,28,0,,,,,,,,
40,11,29,1,1417,2135,1763,912,1606,896,,
0,11,29,0,,,,,,,,
0,11,29,0,,,,,,,,
0,11,30,0,,,,,,,,
31,11,30,2,2324,1656,2415,589,1230,1398,,
0,11,30,0,,,,,,,,
53,11,31,1,1184,1543,1820,1163,2134,837,,
0,11,31,0,,,,,,,,
0,11,31,0,,,,,,,,
0,11,32,0,,,,,,,,
35,11,32,2,754,642,1447,1347,1793,955,,
0,11,32,0,,,,,,,,
5,12,1,1,2446,2009,2135,1315,,4295,,
0,12,1,0,,,,,,,,
0,12,1,0,,,,,,,,
0,12,2,0,,,,,,,,
0,12,2,0,,,,,,,,
46,12,2,2,1549,3314,1377,1122,1320,1913,,
55,12,3,1,1493,1118,1056,1244,811,1148,,
0,12,3,0,,,,,,,,
0,12,3,0,,,,,,,,
0,12,4,0,,,,,,,,
0,12,4,0,,,,,,,,
34,12,4,2,1192,1766,1343,1372,320,2791,,
31,12,5,1,2375,2048,2764,804,1181,2317,,
0,12,5,0,,,,,,,,
0,12,5,0,,,,,,,,
0,12,6,0,,,,,,,,
0,12,6,0,,,,,,,,
61,12,6,2,1364,1581,1387,915,1731,2867,,
17,12,7,1,1783,1170,1380,1419,1761,2225,,
0,12,7,0,,,,,,,,
0,12,7,0,,,,,,,,
0,12,8,0,,,,,,,,
0,12,8,0,,,,,,,,
38,12,8,2,1641,1216,894,926,839,1633,,
23,12,9,1,1017,1723,908,859,185,3217,,
0,12,9,0,,,,,,,,
0,12,9,0,,,,,,,,
0,12,10,0,,,,,,,,
0,12,10,0,,,,,,,,
12,12,10,2,1715,1153,1359,1120,1414,2741,,
67,12,11,1,1556,3068,2540,1248,,1941,,
0,12,11,0,,,,,,,,
0,12,11,0,,,,,,,,
0,12,12,0,,,,,,,,
11,12,12,2,1257,1713,1272,1900,,3453,,
0,12,12,0,,,,,,,,
15,12,13,1,1819,1126,1535,1263,,6620,,
0,12,13,0,,,,,,,,
0,12,13,0,,,,,,,,
0,12,14,0,,,,,,,,
41,12,14,2,1296,1183,3388,373,1462,3168,,
0,12,14,0,,,,,,,,
26,12,15,1,1776,1399,1162,1948,1635,1730,,
0,12,15,0,,,,,,,,
0,12,15,0,,,,,,,,
0,12,16,0,,,,,,,,
33,12,16,2,2378,1391,2236,1232,1550,1837,,
0,12,16,0,,,,,,,,
48,12,17,1,2957,3119,2299,1018,899,1646,,
0,12,17,0,,,,,,,,
0,12,17,0,,,,,,,,
0,12,18,0,,,,,,,,
42,12,18,2,1192,2100,1339,1836,774,1579,,
0,12,18,0,,,,,,,,
66,12,19,1,1942,1835,1213,913,1359,1693,,
0,12,19,0,,,,,,,,
0,12,19,0,,,,,,,,
0,12,20,0,,,,,,,,
22,12,20,2,2182,2714,1380,1038,1102,1219,,
0,12,20,0,,,,,,,,
58,12,21,1,2652,822,1027,1006,860,942,,
0,12,21,0,,,,,,,,
0,12,21,0,,,,,,,,
0,12,22,0,,,,,,,,
8,12,22,2,1590,1753,2048,5052,989,1550,,
0,12,22,0,,,,,,,,
57,12,23,1,1488,975,1503,915,705,1340,,
0,12,23,0,,,,,,,,
0,12,23,0,,,,,,,,
0,12,24,0,,,,,,,,
21,12,24,2,1953,1166,1647,1161,,3821,,
0,12,24,0,,,,,,,,
14,12,25,1,1846,2146,1972,1017,,3626,,
0,12,25,0,,,,,,,,
0,12,25,0,,,,,,,,
0,12,26,0,,,,,,,,
19,12,26,2,2100,2407,3484,1431,1135,,,
0,12,26,0,,,,,,,,
30,12,27,1,2653,1346,2370,994,409,,,
0,12,27,0,,,,,,,,
0,12,27,0,,,,,,,,
0,12,28,0,,,,,,,,
10,12,28,2,1551,1750,1565,1837,2463,3880,,
0,12,28,0,,,,,,,,
9,12,29,1,2137,1510,2099,1551,3736,3290,,
0,12,29,0,,,,,,,,
0,12,29,0,,,,,,,,
0,12,30,0,,,,,,,,
63,12,30,2,2337,1636,1760,2948,901,1608,,
0,12,30,0,,,,,,,,
49,12,31,1,1431,1482,1053,2137,945,1445,,
0,12,31,0,,,,,,,,
0,12,31,0,,,,,,,,
0,12,32,0,,,,,,,,
45,12,32,2,2111,2548,2877,1567,1028,1466,,
0,12,32,0,,,,,,,,
27,13,1,1,1898,2174,1414,1716,,2971,,
0,13,1,0,,,,,,,,
0,13,1,0,,,,,,,,
0,13,2,0,,,,,,,,
0,13,2,0,,,,,,,,
44,13,2,2,2392,2200,2215,2221,8804,3035,,
58,13,3,1,2334,1557,1831,1660,,7019,,
0,13,3,0,,,,,,,,
0,13,3,0,,,,,,,,
0,13,4,0,,,,,,,,
0,13,4,0,,,,,,,,
52,13,4,2,1991,2762,2130,2340,2369,3702,,
10,13,5,1,867,2880,2361,1469,1345,3659,,
0,13,5,0,,,,,,,,
0,13,5,0,,,,,,,,
0,13,6,0,,,,,,,,
0,13,6,0,,,,,,,,
14,13,6,2,2571,4301,1770,1528,1003,1641,,
41,13,7,1,1916,1454,1955,1555,1356,1588,,
0,13,7,0,,,,,,,,
0,13,7,0,,,,,,,,
0,13,8,0,,,,,,,,
0,13,8,0,,,,,,,,
12,13,8,2,1042,3582,1692,1634,1692,4042,,
21,13,9,1,1852,2263,2438,1193,139,3995,,
0,13,9,0,,,,,,,,
0,13,9,0,,,,,,,,
0,13,10,0,,,,,,,,
0,13,10,0,,,,,,,,
56,13,10,2,1377,1650,1374,1624,1378,1508,,
7,13,11,1,1564,556,3495,339,1414,3089,,
0,13,11,0,,,,,,,,
0,13,11,0,,,,,,,,
0,13,12,0,,,,,,,,
8,13,12,2,1584,1939,2194,3527,,2272,,
0,13,12,0,,,,,,,,
54,13,13,1,2921,5839,3418,2213,2426,2556,,
0,13,13,0,,,,,,,,
0,13,13,0,,,,,,,,
0,13,14,0,,,,,,,,
15,13,14,2,1776,1104,2142,1741,1513,2790,,
0,13,14,0,,,,,,,,
30,13,15,1,1440,1212,1224,630,3331,1412,,
0,13,15,0,,,,,,,,
0,13,15,0,,,,,,,,
0,13,16,0,,,,,,,,
28,13,16,2,2114,2404,2438,2015,1062,1349,,
0,13,16,0,,,,,,,,
20,13,17,1,2366,2219,5523,1387,1117,1952,,
0,13,17,0,,,,,,,,
0,13,17,0,,,,,,,,
0,13,18,0,,,,,,,,
47,13,18,2,2427,2406,1369,1326,1195,1667,,
0,13,18,0,,,,,,,,
38,13,19,1,4682,1742,2149,1381,1468,4533,,
0,13,19,0,,,,,,,,
0,13,19,0,,,,,,,,
0,13,20,0,,,,,,,,
66,13,20,2,2041,1895,2664,2841,1251,1921,,
0,13,20,0,,,,,,,,
50,13,21,1,2009,1904,2113,2877,1870,1638,,
0,13,21,0,,,,,,,,
0,13,21,0,,,,,,,,
0,13,22,0,,,,,,,,
32,13,22,2,2304,1563,1912,1282,1711,1898,,
0,13,22,0,,,,,,,,
45,13,23,1,1884,6382,1660,2068,1614,1710,,
0,13,23,0,,,,,,,,
0,13,23,0,,,,,,,,
0,13,24,0,,,,,,,,
49,13,24,2,2603,2112,1993,1039,,3224,,
0,13,24,0,,,,,,,,
65,13,25,1,2434,1956,3276,,2691,1368,,
0,13,25,0,,,,,,,,
0,13,25,0,,,,,,,,
0,13,26,0,,,,,,,,
23,13,26,2,2740,1457,1556,1747,2741,1567,,
0,13,26,0,,,,,,,,
60,13,27,1,1915,1786,2067,1850,241,3923,,
0,13,27,0,,,,,,,,
0,13,27,0,,,,,,,,
0,13,28,0,,,,,,,,
33,13,28,2,2085,1449,1793,1484,1367,2589,,
0,13,28,0,,,,,,,,
48,13,29,1,2035,2098,2098,1440,1914,1255,,
0,13,29,0,,,,,,,,
0,13,29,0,,,,,,,,
0,13,30,0,,,,,,,,
37,13,30,2,3648,2269,2075,1842,1368,2134,,
0,13,30,0,,,,,,,,
42,13,31,1,2251,1891,1810,2644,1644,1933,,
0,13,31,0,,,,,,,,
0,13,31,0,,,,,,,,
0,13,32,0,,,,,,,,
17,13,32,2,1662,1692,1733,1424,1601,1011,,
0,13,32,0,,,,,,,,
22,14,1,1,1378,1254,1475,749,,3702,,
0,14,1,0,,,,,,,,
0,14,1,0,,,,,,,,
0,14,2,0,,,,,,,,
0,14,2,0,,,,,,,,
8,14,2,2,1897,1874,2138,1666,1437,4082,,
57,14,3,1,2230,1523,1035,1048,679,1805,,
0,14,3,0,,,,,,,,
0,14,3,0,,,,,,,,
0,14,4,0,,,,,,,,
0,14,4,0,,,,,,,,
13,14,4,2,1399,1782,1360,1262,1384,2647,,
44,14,5,1,3274,1363,1437,993,644,2403,,
0,14,5,0,,,,,,,,
0,14,5,0,,,,,,,,
0,14,6,0,,,,,,,,
0,14,6,0,,,,,,,,
18,14,6,2,928,1191,1292,701,1105,1537,,
24,14,7,1,2002,1482,1293,892,589,3471,,
0,14,7,0,,,,,,,,
0,14,7,0,,,,,,,,
0,14,8,0,,,,,,,,
0,14,8,0,,,,,,,,
39,14,8,2,833,828,760,788,1019,2335,,
5,14,9,1,1276,1198,1050,897,223,4374,,
0,14,9,0,,,,,,,,
0,14,9,0,,,,,,,,
0,14,10,0,,,,,,,,
0,14,10,0,,,,,,,,
15,14,10,2,1752,1321,1022,1154,1460,3159,,
32,14,11,1,1534,1229,1459,501,,2598,,
0,14,11,0,,,,,,,,
0,14,11,0,,,,,,,,
0,14,12,0,,,,,,,,
46,14,12,2,1111,1503,1412,1059,1187,2024,,
0,14,12,0,,,,,,,,
49,14,13,1,1613,1176,1421,1010,1797,1795,,
0,14,13,0,,,,,,,,
0,14,13,0,,,,,,,,
0,14,14,0,,,,,,,,
65,14,14,2,527,1080,959,1857,402,3085,,
0,14,14,0,,,,,,,,
17,14,15,1,1127,1047,962,1232,1456,1150,,
0,14,15,0,,,,,,,,
0,14,15,0,,,,,,,,
0,14,16,0,,,,,,,,
43,14,16,2,1191,1135,1788,1182,813,1962,,
0,14,16,0,,,,,,,,
26,14,17,1,1275,1108,1054,833,963,3195,,
0,14,17,0,,,,,,,,
0,14,17,0,,,,,,,,
0,14,18,0,,,,,,,,
41,14,18,2,1191,1742,1237,1165,939,1359,,
0,14,18,0,,,,,,,,
12,14,19,1,1324,1854,2943,1245,1727,3011,,
0,14,19,0,,,,,,,,
0,14,19,0,,,,,,,,
0,14,20,0,,,,,,,,
53,14,20,2,1354,1340,2377,1337,1026,2028,,
0,14,20,0,,,,,,,,
61,14,21,1,1752,883,1312,1603,,2255,,
0,14,21,0,,,,,,,,
0,14,21,0,,,,,,,,
0,14,22,0,,,,,,,,
66,14,22,2,2845,1148,2765,1399,1622,1990,,
0,14,22,0,,,,,,,,
67,14,23,1,2273,2150,1691,1137,712,2747,,
0,14,23,0,,,,,,,,
0,14,23,0,,,,,,,,
0,14,24,0,,,,,,,,
55,14,24,2,1442,712,1415,624,,2443,,
0,14,24,0,,,,,,,,
52,14,25,1,944,954,857,972,762,2228,,
0,14,25,0,,,,,,,,
0,14,25,0,,,,,,,,
0,14,26,0,,,,,,,,
28,14,26,2,1471,1029,1164,893,1376,4289,,
0,14,26,0,,,,,,,,
60,14,27,1,2322,868,2741,1093,466,3034,,
0,14,27,0,,,,,,,,
0,14,27,0,,,,,,,,
0,14,28,0,,,,,,,,
10,14,28,2,2120,1525,1849,1337,194,4608,,
0,14,28,0,,,,,,,,
54,14,29,1,207,4001,1536,1094,113,4825,,
0,14,29,0,,,,,,,,
0,14,29,0,,,,,,,,
0,14,30,0,,,,,,,,
20,14,30,2,1690,2220,1696,1646,1629,2818,,
0,14,30,0,,,,,,,,
36,14,31,1,1686,1407,2263,819,1145,2291,,
0,14,31,0,,,,,,,,
0,14,31,0,,,,,,,,
0,14,32,0,,,,,,,,
21,14,32,2,976,1147,897,1761,1514,4705,,
0,14,32,0,,,,,,,,
63,15,1,1,1272,1414,732,1140,874,2061,,
0,15,1,0,,,,,,,,
0,15,1,0,,,,,,,,
0,15,2,0,,,,,,,,
0,15,2,0,,,,,,,,
23,15,2,2,1396,1110,2421,1919,1365,464,,
41,15,3,1,1403,825,849,870,809,877,,
0,15,3,0,,,,,,,,
0,15,3,0,,,,,,,,
0,15,4,0,,,,,,,,
0,15,4,0,,,,,,,,
45,15,4,2,1287,1265,1402,1105,779,1580,,
39,15,5,1,1081,653,524,802,741,784,,
0,15,5,0,,,,,,,,
0,15,5,0,,,,,,,,
0,15,6,0,,,,,,,,
0,15,6,0,,,,,,,,
10,15,6,2,1361,1244,1108,1063,929,,,
5,15,7,1,1727,889,841,898,1104,1892,,
0,15,7,0,,,,,,,,
0,15,7,0,,,,,,,,
0,15,8,0,,,,,,,,
0,15,8,0,,,,,,,,
55,15,8,2,974,1155,1052,921,1097,1019,,
59,15,9,1,1196,1150,1011,885,,1728,,
0,15,9,0,,,,,,,,
0,15,9,0,,,,,,,,
0,15,10,0,,,,,,,,
0,15,10,0,,,,,,,,
57,15,10,2,1300,1807,1719,1947,1326,1285,,
65,15,11,1,1449,2265,2356,1167,,2244,,
0,15,11,0,,,,,,,,
0,15,11,0,,,,,,,,
0,15,12,0,,,,,,,,
26,15,12,2,848,947,1181,662,,3250,,
0,15,12,0,,,,,,,,
30,15,13,1,1238,673,1374,619,973,2014,,
0,15,13,0,,,,,,,,
0,15,13,0,,,,,,,,
0,15,14,0,,,,,,,,
53,15,14,2,934,571,1305,1086,1151,852,,
0,15,14,0,,,,,,,,
43,15,15,1,796,736,638,1017,724,953,,
0,15,15,0,,,,,,,,
0,15,15,0,,,,,,,,
0,15,16,0,,,,,,,,
18,15,16,2,1469,767,2777,1077,574,864,,
0,15,16,0,,,,,,,,
8,15,17,1,1279,1181,1320,1039,1015,1709,,
0,15,17,0,,,,,,,,
0,15,17,0,,,,,,,,
0,15,18,0,,,,,,,,
37,15,18,2,1085,832,939,2222,953,1100,,
0,15,18,0,,,,,,,,
27,15,19,1,1228,1164,1206,1015,1000,1537,,
0,15,19,0,,,,,,,,
0,15,19,0,,,,,,,,
0,15,20,0,,,,,,,,
49,15,20,2,1637,1140,1768,945,859,507,,
0,15,20,0,,,,,,,,
17,15,21,1,1369,1010,870,1333,864,871,,
0,15,21,0,,,,,,,,
0,15,21,0,,,,,,,,
0,15,22,0,,,,,,,,
54,15,22,2,837,935,1879,1094,1155,704,,
0,15,22,0,,,,,,,,
22,15,23,1,1157,946,1000,982,744,690,,
0,15,23,0,,,,,,,,
0,15,23,0,,,,,,,,
0,15,24,0,,,,,,,,
7,15,24,2,1889,1135,1352,1079,,3022,,
0,15,24,0,,,,,,,,
12,15,25,1,1311,1190,1490,1615,975,2536,,
0,15,25,0,,,,,,,,
0,15,25,0,,,,,,,,
0,15,26,0,,,,,,,,
36,15,26,2,1325,1942,1007,777,1089,846,,
0,15,26,0,,,,,,,,
9,15,27,1,1409,1279,1116,878,1307,3382,,
0,15,27,0,,,,,,,,
0,15,27,0,,,,,,,,
0,15,28,0,,,,,,,,
20,15,28,2,1290,1086,1482,2939,312,2273,,
0,15,28,0,,,,,,,,
19,15,29,1,1862,1182,1932,1184,1271,983,,
0,15,29,0,,,,,,,,
0,15,29,0,,,,,,,,
0,15,30,0,,,,,,,,
33,15,30,2,1574,1426,1300,1234,1023,772,,
0,15,30,0,,,,,,,,
62,15,31,1,908,1289,1005,1105,786,546,,
0,15,31,0,,,,,,,,
0,15,31,0,,,,,,,,
0,15,32,0,,,,,,,,
25,15,32,2,1166,1014,2343,1558,1271,654,,
0,15,32,0,,,,,,,,
59,16,1,1,301,4898,1185,1369,1368,3087,,
0,16,1,0,,,,,,,,
0,16,1,0,,,,,,,,
0,16,2,0,,,,,,,,
0,16,2,0,,,,,,,,
19,16,2,2,2196,2004,1487,2451,2016,1394,,
33,16,3,1,2890,2139,1849,2230,,5011,,
0,16,3,0,,,,,,,,
0,16,3,0,,,,,,,,
0,16,4,0,,,,,,,,
0,16,4,0,,,,,,,,
24,16,4,2,1408,1932,1539,1249,1609,2847,,
5,16,5,1,2325,2030,1692,1917,1275,2519,,
0,16,5,0,,,,,,,,
0,16,5,0,,,,,,,,
0,16,6,0,,,,,,,,
0,16,6,0,,,,,,,,
31,16,6,2,1778,1449,1515,,3669,5297,,
41,16,7,1,1770,1335,2278,1609,1062,2384,,
0,16,7,0,,,,,,,,
0,16,7,0,,,,,,,,
0,16,8,0,,,,,,,,
0,16,8,0,,,,,,,,
47,16,8,2,1726,2234,996,1441,1326,2129,,
49,16,9,1,1399,1997,993,1238,,2694,,
0,16,9,0,,,,,,,,
0,16,9,0,,,,,,,,
0,16,10,0,,,,,,,,
0,16,10,0,,,,,,,,
37,16,10,2,1672,1775,1635,1556,1024,1504,,
15,16,11,1,1880,1740,1407,1334,156,2645,,
0,16,11,0,,,,,,,,
0,16,11,0,,,,,,,,
0,16,12,0,,,,,,,,
36,16,12,2,1752,2012,1492,1890,,5437,,
0,16,12,0,,,,,,,,
26,16,13,1,93,3548,1703,1393,,3318,,
0,16,13,0,,,,,,,,
0,16,13,0,,,,,,,,
0,16,14,0,,,,,,,,
14,16,14,2,2346,2085,1224,1489,2087,3650,,
0,16,14,0,,,,,,,,
45,16,15,1,1463,998,1514,1775,2624,1697,,
0,16,15,0,,,,,,,,
0,16,15,0,,,,,,,,
0,16,16,0,,,,,,,,
7,16,16,2,2452,2133,2807,1518,1180,2117,,
0,16,16,0,,,,,,,,
18,16,17,1,2160,2913,1657,2109,2138,2938,,
0,16,17,0,,,,,,,,
0,16,17,0,,,,,,,,
0,16,18,0,,,,,,,,
46,16,18,2,1694,2079,2613,2014,1727,3212,,
0,16,18,0,,,,,,,,
13,16,19,1,2021,3366,2566,1343,1573,3332,,
0,16,19,0,,,,,,,,
0,16,19,0,,,,,,,,
0,16,20,0,,,,,,,,
23,16,20,2,1993,2136,2007,1928,1089,1665,,
0,16,20,0,,,,,,,,
27,16,21,1,2524,1089,2041,1716,1596,1607,,
0,16,21,0,,,,,,,,
0,16,21,0,,,,,,,,
0,16,22,0,,,,,,,,
30,16,22,2,1443,1471,1372,1323,1086,1872,,
0,16,22,0,,,,,,,,
28,16,23,1,2112,1612,1470,1609,1426,2358,,
0,16,23,0,,,,,,,,
0,16,23,0,,,,,,,,
0,16,24,0,,,,,,,,
40,16,24,2,1918,1531,1364,1095,,3284,,
0,16,24,0,,,,,,,,
43,16,25,1,1678,1654,1457,1735,,2301,,
0,16,25,0,,,,,,,,
0,16,25,0,,,,,,,,
0,16,26,0,,,,,,,,
53,16,26,2,1685,1279,1350,1258,1162,1502,,
0,16,26,0,,,,,,,,
8,16,27,1,2037,2287,2128,2096,389,4083,,
0,16,27,0,,,,,,,,
0,16,27,0,,,,,,,,
0,16,28,0,,,,,,,,
44,16,28,2,2704,1093,1416,1311,1535,2638,,
0,16,28,0,,,,,,,,
16,16,29,1,3709,1503,2268,1514,2217,2951,,
0,16,29,0,,,,,,,,
0,16,29,0,,,,,,,,
0,16,30,0,,,,,,,,
12,16,30,2,3236,2389,1976,2515,2201,3050,,
0,16,30,0,,,,,,,,
17,16,31,1,1624,1626,1762,2188,1093,1998,,
0,16,31,0,,,,,,,,
0,16,31,0,,,,,,,,
0,16,32,0,,,,,,,,
35,16,32,2,826,3515,2077,1369,1017,1242,,
0,16,32,0,,,,,,,,
63,17,1,1,2286,2660,1441,1545,851,1713,,
0,17,1,0,,,,,,,,
0,17,1,0,,,,,,,,
0,17,2,0,,,,,,,,
0,17,2,0,,,,,,,,
10,17,2,2,2766,2213,4358,1276,1167,1505,,
56,17,3,1,2247,820,1383,756,736,3567,,
0,17,3,0,,,,,,,,
0,17,3,0,,,,,,,,
0,17,4,0,,,,,,,,
0,17,4,0,,,,,,,,
26,17,4,2,1717,2911,3761,2547,1268,1435,,
44,17,5,1,2554,1603,910,1629,700,1298,,
0,17,5,0,,,,,,,,
0,17,5,0,,,,,,,,
0,17,6,0,,,,,,,,
0,17,6,0,,,,,,,,
27,17,6,2,2155,1728,1159,1874,1078,1782,,
22,17,7,1,2413,1340,1776,1686,1076,3006,,
0,17,7,0,,,,,,,,
0,17,7,0,,,,,,,,
0,17,8,0,,,,,,,,
0,17,8,0,,,,,,,,
60,17,8,2,1387,1210,925,828,1055,,,
18,17,9,1,1606,1334,1148,416,,1556,,
0,17,9,0,,,,,,,,
0,17,9,0,,,,,,,,
0,17,10,0,,,,,,,,
0,17,10,0,,,,,,,,
17,17,10,2,1341,1392,764,930,918,1901,,
36,17,11,1,123,2738,1496,1653,173,2028,,
0,17,11,0,,,,,,,,
0,17,11,0,,,,,,,,
0,17,12,0,,,,,,,,
42,17,12,2,2086,1464,995,605,1374,1966,,
0,17,12,0,,,,,,,,
57,17,13,1,2216,1548,1700,933,1219,374,,
0,17,13,0,,,,,,,,
0,17,13,0,,,,,,,,
0,17,14,0,,,,,,,,
20,17,14,2,1827,1095,1305,1367,1083,487,,
0,17,14,0,,,,,,,,
16,17,15,1,2541,2224,1347,1145,1333,1240,,
0,17,15,0,,,,,,,,
0,17,15,0,,,,,,,,
0,17,16,0,,,,,,,,
15,17,16,2,1659,2292,2635,2062,1228,629,,
0,17,16,0,,,,,,,,
6,17,17,1,1646,2655,1715,1611,573,1284,,
0,17,17,0,,,,,,,,
0,17,17,0,,,,,,,,
0,17,18,0,,,,,,,,
37,17,18,2,2193,1938,1250,920,849,936,,
0,17,18,0,,,,,,,,
48,17,19,1,2231,1173,1328,609,1510,892,,
0,17,19,0,,,,,,,,
0,17,19,0,,,,,,,,
0,17,20,0,,,,,,,,
23,17,20,2,3968,1807,1813,1835,846,1748,,
0,17,20,0,,,,,,,,
43,17,21,1,1544,631,971,1109,1097,2345,,
0,17,21,0,,,,,,,,
0,17,21,0,,,,,,,,
0,17,22,0,,,,,,,,
13,17,22,2,2045,2442,2843,4072,750,2383,,
0,17,22,0,,,,,,,,
12,17,23,1,2010,2263,1339,901,984,1022,,
0,17,23,0,,,,,,,,
0,17,23,0,,,,,,,,
0,17,24,0,,,,,,,,
25,17,24,2,2079,1211,1018,938,211,1871,,
0,17,24,0,,,,,,,,
59,17,25,1,1875,1486,817,850,,2740,,
0,17,25,0,,,,,,,,
0,17,25,0,,,,,,,,
0,17,26,0,,,,,,,,
29,17,26,2,1650,1601,1270,1483,495,475,,
0,17,26,0,,,,,,,,
41,17,27,1,1608,2120,1454,589,160,2978,,
0,17,27,0,,,,,,,,
0,17,27,0,,,,,,,,
0,17,28,0,,,,,,,,
33,17,28,2,2379,1360,2473,1204,1895,5409,,
0,17,28,0,,,,,,,,
39,17,29,1,2050,1244,1241,641,1227,700,,
0,17,29,0,,,,,,,,
0,17,29,0,,,,,,,,
0,17,30,0,,,,,,,,
55,17,30,2,3177,1283,1635,1418,1189,1468,,
0,17,30,0,,,,,,,,
31,17,31,1,1851,3048,1036,1244,1260,952,,
0,17,31,0,,,,,,,,
0,17,31,0,,,,,,,,
0,17,32,0,,,,,,,,
14,17,32,2,1802,1383,865,944,821,540,,
0,17,32,0,,,,,,,,
6,18,1,1,3532,7544,2515,2623,,4005,,
0,18,1,0,,,,,,,,
0,18,1,0,,,,,,,,
0,18,2,0,,,,,,,,
0,18,2,0,,,,,,,,
42,18,2,2,3453,2316,1617,1834,3984,1794,,
63,18,3,1,2069,1748,1191,2713,,7567,,
0,18,3,0,,,,,,,,
0,18,3,0,,,,,,,,
0,18,4,0,,,,,,,,
0,18,4,0,,,,,,,,
12,18,4,2,1826,3417,6123,1465,2243,2533,,
48,18,5,1,2582,2302,1375,3911,1173,1901,,
0,18,5,0,,,,,,,,
0,18,5,0,,,,,,,,
0,18,6,0,,,,,,,,
0,18,6,0,,,,,,,,
59,18,6,2,1955,4055,2713,1358,1685,1425,,
22,18,7,1,1989,2188,1353,2728,1434,2940,,
0,18,7,0,,,,,,,,
0,18,7,0,,,,,,,,
0,18,8,0,,,,,,,,
0,18,8,0,,,,,,,,
47,18,8,2,1039,2418,856,748,986,5471,,
35,18,9,1,1591,2304,1941,1859,179,7174,,
0,18,9,0,,,,,,,,
0,18,9,0,,,,,,,,
0,18,10,0,,,,,,,,
0,18,10,0,,,,,,,,
16,18,10,2,1952,1321,3588,1052,2189,4757,,
14,18,11,1,1277,3312,1428,635,1788,3255,,
0,18,11,0,,,,,,,,
0,18,11,0,,,,,,,,
0,18,12,0,,,,,,,,
39,18,12,2,1511,2068,2690,3060,,7473,,
0,18,12,0,,,,,,,,
15,18,13,1,2200,1749,1887,2154,2074,4071,,
0,18,13,0,,,,,,,,
0,18,13,0,,,,,,,,
0,18,14,0,,,,,,,,
25,18,14,2,1271,1063,2368,2331,2890,5050,,
0,18,14,0,,,,,,,,
53,18,15,1,1219,917,1689,,638,8190,,
0,18,15,0,,,,,,,,
0,18,15,0,,,,,,,,
0,18,16,0,,,,,,,,
65,18,16,2,2703,2395,2395,889,4217,,,
0,18,16,0,,,,,,,,
27,18,17,1,1536,3191,2137,997,1207,5824,,
0,18,17,0,,,,,,,,
0,18,17,0,,,,,,,,
0,18,18,0,,,,,,,,
26,18,18,2,1009,2769,5225,1957,5010,2935,,
0,18,18,0,,,,,,,,
24,18,19,1,2076,2487,1986,2574,2721,2321,,
0,18,19,0,,,,,,,,
0,18,19,0,,,,,,,,
0,18,20,0,,,,,,,,
34,18,20,2,2232,2625,2260,1844,1073,2514,,
0,18,20,0,,,,,,,,
33,18,21,1,2644,2801,1828,1815,3191,2746,,
0,18,21,0,,,,,,,,
0,18,21,0,,,,,,,,
0,18,22,0,,,,,,,,
37,18,22,2,1655,2371,3171,1508,1637,1509,,
0,18,22,0,,,,,,,,
31,18,23,1,2024,1515,1326,1821,1245,8205,,
0,18,23,0,,,,,,,,
0,18,23,0,,,,,,,,
0,18,24,0,,,,,,,,
55,18,24,2,,3133,1218,936,,,,
0,18,24,0,,,,,,,,
20,18,25,1,1954,2314,1862,2180,1536,2342,,
0,18,25,0,,,,,,,,
0,18,25,0,,,,,,,,
0,18,26,0,,,,,,,,
58,18,26,2,2646,1036,2396,2380,1560,3337,,
0,18,26,0,,,,,,,,
32,18,27,1,2786,1711,1297,1276,2056,3496,,
0,18,27,0,,,,,,,,
0,18,27,0,,,,,,,,
0,18,28,0,,,,,,,,
51,18,28,2,2444,1270,3181,1321,1815,5175,,
0,18,28,0,,,,,,,,
21,18,29,1,4226,2167,2193,2257,2284,2329,,
0,18,29,0,,,,,,,,
0,18,29,0,,,,,,,,
0,18,30,0,,,,,,,,
62,18,30,2,2757,2334,2386,5788,5730,3152,,
0,18,30,0,,,,,,,,
66,18,31,1,1610,2135,2637,1321,1158,4403,,
0,18,31,0,,,,,,,,
0,18,31,0,,,,,,,,
0,18,32,0,,,,,,,,
18,18,32,2,1921,5176,1204,2272,1550,1665,,
0,18,32,0,,,,,,,,
25,19,1,1,4154,2230,1982,1450,,3723,,
0,19,1,0,,,,,,,,
0,19,1,0,,,,,,,,
0,19,2,0,,,,,,,,
0,19,2,0,,,,,,,,
16,19,2,2,5692,2414,2933,1727,,4104,,
39,19,3,1,2527,2080,3094,1562,,3760,,
0,19,3,0,,,,,,,,
0,19,3,0,,,,,,,,
0,19,4,0,,,,,,,,
0,19,4,0,,,,,,,,
46,19,4,2,1975,5607,2704,1119,183,4092,,
21,19,5,1,3432,4706,4440,2921,1188,2104,,
0,19,5,0,,,,,,,,
0,19,5,0,,,,,,,,
0,19,6,0,,,,,,,,
0,19,6,0,,,,,,,,
9,19,6,2,3927,2322,2279,3464,2087,,158,
34,19,7,1,2358,4749,3448,185,4512,1761,,
0,19,7,0,,,,,,,,
0,19,7,0,,,,,,,,
0,19,8,0,,,,,,,,
0,19,8,0,,,,,,,,
65,19,8,2,1411,6572,3144,1775,3706,4312,,
60,19,9,1,546,5317,1428,946,,4196,,
0,19,9,0,,,,,,,,
0,19,9,0,,,,,,,,
0,19,10,0,,,,,,,,
0,19,10,0,,,,,,,,
7,19,10,2,2021,3670,3395,918,3283,1877,,
63,19,11,1,3941,3273,2891,2221,2015,3862,,
0,19,11,0,,,,,,,,
0,19,11,0,,,,,,,,
0,19,12,0,,,,,,,,
13,19,12,2,3076,3681,2746,1681,,3192,,
0,19,12,0,,,,,,,,
20,19,13,1,4957,3520,3501,1229,,4148,,
0,19,13,0,,,,,,,,
0,19,13,0,,,,,,,,
0,19,14,0,,,,,,,,
32,19,14,2,3268,2058,1689,1338,2141,867,,
0,19,14,0,,,,,,,,
48,19,15,1,4493,2178,4156,1153,2007,1259,,
0,19,15,0,,,,,,,,
0,19,15,0,,,,,,,,
0,19,16,0,,,,,,,,
24,19,16,2,3481,2500,,5195,998,1632,,
0,19,16,0,,,,,,,,
54,19,17,1,3601,2579,1429,5648,1521,2491,,
0,19,17,0,,,,,,,,
0,19,17,0,,,,,,,,
0,19,18,0,,,,,,,,
12,19,18,2,2821,2096,2440,2882,1335,4468,,
0,19,18,0,,,,,,,,
64,19,19,1,,6098,6446,1977,1631,2003,,
0,19,19,0,,,,,,,,
0,19,19,0,,,,,,,,
0,19,20,0,,,,,,,,
30,19,20,2,3782,1696,3244,1757,,2632,,
0,19,20,0,,,,,,,,
37,19,21,1,2345,2838,4706,3123,1666,2300,,
0,19,21,0,,,,,,,,
0,19,21,0,,,,,,,,
0,19,22,0,,,,,,,,
62,19,22,2,6959,1731,2936,4723,1843,2559,,
0,19,22,0,,,,,,,,
43,19,23,1,5041,2214,1155,1104,1034,1699,,
0,19,23,0,,,,,,,,
0,19,23,0,,,,,,,,
0,19,24,0,,,,,,,,
29,19,24,2,,2982,5166,1203,,3354,,
0,19,24,0,,,,,,,,
36,19,25,1,3982,5730,1750,2008,,4020,,
0,19,25,0,,,,,,,,
0,19,25,0,,,,,,,,
0,19,26,0,,,,,,,,
58,19,26,2,2838,2754,4333,1862,1799,2424,,
0,19,26,0,,,,,,,,
6,19,27,1,3614,1753,3080,4403,605,6118,,
0,19,27,0,,,,,,,,
0,19,27,0,,,,,,,,
0,19,28,0,,,,,,,,
11,19,28,2,5067,1987,2773,2523,3564,4664,,
0,19,28,0,,,,,,,,
38,19,29,1,3883,1832,3745,2438,2732,2298,,
0,19,29,0,,,,,,,,
0,19,29,0,,,,,,,,
0,19,30,0,,,,,,,,
27,19,30,2,2678,2936,1728,1666,1540,1558,,
0,19,30,0,,,,,,,,
33,19,31,1,6253,2182,2265,2089,3019,992,,
0,19,31,0,,,,,,,,
0,19,31,0,,,,,,,,
0,19,32,0,,,,,,,,
45,19,32,2,2149,1939,4228,1453,1102,937,,
0,19,32,0,,,,,,,,
40,20,1,1,4233,4611,1918,2980,,8700,,
0,20,1,0,,,,,,,,
0,20,1,0,,,,,,,,
0,20,2,0,,,,,,,,
0,20,2,0,,,,,,,,
6,20,2,2,4838,3684,,9384,,10337,,
20,20,3,1,6165,2771,4257,3696,,7506,,
0,20,3,0,,,,,,,,
0,20,3,0,,,,,,,,
0,20,4,0,,,,,,,,
0,20,4,0,,,,,,,,
38,20,4,2,1318,9945,3941,4303,298,7600,,
58,20,5,1,5340,3094,2161,3074,2453,2952,,
0,20,5,0,,,,,,,,
0,20,5,0,,,,,,,,
0,20,6,0,,,,,,,,
0,20,6,0,,,,,,,,
23,20,6,2,4181,3122,3423,3785,4006,,289,
16,20,7,1,4104,4016,4058,5292,5788,6371,,
0,20,7,0,,,,,,,,
0,20,7,0,,,,,,,,
0,20,8,0,,,,,,,,
0,20,8,0,,,,,,,,
51,20,8,2,,3586,3511,3123,3803,385,,
32,20,9,1,3182,2773,2444,2091,511,7959,,
0,20,9,0,,,,,,,,
0,20,9,0,,,,,,,,
0,20,10,0,,,,,,,,
0,20,10,0,,,,,,,,
47,20,10,2,3522,3387,2438,2217,3803,2547,,
56,20,11,1,3754,3698,2973,1924,586,5400,,
0,20,11,0,,,,,,,,
0,20,11,0,,,,,,,,
0,20,12,0,,,,,,,,
54,20,12,2,4146,3887,2880,5096,263,5613,,
0,20,12,0,,,,,,,,
64,20,13,1,5495,3192,4918,2460,3603,,,
0,20,13,0,,,,,,,,
0,20,13,0,,,,,,,,
0,20,14,0,,,,,,,,
12,20,14,2,3499,5924,5469,2817,4730,7634,,
0,20,14,0,,,,,,,,
45,20,15,1,,2755,3671,3216,2866,2998,,
0,20,15,0,,,,,,,,
0,20,15,0,,,,,,,,
0,20,16,0,,,,,,,,
67,20,16,2,3494,2846,3239,2364,3090,2782,,
0,20,16,0,,,,,,,,
50,20,17,1,5165,4921,3063,3578,5023,3895,,
0,20,17,0,,,,,,,,
0,20,17,0,,,,,,,,
0,20,18,0,,,,,,,,
5,20,18,2,3687,3807,4093,6635,2592,8925,,
0,20,18,0,,,,,,,,
34,20,19,1,5468,3496,5437,7189,5541,4272,,
0,20,19,0,,,,,,,,
0,20,19,0,,,,,,,,
0,20,20,0,,,,,,,,
25,20,20,2,7808,5049,3758,3878,,7592,,
0,20,20,0,,,,,,,,
35,20,21,1,,3482,2565,3759,3742,3314,,
0,20,21,0,,,,,,,,
0,20,21,0,,,,,,,,
0,20,22,0,,,,,,,,
37,20,22,2,3764,3118,2858,3193,4101,3744,,
0,20,22,0,,,,,,,,
53,20,23,1,,3984,2386,2997,3600,4416,,
0,20,23,0,,,,,,,,
0,20,23,0,,,,,,,,
0,20,24,0,,,,,,,,
28,20,24,2,5480,2146,2883,3107,,8324,,
0,20,24,0,,,,,,,,
49,20,25,1,3126,3809,3714,4633,,7538,,
0,20,25,0,,,,,,,,
0,20,25,0,,,,,,,,
0,20,26,0,,,,,,,,
60,20,26,2,2608,2043,3193,3946,2919,2188,,
0,20,26,0,,,,,,,,
57,20,27,1,3838,2617,3245,2734,525,7969,,
0,20,27,0,,,,,,,,
0,20,27,0,,,,,,,,
0,20,28,0,,,,,,,,
19,20,28,2,4329,2719,2972,4411,1206,10624,,
0,20,28,0,,,,,,,,
61,20,29,1,5687,2343,3371,3541,3305,4001,,
0,20,29,0,,,,,,,,
0,20,29,0,,,,,,,,
0,20,30,0,,,,,,,,
63,20,30,2,4892,4589,2640,3607,3257,4036,,
0,20,30,0,,,,,,,,
36,20,31,1,5331,3328,2628,3898,3034,2828,,
0,20,31,0,,,,,,,,
0,20,31,0,,,,,,,,
0,20,32,0,,,,,,,,
65,20,32,2,2760,2986,4887,3060,3092,,,
0,20,32,0,,,,,,,,
25,21,1,1,887,7107,1362,1591,,6479,,
0,21,1,0,,,,,,,,
0,21,1,0,,,,,,,,
0,21,2,0,,,,,,,,
0,21,2,0,,,,,,,,
28,21,2,2,1516,2563,2300,1796,1469,978,,
47,21,3,1,2418,,4893,3040,,4807,,
0,21,3,0,,,,,,,,
0,21,3,0,,,,,,,,
0,21,4,0,,,,,,,,
0,21,4,0,,,,,,,,
30,21,4,2,1597,2629,454,2958,2372,5290,,
19,21,5,1,1467,645,2625,3492,,5155,,
0,21,5,0,,,,,,,,
0,21,5,0,,,,,,,,
0,21,6,0,,,,,,,,
0,21,6,0,,,,,,,,
9,21,6,2,1948,3182,8959,1339,876,1265,,
40,21,7,1,2618,152,2347,2102,3046,6013,,
0,21,7,0,,,,,,,,
0,21,7,0,,,,,,,,
0,21,8,0,,,,,,,,
0,21,8,0,,,,,,,,
64,21,8,2,1278,1614,1328,1255,1333,2608,,
51,21,9,1,428,2482,1353,583,,3311,,
0,21,9,0,,,,,,,,
0,21,9,0,,,,,,,,
0,21,10,0,,,,,,,,
0,21,10,0,,,,,,,,
12,21,10,2,1462,1507,1848,1087,811,820,,
66,21,11,1,302,,4910,3824,286,4343,,
0,21,11,0,,,,,,,,
0,21,11,0,,,,,,,,
0,21,12,0,,,,,,,,
45,21,12,2,1251,4509,2390,2565,,4249,,
0,21,12,0,,,,,,,,
44,21,13,1,2475,2431,2690,1870,,5602,,
0,21,13,0,,,,,,,,
0,21,13,0,,,,,,,,
0,21,14,0,,,,,,,,
57,21,14,2,884,3813,1810,2066,2570,4789,,
0,21,14,0,,,,,,,,
35,21,15,1,1127,2569,165,4425,510,3099,,
0,21,15,0,,,,,,,,
0,21,15,0,,,,,,,,
0,21,16,0,,,,,,,,
50,21,16,2,1145,980,5876,1886,1303,2423,,
0,21,16,0,,,,,,,,
14,21,17,1,2971,2707,4329,5493,923,3351,,
0,21,17,0,,,,,,,,
0,21,17,0,,,,,,,,
0,21,18,0,,,,,,,,
58,21,18,2,1087,3838,3248,,4239,1901,,
0,21,18,0,,,,,,,,
67,21,19,1,1148,2820,7494,1112,2729,1985,,
0,21,19,0,,,,,,,,
0,21,19,0,,,,,,,,
0,21,20,0,,,,,,,,
21,21,20,2,1684,904,8148,,6148,1643,,
0,21,20,0,,,,,,,,
8,21,21,1,5866,2960,2968,1646,1348,3452,,
0,21,21,0,,,,,,,,
0,21,21,0,,,,,,,,
0,21,22,0,,,,,,,,
7,21,22,2,2545,2239,85,3123,1063,2925,,
0,21,22,0,,,,,,,,
33,21,23,1,1629,3748,2394,1124,1370,2950,,
0,21,23,0,,,,,,,,
0,21,23,0,,,,,,,,
0,21,24,0,,,,,,,,
5,21,24,2,3465,2995,2437,1739,,13115,,
0,21,24,0,,,,,,,,
32,21,25,1,1711,183,4466,1906,788,2388,,
0,21,25,0,,,,,,,,
0,21,25,0,,,,,,,,
0,21,26,0,,,,,,,,
59,21,26,2,2097,529,4074,1592,1409,1667,,
0,21,26,0,,,,,,,,
60,21,27,1,2700,1312,1830,934,453,5912,,
0,21,27,0,,,,,,,,
0,21,27,0,,,,,,,,
0,21,28,0,,,,,,,,
68,21,28,2,611,2266,8521,2020,148,6813,,
0,21,28,0,,,,,,,,
15,21,29,1,2475,1274,3796,1635,1876,1500,,
0,21,29,0,,,,,,,,
0,21,29,0,,,,,,,,
0,21,30,0,,,,,,,,
49,21,30,2,1980,2925,3182,1673,1324,1817,,
0,21,30,0,,,,,,,,
18,21,31,1,1346,2607,1145,3346,803,2113,,
0,21,31,0,,,,,,,,
0,21,31,0,,,,,,,,
0,21,32,0,,,,,,,,
63,21,32,2,830,2260,636,2791,1145,1998,,
0,21,32,0,,,,,,,,
33,22,1,1,969,921,751,886,801,941,,
0,22,1,0,,,,,,,,
0,22,1,0,,,,,,,,
0,22,2,0,,,,,,,,
0,22,2,0,,,,,,,,
39,22,2,2,1722,1037,1645,1716,1004,551,,
19,22,3,1,944,855,777,899,2912,964,,
0,22,3,0,,,,,,,,
0,22,3,0,,,,,,,,
0,22,4,0,,,,,,,,
0,22,4,0,,,,,,,,
25,22,4,2,1003,1163,797,989,714,434,,
12,22,5,1,191,982,1066,965,343,1926,,
0,22,5,0,,,,,,,,
0,22,5,0,,,,,,,,
0,22,6,0,,,,,,,,
0,22,6,0,,,,,,,,
54,22,6,2,782,898,2012,734,805,680,,
18,22,7,1,918,941,972,,,,,
0,22,7,0,,,,,,,,
0,22,7,0,,,,,,,,
0,22,8,0,,,,,,,,
0,22,8,0,,,,,,,,
34,22,8,2,897,874,662,569,1077,1701,,
57,22,9,1,877,1368,625,818,454,934,,
0,22,9,0,,,,,,,,
0,22,9,0,,,,,,,,
0,22,10,0,,,,,,,,
0,22,10,0,,,,,,,,
5,22,10,2,245,2007,766,1139,877,,834,
14,22,11,1,,943,442,1543,529,1667,,
0,22,11,0,,,,,,,,
0,22,11,0,,,,,,,,
0,22,12,0,,,,,,,,
65,22,12,2,745,1331,825,351,1126,240,,
0,22,12,0,,,,,,,,
29,22,13,1,1254,989,1009,538,1287,405,,
0,22,13,0,,,,,,,,
0,22,13,0,,,,,,,,
0,22,14,0,,,,,,,,
44,22,14,2,1062,761,1368,444,2433,920,,
0,22,14,0,,,,,,,,
21,22,15,1,714,745,608,1004,583,941,,
0,22,15,0,,,,,,,,
0,22,15,0,,,,,,,,
0,22,16,0,,,,,,,,
15,22,16,2,306,1538,1629,2103,595,892,,
0,22,16,0,,,,,,,,
46,22,17,1,1047,1153,1193,775,503,620,,
0,22,17,0,,,,,,,,
0,22,17,0,,,,,,,,
0,22,18,0,,,,,,,,
27,22,18,2,911,1099,889,652,680,772,,
0,22,18,0,,,,,,,,
53,22,19,1,796,1633,768,750,682,609,,
0,22,19,0,,,,,,,,
0,22,19,0,,,,,,,,
0,22,20,0,,,,,,,,
22,22,20,2,1173,1034,1503,1286,634,653,,
0,22,20,0,,,,,,,,
37,22,21,1,1299,412,880,892,1090,713,,
0,22,21,0,,,,,,,,
0,22,21,0,,,,,,,,
0,22,22,0,,,,,,,,
49,22,22,2,585,1336,1287,732,705,479,,
0,22,22,0,,,,,,,,
24,22,23,1,728,835,709,790,552,470,,
0,22,23,0,,,,,,,,
0,22,23,0,,,,,,,,
0,22,24,0,,,,,,,,
52,22,24,2,944,1365,995,410,,1504,,
0,22,24,0,,,,,,,,
62,22,25,1,762,931,1010,1076,775,693,,
0,22,25,0,,,,,,,,
0,22,25,0,,,,,,,,
0,22,26,0,,,,,,,,
16,22,26,2,528,851,1272,971,699,983,,
0,22,26,0,,,,,,,,
31,22,27,1,1229,1009,804,958,595,1619,,
0,22,27,0,,,,,,,,
0,22,27,0,,,,,,,,
0,22,28,0,,,,,,,,
50,22,28,2,866,691,1069,932,977,1132,,
0,22,28,0,,,,,,,,
17,22,29,1,250,1592,466,1303,1332,808,,
0,22,29,0,,,,,,,,
0,22,29,0,,,,,,,,
0,22,30,0,,,,,,,,
11,22,30,2,174,2189,432,2740,1002,2129,,
0,22,30,0,,,,,,,,
9,22,31,1,693,651,2142,1012,512,1075,,
0,22,31,0,,,,,,,,
0,22,31,0,,,,,,,,
0,22,32,0,,,,,,,,
41,22,32,2,805,1782,981,893,524,820,,
0,22,32,0,,,,,,,,
50,23,1,1,466,6252,1694,2095,,5307,,
0,23,1,0,,,,,,,,
0,23,1,0,,,,,,,,
0,23,2,0,,,,,,,,
0,23,2,0,,,,,,,,
12,23,2,2,4438,3254,2349,2706,,8150,,
58,23,3,1,3738,4344,2565,260,,6869,,
0,23,3,0,,,,,,,,
0,23,3,0,,,,,,,,
0,23,4,0,,,,,,,,
0,23,4,0,,,,,,,,
6,23,4,2,4922,3902,5167,1649,211,4539,,
19,23,5,1,2427,2080,2119,3365,1350,4875,,
0,23,5,0,,,,,,,,
0,23,5,0,,,,,,,,
0,23,6,0,,,,,,,,
0,23,6,0,,,,,,,,
62,23,6,2,3895,2133,3721,3797,1494,1128,,
53,23,7,1,3172,4367,2873,2294,1873,1521,,
0,23,7,0,,,,,,,,
0,23,7,0,,,,,,,,
0,23,8,0,,,,,,,,
0,23,8,0,,,,,,,,
38,23,8,2,1943,2631,1357,1096,1837,4050,,
43,23,9,1,2132,2438,369,3679,,5141,,
0,23,9,0,,,,,,,,
0,23,9,0,,,,,,,,
0,23,10,0,,,,,,,,
0,23,10,0,,,,,,,,
44,23,10,2,2049,3023,1481,,5055,2547,,
11,23,11,1,6201,2187,3661,7926,,4176,,
0,23,11,0,,,,,,,,
0,23,11,0,,,,,,,,
0,23,12,0,,,,,,,,
49,23,12,2,3070,5927,,4130,1396,1740,1305,
0,23,12,0,,,,,,,,
24,23,13,1,3645,2500,3859,6605,,4747,,
0,23,13,0,,,,,,,,
0,23,13,0,,,,,,,,
0,23,14,0,,,,,,,,
39,23,14,2,2043,2505,3019,,6164,4639,,
0,23,14,0,,,,,,,,
30,23,15,1,4914,1591,2273,1777,1723,1365,,
0,23,15,0,,,,,,,,
0,23,15,0,,,,,,,,
0,23,16,0,,,,,,,,
21,23,16,2,249,6552,2972,6702,1186,1024,,
0,23,16,0,,,,,,,,
68,23,17,1,4678,377,4191,267,1662,1165,,
0,23,17,0,,,,,,,,
0,23,17,0,,,,,,,,
0,23,18,0,,,,,,,,
35,23,18,2,2225,4829,1770,2063,1587,1769,,
0,23,18,0,,,,,,,,
9,23,19,1,6276,5001,3348,2809,2257,2222,,
0,23,19,0,,,,,,,,
0,23,19,0,,,,,,,,
0,23,20,0,,,,,,,,
47,23,20,2,5764,352,3619,3727,3229,2941,,
0,23,20,0,,,,,,,,
33,23,21,1,3950,2009,2385,1971,2041,1127,,
0,23,21,0,,,,,,,,
0,23,21,0,,,,,,,,
0,23,22,0,,,,,,,,
37,23,22,2,3640,2605,2230,1939,2330,1838,,
0,23,22,0,,,,,,,,
25,23,23,1,1219,5003,2794,2894,1195,2258,,
0,23,23,0,,,,,,,,
0,23,23,0,,,,,,,,
0,23,24,0,,,,,,,,
36,23,24,2,2693,2372,1765,1933,,2526,,
0,23,24,0,,,,,,,,
5,23,25,1,5139,4016,4848,1665,,5324,,
0,23,25,0,,,,,,,,
0,23,25,0,,,,,,,,
0,23,26,0,,,,,,,,
56,23,26,2,4784,3030,4029,2697,1946,1802,,
0,23,26,0,,,,,,,,
17,23,27,1,3669,1768,1085,3663,710,4008,,
0,23,27,0,,,,,,,,
0,23,27,0,,,,,,,,
0,23,28,0,,,,,,,,
8,23,28,2,,9526,5260,2798,1436,8822,,
0,23,28,0,,,,,,,,
10,23,29,1,1941,4148,776,4821,2951,5126,,
0,23,29,0,,,,,,,,
0,23,29,0,,,,,,,,
0,23,30,0,,,,,,,,
23,23,30,2,4287,2874,1815,2219,1575,2336,,
0,23,30,0,,,,,,,,
51,23,31,1,2604,229,1583,4816,1376,2486,,
0,23,31,0,,,,,,,,
0,23,31,0,,,,,,,,
0,23,32,0,,,,,,,,
34,23,32,2,469,4739,2813,2924,90,2510,,
0,23,32,0,,,,,,,,
61,24,1,1,1736,2256,2210,1342,,2741,,
0,24,1,0,,,,,,,,
0,24,1,0,,,,,,,,
0,24,2,0,,,,,,,,
0,24,2,0,,,,,,,,
31,24,2,2,2087,1009,2522,3018,1345,830,,
55,24,3,1,2529,973,3653,1717,,3402,,
0,24,3,0,,,,,,,,
0,24,3,0,,,,,,,,
0,24,4,0,,,,,,,,
0,24,4,0,,,,,,,,
16,24,4,2,1978,169,3550,1688,1550,2567,,
12,24,5,1,2148,1707,1316,1539,1460,1371,,
0,24,5,0,,,,,,,,
0,24,5,0,,,,,,,,
0,24,6,0,,,,,,,,
0,24,6,0,,,,,,,,
52,24,6,2,1412,492,1719,1557,1157,2540,,
45,24,7,1,1347,915,1765,1723,1734,2735,,
0,24,7,0,,,,,,,,
0,24,7,0,,,,,,,,
0,24,8,0,,,,,,,,
0,24,8,0,,,,,,,,
28,24,8,2,1205,1389,512,2315,1307,1756,,
67,24,9,1,1383,1423,1988,1311,240,2527,,
0,24,9,0,,,,,,,,
0,24,9,0,,,,,,,,
0,24,10,0,,,,,,,,
0,24,10,0,,,,,,,,
18,24,10,2,1967,,2337,1755,2859,1774,,
10,24,11,1,1447,2060,2699,1786,,3338,,
0,24,11,0,,,,,,,,
0,24,11,0,,,,,,,,
0,24,12,0,,,,,,,,
51,24,12,2,447,2371,1931,1423,1259,,,
0,24,12,0,,,,,,,,
57,24,13,1,691,1624,2030,7034,,3555,,
0,24,13,0,,,,,,,,
0,24,13,0,,,,,,,,
0,24,14,0,,,,,,,,
15,24,14,2,1660,1279,1975,1180,1521,957,,
0,24,14,0,,,,,,,,
40,24,15,1,562,1731,1466,1485,1849,1079,,
0,24,15,0,,,,,,,,
0,24,15,0,,,,,,,,
0,24,16,0,,,,,,,,
43,24,16,2,897,3890,3047,1709,1318,995,,
0,24,16,0,,,,,,,,
24,24,17,1,1428,1222,1427,1222,1105,1849,,
0,24,17,0,,,,,,,,
0,24,17,0,,,,,,,,
0,24,18,0,,,,,,,,
63,24,18,2,992,3159,416,3611,1082,1416,,
0,24,18,0,,,,,,,,
42,24,19,1,1688,3749,1701,1033,1208,1300,,
0,24,19,0,,,,,,,,
0,24,19,0,,,,,,,,
0,24,20,0,,,,,,,,
23,24,20,2,2054,,2225,3895,973,1140,,
0,24,20,0,,,,,,,,
66,24,21,1,1518,,2113,976,2623,1225,,
0,24,21,0,,,,,,,,
0,24,21,0,,,,,,,,
0,24,22,0,,,,,,,,
8,24,22,2,2849,2523,,4019,1440,2608,,
0,24,22,0,,,,,,,,
11,24,23,1,1782,2484,1502,1912,1301,1875,,
0,24,23,0,,,,,,,,
0,24,23,0,,,,,,,,
0,24,24,0,,,,,,,,
65,24,24,2,1972,1243,445,1180,715,2679,,
0,24,24,0,,,,,,,,
38,24,25,1,1555,1577,1984,2057,,3014,,
0,24,25,0,,,,,,,,
0,24,25,0,,,,,,,,
0,24,26,0,,,,,,,,
25,24,26,2,1315,636,2974,444,1655,1858,,
0,24,26,0,,,,,,,,
6,24,27,1,2367,2228,2123,2135,196,5675,,
0,24,27,0,,,,,,,,
0,24,27,0,,,,,,,,
0,24,28,0,,,,,,,,
49,24,28,2,2215,767,2827,1618,1489,4052,,
0,24,28,0,,,,,,,,
30,24,29,1,714,2546,4399,501,3391,1332,,
0,24,29,0,,,,,,,,
0,24,29,0,,,,,,,,
0,24,30,0,,,,,,,,
39,24,30,2,538,3178,1644,1831,,3882,,
0,24,30,0,,,,,,,,
60,24,31,1,581,1316,3667,2173,1391,1094,,
0,24,31,0,,,,,,,,
0,24,31,0,,,,,,,,
0,24,32,0,,,,,,,,
50,24,32,2,625,1285,2280,2581,1467,842,,
0,24,32,0,,,,,,,,
18,25,1,1,3062,5534,3212,881,800,1408,1819,
0,25,1,0,,,,,,,,
0,25,1,0,,,,,,,,
0,25,2,0,,,,,,,,
0,25,2,0,,,,,,,,
46,25,2,2,,4592,3793,2415,612,487,,
53,25,3,1,466,2112,3211,763,,3887,,
0,25,3,0,,,,,,,,
0,25,3,0,,,,,,,,
0,25,4,0,,,,,,,,
0,25,4,0,,,,,,,,
35,25,4,2,548,1475,2167,1659,496,2566,1579,
55,25,5,1,1968,2503,2120,2756,1828,1039,,
0,25,5,0,,,,,,,,
0,25,5,0,,,,,,,,
0,25,6,0,,,,,,,,
0,25,6,0,,,,,,,,
36,25,6,2,450,1252,2477,610,5175,626,,
59,25,7,1,1072,2092,412,2348,776,1072,,
0,25,7,0,,,,,,,,
0,25,7,0,,,,,,,,
0,25,8,0,,,,,,,,
0,25,8,0,,,,,,,,
33,25,8,2,,2062,2823,1454,2206,,,
24,25,9,1,2630,2017,1335,1380,494,,5333,
0,25,9,0,,,,,,,,
0,25,9,0,,,,,,,,
0,25,10,0,,,,,,,,
0,25,10,0,,,,,,,,
25,25,10,2,2078,3534,2926,2596,322,2578,,
41,25,11,1,1288,2406,599,4090,,1776,,
0,25,11,0,,,,,,,,
0,25,11,0,,,,,,,,
0,25,12,0,,,,,,,,
9,25,12,2,1394,4531,2413,2271,,6961,,
0,25,12,0,,,,,,,,
60,25,13,1,1905,,4784,927,,2515,,
0,25,13,0,,,,,,,,
0,25,13,0,,,,,,,,
0,25,14,0,,,,,,,,
8,25,14,2,4524,2129,2458,760,7796,3333,,
0,25,14,0,,,,,,,,
16,25,15,1,2348,853,1867,1404,711,1906,,
0,25,15,0,,,,,,,,
0,25,15,0,,,,,,,,
0,25,16,0,,,,,,,,
34,25,16,2,277,4871,2006,1472,2853,1392,,
0,25,16,0,,,,,,,,
30,25,17,1,535,2828,5940,8241,1283,1974,,
0,25,17,0,,,,,,,,
0,25,17,0,,,,,,,,
0,25,18,0,,,,,,,,
62,25,18,2,449,1877,3741,,2245,818,,
0,25,18,0,,,,,,,,
49,25,19,1,667,2624,2093,,5331,3710,,
0,25,19,0,,,,,,,,
0,25,19,0,,,,,,,,
0,25,20,0,,,,,,,,
38,25,20,2,318,1597,2261,2692,1146,1933,13356,
0,25,20,0,,,,,,,,
54,25,21,1,1885,581,4877,1047,1103,4748,,
0,25,21,0,,,,,,,,
0,25,21,0,,,,,,,,
0,25,22,0,,,,,,,,
51,25,22,2,3033,903,1660,1671,1772,2372,,
0,25,22,0,,,,,,,,
39,25,23,1,236,636,724,4325,6388,2233,,
0,25,23,0,,,,,,,,
0,25,23,0,,,,,,,,
0,25,24,0,,,,,,,,
23,25,24,2,2407,396,2092,337,,2330,,
0,25,24,0,,,,,,,,
56,25,25,1,1114,552,5894,2418,690,1018,,
0,25,25,0,,,,,,,,
0,25,25,0,,,,,,,,
0,25,26,0,,,,,,,,
47,25,26,2,1349,2322,1496,1310,980,753,,
0,25,26,0,,,,,,,,
48,25,27,1,470,3235,317,2802,137,,,
0,25,27,0,,,,,,,,
0,25,27,0,,,,,,,,
0,25,28,0,,,,,,,,
19,25,28,2,4432,1569,2037,3505,2230,801,,
0,25,28,0,,,,,,,,
15,25,29,1,4321,2035,1334,739,3134,1622,,
0,25,29,0,,,,,,,,
0,25,29,0,,,,,,,,
0,25,30,0,,,,,,,,
17,25,30,2,3790,2807,1611,430,,8945,,
0,25,30,0,,,,,,,,
45,25,31,1,1113,7575,2411,738,880,1340,,
0,25,31,0,,,,,,,,
0,25,31,0,,,,,,,,
0,25,32,0,,,,,,,,
57,25,32,2,1144,2733,,4240,485,,6623,
0,25,32,0,,,,,,,,
11,26,1,1,2249,3067,2585,1882,,4548,,
0,26,1,0,,,,,,,,
0,26,1,0,,,,,,,,
0,26,2,0,,,,,,,,
0,26,2,0,,,,,,,,
32,26,2,2,2645,3885,2479,1866,2525,1624,,
55,26,3,1,2013,1155,1998,1530,,4897,,
0,26,3,0,,,,,,,,
0,26,3,0,,,,,,,,
0,26,4,0,,,,,,,,
0,26,4,0,,,,,,,,
16,26,4,2,2568,2691,2990,1500,261,4319,,
41,26,5,1,2161,2276,,4241,1225,1765,,
0,26,5,0,,,,,,,,
0,26,5,0,,,,,,,,
0,26,6,0,,,,,,,,
0,26,6,0,,,,,,,,
45,26,6,2,1793,1992,2469,1398,1126,,2407,
34,26,7,1,2201,2469,620,4047,1348,3102,,
0,26,7,0,,,,,,,,
0,26,7,0,,,,,,,,
0,26,8,0,,,,,,,,
0,26,8,0,,,,,,,,
60,26,8,2,1398,2066,1773,1756,1014,5171,,
19,26,9,1,2153,4027,1397,788,226,3982,,
0,26,9,0,,,,,,,,
0,26,9,0,,,,,,,,
0,26,10,0,,,,,,,,
0,26,10,0,,,,,,,,
8,26,10,2,2340,3260,2017,1854,2890,2226,,
18,26,11,1,3240,2642,2256,1718,1252,4387,,
0,26,11,0,,,,,,,,
0,26,11,0,,,,,,,,
0,26,12,0,,,,,,,,
53,26,12,2,1449,2100,2213,1459,,209,,
0,26,12,0,,,,,,,,
29,26,13,1,3288,1619,3480,2593,1409,7263,,
0,26,13,0,,,,,,,,
0,26,13,0,,,,,,,,
0,26,14,0,,,,,,,,
22,26,14,2,1865,1495,2399,865,2084,2503,,
0,26,14,0,,,,,,,,
66,26,15,1,1587,2480,1913,2212,1912,1159,,
0,26,15,0,,,,,,,,
0,26,15,0,,,,,,,,
0,26,16,0,,,,,,,,
31,26,16,2,2957,2911,2189,1281,1240,1397,,
0,26,16,0,,,,,,,,
59,26,17,1,1174,871,6750,2191,762,3017,,
0,26,17,0,,,,,,,,
0,26,17,0,,,,,,,,
0,26,18,0,,,,,,,,
48,26,18,2,3685,3377,1733,1454,834,3272,,
0,26,18,0,,,,,,,,
26,26,19,1,2106,3292,2398,1396,2341,2562,,
0,26,19,0,,,,,,,,
0,26,19,0,,,,,,,,
0,26,20,0,,,,,,,,
38,26,20,2,3539,1705,2025,2255,984,3240,,
0,26,20,0,,,,,,,,
52,26,21,1,2493,,3116,1515,,5140,,
0,26,21,0,,,,,,,,
0,26,21,0,,,,,,,,
0,26,22,0,,,,,,,,
67,26,22,2,2165,1278,1619,1396,1865,2234,,
0,26,22,0,,,,,,,,
64,26,23,1,2071,2089,2027,1713,,3322,,
0,26,23,0,,,,,,,,
0,26,23,0,,,,,,,,
0,26,24,0,,,,,,,,
25,26,24,2,2584,2205,1935,1866,,11662,,
0,26,24,0,,,,,,,,
27,26,25,1,3039,2395,2096,2635,1208,9533,,
0,26,25,0,,,,,,,,
0,26,25,0,,,,,,,,
0,26,26,0,,,,,,,,
47,26,26,2,2961,2807,1543,1594,1250,5526,,
0,26,26,0,,,,,,,,
54,26,27,1,2211,3950,2256,1481,182,3254,,
0,26,27,0,,,,,,,,
0,26,27,0,,,,,,,,
0,26,28,0,,,,,,,,
30,26,28,2,3904,2601,2833,1662,1942,7101,,
0,26,28,0,,,,,,,,
13,26,29,1,4648,2108,3564,1331,2544,3107,,
0,26,29,0,,,,,,,,
0,26,29,0,,,,,,,,
0,26,30,0,,,,,,,,
61,26,30,2,3977,2302,2095,1693,1641,1595,,
0,26,30,0,,,,,,,,
6,26,31,1,3052,1962,2454,,4609,2368,,
0,26,31,0,,,,,,,,
0,26,31,0,,,,,,,,
0,26,32,0,,,,,,,,
28,26,32,2,2143,2746,3289,2640,1960,3060,,
0,26,32,0,,,,,,,,
43,27,1,1,462,2558,2405,1557,1465,,,
0,27,1,0,,,,,,,,
0,27,1,0,,,,,,,,
0,27,2,0,,,,,,,,
0,27,2,0,,,,,,,,
12,27,2,2,1622,6871,3598,1535,2203,,,
65,27,3,1,2956,2638,1708,2339,,2963,,
0,27,3,0,,,,,,,,
0,27,3,0,,,,,,,,
0,27,4,0,,,,,,,,
0,27,4,0,,,,,,,,
21,27,4,2,3035,3870,2036,4220,1193,1526,2849,
51,27,5,1,257,2416,3440,1369,1981,4843,,
0,27,5,0,,,,,,,,
0,27,5,0,,,,,,,,
0,27,6,0,,,,,,,,
0,27,6,0,,,,,,,,
46,27,6,2,950,2054,2025,2788,2231,1097,224,
35,27,7,1,1192,2097,2661,2714,1955,6096,,
0,27,7,0,,,,,,,,
0,27,7,0,,,,,,,,
0,27,8,0,,,,,,,,
0,27,8,0,,,,,,,,
32,27,8,2,1312,711,1526,2308,1609,1808,,
5,27,9,1,1701,1719,5314,,2685,3944,,
0,27,9,0,,,,,,,,
0,27,9,0,,,,,,,,
0,27,10,0,,,,,,,,
0,27,10,0,,,,,,,,
38,27,10,2,1795,118,1488,2539,1781,3022,,
11,27,11,1,2157,4681,837,,2305,3450,,
0,27,11,0,,,,,,,,
0,27,11,0,,,,,,,,
0,27,12,0,,,,,,,,
19,27,12,2,483,2746,1403,3904,1244,445,,
0,27,12,0,,,,,,,,
24,27,13,1,357,3433,4803,2164,1514,211,,
0,27,13,0,,,,,,,,
0,27,13,0,,,,,,,,
0,27,14,0,,,,,,,,
42,27,14,2,416,2525,2204,2630,2618,2822,1753,
0,27,14,0,,,,,,,,
68,27,15,1,1695,1661,2053,1873,953,1606,,
0,27,15,0,,,,,,,,
0,27,15,0,,,,,,,,
0,27,16,0,,,,,,,,
67,27,16,2,2568,2223,2551,3639,595,4745,,
0,27,16,0,,,,,,,,
23,27,17,1,1635,943,7212,976,1906,3354,,
0,27,17,0,,,,,,,,
0,27,17,0,,,,,,,,
0,27,18,0,,,,,,,,
63,27,18,2,2615,2674,1980,1582,1244,1597,,
0,27,18,0,,,,,,,,
10,27,19,1,420,4979,6035,3006,2448,4073,,
0,27,19,0,,,,,,,,
0,27,19,0,,,,,,,,
0,27,20,0,,,,,,,,
64,27,20,2,5720,2054,2004,1406,917,1306,,
0,27,20,0,,,,,,,,
9,27,21,1,2797,3398,5958,1915,277,3686,,
0,27,21,0,,,,,,,,
0,27,21,0,,,,,,,,
0,27,22,0,,,,,,,,
17,27,22,2,2744,1134,1721,3393,4506,1474,,
0,27,22,0,,,,,,,,
49,27,23,1,412,2614,2996,5332,2908,4370,,
0,27,23,0,,,,,,,,
0,27,23,0,,,,,,,,
0,27,24,0,,,,,,,,
62,27,24,2,2828,2197,1792,1274,,2919,,
0,27,24,0,,,,,,,,
16,27,25,1,2439,4658,2789,738,1823,3357,,
0,27,25,0,,,,,,,,
0,27,25,0,,,,,,,,
0,27,26,0,,,,,,,,
27,27,26,2,2744,367,1699,1625,3261,5287,,
0,27,26,0,,,,,,,,
37,27,27,1,1093,2157,2220,5805,990,750,,
0,27,27,0,,,,,,,,
0,27,27,0,,,,,,,,
0,27,28,0,,,,,,,,
20,27,28,2,442,4244,3595,1724,1382,448,,
0,27,28,0,,,,,,,,
45,27,29,1,1236,3099,1650,2372,1615,2630,2300,
0,27,29,0,,,,,,,,
0,27,29,0,,,,,,,,
0,27,30,0,,,,,,,,
26,27,30,2,3142,6915,1898,8383,,5200,,
0,27,30,0,,,,,,,,
28,27,31,1,2458,2228,846,3648,14859,1489,,
0,27,31,0,,,,,,,,
0,27,31,0,,,,,,,,
0,27,32,0,,,,,,,,
53,27,32,2,1362,1142,2896,5143,1962,2388,6808,
0,27,32,0,,,,,,,,
13,28,1,1,1382,344,2146,1214,661,4772,,
0,28,1,0,,,,,,,,
0,28,1,0,,,,,,,,
0,28,2,0,,,,,,,,
0,28,2,0,,,,,,,,
19,28,2,2,1111,1594,2276,1874,1021,2371,,
42,28,3,1,1197,799,379,979,,276,,
0,28,3,0,,,,,,,,
0,28,3,0,,,,,,,,
0,28,4,0,,,,,,,,
0,28,4,0,,,,,,,,
48,28,4,2,906,643,713,1814,734,1812,,
57,28,5,1,360,1799,429,1168,229,1121,,
0,28,5,0,,,,,,,,
0,28,5,0,,,,,,,,
0,28,6,0,,,,,,,,
0,28,6,0,,,,,,,,
32,28,6,2,1380,743,413,957,1402,1198,,
49,28,7,1,490,542,1402,844,528,2377,,
0,28,7,0,,,,,,,,
0,28,7,0,,,,,,,,
0,28,8,0,,,,,,,,
0,28,8,0,,,,,,,,
22,28,8,2,496,1384,821,814,774,,,
44,28,9,1,686,966,285,935,266,1444,,
0,28,9,0,,,,,,,,
0,28,9,0,,,,,,,,
0,28,10,0,,,,,,,,
0,28,10,0,,,,,,,,
10,28,10,2,869,897,1185,1545,1250,1878,,
62,28,11,1,911,2003,593,808,139,159,,
0,28,11,0,,,,,,,,
0,28,11,0,,,,,,,,
0,28,12,0,,,,,,,,
53,28,12,2,860,580,1677,1598,473,475,5267,
0,28,12,0,,,,,,,,
33,28,13,1,1482,861,543,1342,354,1167,1497,
0,28,13,0,,,,,,,,
0,28,13,0,,,,,,,,
0,28,14,0,,,,,,,,
55,28,14,2,1079,332,800,762,557,,1757,
0,28,14,0,,,,,,,,
51,28,15,1,697,725,1005,707,755,1292,,
0,28,15,0,,,,,,,,
0,28,15,0,,,,,,,,
0,28,16,0,,,,,,,,
24,28,16,2,319,1282,1900,1387,506,940,,
0,28,16,0,,,,,,,,
28,28,17,1,1197,486,969,1659,716,2235,,
0,28,17,0,,,,,,,,
0,28,17,0,,,,,,,,
0,28,18,0,,,,,,,,
12,28,18,2,445,1193,2691,679,1542,1297,,
0,28,18,0,,,,,,,,
18,28,19,1,1347,591,2513,480,864,2879,,
0,28,19,0,,,,,,,,
0,28,19,0,,,,,,,,
0,28,20,0,,,,,,,,
26,28,20,2,1179,2335,,1120,523,1692,,
0,28,20,0,,,,,,,,
5,28,21,1,2221,1123,1433,292,955,2472,,
0,28,21,0,,,,,,,,
0,28,21,0,,,,,,,,
0,28,22,0,,,,,,,,
15,28,22,2,761,856,864,1224,725,2010,,
0,28,22,0,,,,,,,,
21,28,23,1,986,1176,1015,701,877,1950,,
0,28,23,0,,,,,,,,
0,28,23,0,,,,,,,,
0,28,24,0,,,,,,,,
25,28,24,2,1147,763,384,847,,1286,,
0,28,24,0,,,,,,,,
58,28,25,1,1117,130,902,1082,402,3493,,
0,28,25,0,,,,,,,,
0,28,25,0,,,,,,,,
0,28,26,0,,,,,,,,
61,28,26,2,1085,191,1090,2386,270,2640,,
0,28,26,0,,,,,,,,
46,28,27,1,1477,691,313,1442,168,337,,
0,28,27,0,,,,,,,,
0,28,27,0,,,,,,,,
0,28,28,0,,,,,,,,
8,28,28,2,1681,1020,692,1499,1156,3920,,
0,28,28,0,,,,,,,,
56,28,29,1,1188,2775,1247,1616,1018,2440,,
0,28,29,0,,,,,,,,
0,28,29,0,,,,,,,,
0,28,30,0,,,,,,,,
31,28,30,2,1490,1356,1369,1225,902,1361,,
0,28,30,0,,,,,,,,
9,28,31,1,2103,1358,1117,721,637,1946,,
0,28,31,0,,,,,,,,
0,28,31,0,,,,,,,,
0,28,32,0,,,,,,,,
63,28,32,2,826,246,1794,664,578,2839,,
0,28,32,0,,,,,,,,
13,29,1,1,3131,2415,1542,1910,,3779,,
0,29,1,0,,,,,,,,
0,29,1,0,,,,,,,,
0,29,2,0,,,,,,,,
0,29,2,0,,,,,,,,
61,29,2,2,1828,1833,2907,3227,2059,1404,,
49,29,3,1,3043,1761,2861,1924,,4023,,
0,29,3,0,,,,,,,,
0,29,3,0,,,,,,,,
0,29,4,0,,,,,,,,
0,29,4,0,,,,,,,,
48,29,4,2,1410,2177,2442,1228,1907,1417,,
23,29,5,1,2324,,3547,1662,1897,3019,,
0,29,5,0,,,,,,,,
0,29,5,0,,,,,,,,
0,29,6,0,,,,,,,,
0,29,6,0,,,,,,,,
25,29,6,2,1589,260,3330,1445,1364,1979,,
42,29,7,1,1696,1473,2119,2384,1586,1529,,
0,29,7,0,,,,,,,,
0,29,7,0,,,,,,,,
0,29,8,0,,,,,,,,
0,29,8,0,,,,,,,,
31,29,8,2,2198,767,3593,5031,1646,2631,,
9,29,9,1,1315,1561,,2843,,3241,,
0,29,9,0,,,,,,,,
0,29,9,0,,,,,,,,
0,29,10,0,,,,,,,,
0,29,10,0,,,,,,,,
45,29,10,2,1232,1912,2081,1368,1621,1694,,
35,29,11,1,1746,2259,2873,1582,,2365,,
0,29,11,0,,,,,,,,
0,29,11,0,,,,,,,,
0,29,12,0,,,,,,,,
56,29,12,2,1627,2918,2298,1689,,2995,,
0,29,12,0,,,,,,,,
5,29,13,1,3318,2344,2346,1807,,5732,,
0,29,13,0,,,,,,,,
0,29,13,0,,,,,,,,
0,29,14,0,,,,,,,,
6,29,14,2,2781,1452,2053,1855,2797,1533,,
0,29,14,0,,,,,,,,
62,29,15,1,1225,1443,1260,1241,1094,952,,
0,29,15,0,,,,,,,,
0,29,15,0,,,,,,,,
0,29,16,0,,,,,,,,
47,29,16,2,1693,2359,2373,1722,1076,913,,
0,29,16,0,,,,,,,,
27,29,17,1,2277,208,3220,3837,1325,3727,,
0,29,17,0,,,,,,,,
0,29,17,0,,,,,,,,
0,29,18,0,,,,,,,,
36,29,18,2,2159,2212,981,5205,1409,2179,,
0,29,18,0,,,,,,,,
53,29,19,1,2993,2678,2625,1664,3043,2870,,
0,29,19,0,,,,,,,,
0,29,19,0,,,,,,,,
0,29,20,0,,,,,,,,
55,29,20,2,1964,2445,1994,2170,1033,1634,,
0,29,20,0,,,,,,,,
57,29,21,1,1966,4922,1611,1050,883,2884,,
0,29,21,0,,,,,,,,
0,29,21,0,,,,,,,,
0,29,22,0,,,,,,,,
54,29,22,2,1604,1699,3756,3084,1693,2524,,
0,29,22,0,,,,,,,,
22,29,23,1,1622,1531,1734,2051,1110,1592,,
0,29,23,0,,,,,,,,
0,29,23,0,,,,,,,,
0,29,24,0,,,,,,,,
51,29,24,2,4070,1674,1957,1538,,3991,,
0,29,24,0,,,,,,,,
19,29,25,1,2163,1702,1352,2113,,3228,,
0,29,25,0,,,,,,,,
0,29,25,0,,,,,,,,
0,29,26,0,,,,,,,,
58,29,26,2,1490,1410,1857,1923,1251,1337,,
0,29,26,0,,,,,,,,
40,29,27,1,1873,1793,1972,1171,470,3712,,
0,29,27,0,,,,,,,,
0,29,27,0,,,,,,,,
0,29,28,0,,,,,,,,
7,29,28,2,2066,1685,2235,1781,,4273,,
0,29,28,0,,,,,,,,
34,29,29,1,3130,105,3806,1653,1647,1598,,
0,29,29,0,,,,,,,,
0,29,29,0,,,,,,,,
0,29,30,0,,,,,,,,
17,29,30,2,2485,1463,,4408,1604,2122,,
0,29,30,0,,,,,,,,
33,29,31,1,1621,752,1087,3056,957,2137,,
0,29,31,0,,,,,,,,
0,29,31,0,,,,,,,,
0,29,32,0,,,,,,,,
8,29,32,2,1910,1760,1656,1509,1550,878,,
0,29,32,0,,,,,,,,
