seq,subj,item,cond,R1,R2,R3,R4,R5,R6,R7,R8
26,1,1,1,1486,1700,985,1308,,363,,
0,1,1,0,,,,,,,,
0,1,1,0,,,,,,,,
0,1,2,0,,,,,,,,
0,1,2,0,,,,,,,,
49,1,2,2,1532,2084,1346,811,144,150,,
23,1,3,1,2022,953,859,1788,,135,,
0,1,3,0,,,,,,,,
0,1,3,0,,,,,,,,
0,1,4,0,,,,,,,,
0,1,4,0,,,,,,,,
13,1,4,2,2201,1529,2152,814,312,375,,
21,1,5,1,5554,1112,1093,701,1327,1053,,
0,1,5,0,,,,,,,,
0,1,5,0,,,,,,,,
0,1,6,0,,,,,,,,
0,1,6,0,,,,,,,,
11,1,6,2,1871,1728,1918,277,,554,,
66,1,7,1,1573,92,1707,82,1646,1275,,
0,1,7,0,,,,,,,,
0,1,7,0,,,,,,,,
0,1,8,0,,,,,,,,
0,1,8,0,,,,,,,,
36,1,8,2,982,1114,219,787,183,259,,
17,1,9,1,1310,1464,694,185,389,145,,
0,1,9,0,,,,,,,,
0,1,9,0,,,,,,,,
0,1,10,0,,,,,,,,
0,1,10,0,,,,,,,,
5,1,10,2,3299,1477,1601,1749,543,443,,
16,1,11,1,2163,1102,1291,153,143,346,,
0,1,11,0,,,,,,,,
0,1,11,0,,,,,,,,
0,1,12,0,,,,,,,,
29,1,12,2,1258,1851,2006,1285,,714,,
0,1,12,0,,,,,,,,
30,1,13,1,2684,,219,119,,332,,
0,1,13,0,,,,,,,,
0,1,13,0,,,,,,,,
0,1,14,0,,,,,,,,
15,1,14,2,591,,,176,1299,1120,,
0,1,14,0,,,,,,,,
19,1,15,1,985,1590,764,242,706,661,,
0,1,15,0,,,,,,,,
0,1,15,0,,,,,,,,
0,1,16,0,,,,,,,,
38,1,16,2,1968,1195,1639,290,661,878,,
0,1,16,0,,,,,,,,
32,1,17,1,1118,140,1421,1331,2225,2018,,
0,1,17,0,,,,,,,,
0,1,17,0,,,,,,,,
0,1,18,0,,,,,,,,
28,1,18,2,1764,1545,274,363,1624,907,,
0,1,18,0,,,,,,,,
53,1,19,1,1670,2003,525,199,1409,1743,,
0,1,19,0,,,,,,,,
0,1,19,0,,,,,,,,
0,1,20,0,,,,,,,,
8,1,20,2,3526,1032,1258,1222,,90,,
0,1,20,0,,,,,,,,
39,1,21,1,1653,1623,365,668,816,2164,,
0,1,21,0,,,,,,,,
0,1,21,0,,,,,,,,
0,1,22,0,,,,,,,,
44,1,22,2,849,1779,1237,1194,1485,2266,,
0,1,22,0,,,,,,,,
51,1,23,1,1485,1991,1622,318,963,426,,
0,1,23,0,,,,,,,,
0,1,23,0,,,,,,,,
0,1,24,0,,,,,,,,
31,1,24,2,1167,215,231,,,162,,
0,1,24,0,,,,,,,,
62,1,25,1,,99,2582,1799,,213,,
0,1,25,0,,,,,,,,
0,1,25,0,,,,,,,,
0,1,26,0,,,,,,,,
40,1,26,2,1894,1090,175,170,118,864,,
0,1,26,0,,,,,,,,
61,1,27,1,2654,1048,612,203,349,747,,
0,1,27,0,,,,,,,,
0,1,27,0,,,,,,,,
0,1,28,0,,,,,,,,
48,1,28,2,3249,1833,2059,915,122,480,,
0,1,28,0,,,,,,,,
10,1,29,1,2977,780,1650,244,126,208,,
0,1,29,0,,,,,,,,
0,1,29,0,,,,,,,,
0,1,30,0,,,,,,,,
33,1,30,2,2128,2222,1368,1875,1194,2055,,
0,1,30,0,,,,,,,,
56,1,31,1,1044,205,1152,1367,522,123,,
0,1,31,0,,,,,,,,
0,1,31,0,,,,,,,,
0,1,32,0,,,,,,,,
52,1,32,2,1105,326,110,1392,1499,877,,
0,1,32,0,,,,,,,,
22,2,1,1,2029,1317,666,145,,210,,
0,2,1,0,,,,,,,,
0,2,1,0,,,,,,,,
0,2,2,0,,,,,,,,
0,2,2,0,,,,,,,,
43,2,2,2,2551,1669,2951,2008,,146,,
12,2,3,1,1801,251,599,1601,,,,
0,2,3,0,,,,,,,,
0,2,3,0,,,,,,,,
0,2,4,0,,,,,,,,
0,2,4,0,,,,,,,,
38,2,4,2,1555,2246,1745,1763,262,117,,
25,2,5,1,1753,778,1916,1803,1543,1455,,
0,2,5,0,,,,,,,,
0,2,5,0,,,,,,,,
0,2,6,0,,,,,,,,
0,2,6,0,,,,,,,,
55,2,6,2,1748,1555,2235,1516,2112,,,
50,2,7,1,2763,1399,1912,1227,99,1903,,
0,2,7,0,,,,,,,,
0,2,7,0,,,,,,,,
0,2,8,0,,,,,,,,
0,2,8,0,,,,,,,,
64,2,8,2,1378,1852,1599,1335,1549,2295,,
18,2,9,1,1334,2595,1348,1367,,390,,
0,2,9,0,,,,,,,,
0,2,9,0,,,,,,,,
0,2,10,0,,,,,,,,
0,2,10,0,,,,,,,,
31,2,10,2,1295,1295,1660,1305,1646,785,,
45,2,11,1,1730,684,185,233,,179,,
0,2,11,0,,,,,,,,
0,2,11,0,,,,,,,,
0,2,12,0,,,,,,,,
49,2,12,2,1461,2659,1350,1645,,379,,
0,2,12,0,,,,,,,,
8,2,13,1,3469,1697,2226,173,,908,,
0,2,13,0,,,,,,,,
0,2,13,0,,,,,,,,
0,2,14,0,,,,,,,,
15,2,14,2,,311,2635,2320,1752,833,,
0,2,14,0,,,,,,,,
53,2,15,1,1119,815,673,1237,1877,1414,,
0,2,15,0,,,,,,,,
0,2,15,0,,,,,,,,
0,2,16,0,,,,,,,,
28,2,16,2,1250,2703,3231,1903,1168,1414,,
0,2,16,0,,,,,,,,
39,2,17,1,1480,1593,2097,1313,1169,2206,,
0,2,17,0,,,,,,,,
0,2,17,0,,,,,,,,
0,2,18,0,,,,,,,,
61,2,18,2,2277,1354,157,2714,1317,1788,,
0,2,18,0,,,,,,,,
5,2,19,1,,,199,194,1592,2026,,
0,2,19,0,,,,,,,,
0,2,19,0,,,,,,,,
0,2,20,0,,,,,,,,
48,2,20,2,1932,291,1935,1783,1614,819,,
0,2,20,0,,,,,,,,
9,2,21,1,1314,167,215,144,1222,194,,
0,2,21,0,,,,,,,,
0,2,21,0,,,,,,,,
0,2,22,0,,,,,,,,
44,2,22,2,1780,1606,1880,1663,1304,496,,
0,2,22,0,,,,,,,,
32,2,23,1,985,1277,1564,1316,1270,1617,,
0,2,23,0,,,,,,,,
0,2,23,0,,,,,,,,
0,2,24,0,,,,,,,,
16,2,24,2,2718,1891,1838,2358,,205,,
0,2,24,0,,,,,,,,
14,2,25,1,1598,388,256,3174,,115,,
0,2,25,0,,,,,,,,
0,2,25,0,,,,,,,,
0,2,26,0,,,,,,,,
10,2,26,2,1313,266,3215,3057,1810,1499,,
0,2,26,0,,,,,,,,
56,2,27,1,1051,1454,110,272,293,233,,
0,2,27,0,,,,,,,,
0,2,27,0,,,,,,,,
0,2,28,0,,,,,,,,
20,2,28,2,1671,228,270,247,392,1986,,
0,2,28,0,,,,,,,,
52,2,29,1,2317,1372,1837,1420,1986,1173,,
0,2,29,0,,,,,,,,
0,2,29,0,,,,,,,,
0,2,30,0,,,,,,,,
40,2,30,2,1991,1883,2234,1692,440,2267,,
0,2,30,0,,,,,,,,
30,2,31,1,1806,1340,1573,509,1356,1562,,
0,2,31,0,,,,,,,,
0,2,31,0,,,,,,,,
0,2,32,0,,,,,,,,
33,2,32,2,1500,2436,1877,1643,1184,1173,,
0,2,32,0,,,,,,,,
43,3,1,1,1247,337,1121,331,1126,101,145,
0,3,1,0,,,,,,,,
0,3,1,0,,,,,,,,
0,3,2,0,,,,,,,,
0,3,2,0,,,,,,,,
45,3,2,2,1643,748,145,123,105,198,767,
14,3,3,1,1930,1839,126,1217,160,747,,
0,3,3,0,,,,,,,,
0,3,3,0,,,,,,,,
0,3,4,0,,,,,,,,
0,3,4,0,,,,,,,,
33,3,4,2,2221,2373,,165,551,413,,
54,3,5,1,819,772,294,211,1009,1563,,
0,3,5,0,,,,,,,,
0,3,5,0,,,,,,,,
0,3,6,0,,,,,,,,
0,3,6,0,,,,,,,,
49,3,6,2,1497,199,1134,233,127,260,,
19,3,7,1,1938,922,1831,1320,,166,,
0,3,7,0,,,,,,,,
0,3,7,0,,,,,,,,
0,3,8,0,,,,,,,,
0,3,8,0,,,,,,,,
38,3,8,2,1223,1447,209,282,314,1038,,
65,3,9,1,1584,343,208,1502,786,,220,
0,3,9,0,,,,,,,,
0,3,9,0,,,,,,,,
0,3,10,0,,,,,,,,
0,3,10,0,,,,,,,,
56,3,10,2,740,1015,448,161,177,985,142,
64,3,11,1,513,589,1750,131,871,,,
0,3,11,0,,,,,,,,
0,3,11,0,,,,,,,,
0,3,12,0,,,,,,,,
8,3,12,2,1805,3590,,314,144,334,,
0,3,12,0,,,,,,,,
31,3,13,1,1636,1466,,166,133,187,,
0,3,13,0,,,,,,,,
0,3,13,0,,,,,,,,
0,3,14,0,,,,,,,,
62,3,14,2,1251,,403,199,482,,151,
0,3,14,0,,,,,,,,
6,3,15,1,1224,930,1064,1778,1565,206,,
0,3,15,0,,,,,,,,
0,3,15,0,,,,,,,,
0,3,16,0,,,,,,,,
36,3,16,2,1308,165,258,283,1137,2152,,
0,3,16,0,,,,,,,,
48,3,17,1,1471,140,197,1544,830,3030,,
0,3,17,0,,,,,,,,
0,3,17,0,,,,,,,,
0,3,18,0,,,,,,,,
7,3,18,2,1378,1126,215,975,402,132,,
0,3,18,0,,,,,,,,
67,3,19,1,1099,1142,763,969,798,2327,,
0,3,19,0,,,,,,,,
0,3,19,0,,,,,,,,
0,3,20,0,,,,,,,,
58,3,20,2,1717,,88,1564,360,2239,,
0,3,20,0,,,,,,,,
23,3,21,1,1496,1736,1387,960,,333,,
0,3,21,0,,,,,,,,
0,3,21,0,,,,,,,,
0,3,22,0,,,,,,,,
63,3,22,2,1439,112,401,145,185,1260,,
0,3,22,0,,,,,,,,
17,3,23,1,,151,1221,203,1043,974,,
0,3,23,0,,,,,,,,
0,3,23,0,,,,,,,,
0,3,24,0,,,,,,,,
30,3,24,2,1912,,216,219,,142,,
0,3,24,0,,,,,,,,
59,3,25,1,1704,455,,139,626,545,,
0,3,25,0,,,,,,,,
0,3,25,0,,,,,,,,
0,3,26,0,,,,,,,,
47,3,26,2,,252,394,397,1190,1994,,
0,3,26,0,,,,,,,,
42,3,27,1,1680,479,160,536,710,616,,
0,3,27,0,,,,,,,,
0,3,27,0,,,,,,,,
0,3,28,0,,,,,,,,
35,3,28,2,2192,143,696,485,1449,222,,
0,3,28,0,,,,,,,,
12,3,29,1,2870,135,170,147,233,,133,
0,3,29,0,,,,,,,,
0,3,29,0,,,,,,,,
0,3,30,0,,,,,,,,
25,3,30,2,1831,3173,1661,1317,,257,,
0,3,30,0,,,,,,,,
16,3,31,1,1558,151,426,324,148,252,,
0,3,31,0,,,,,,,,
0,3,31,0,,,,,,,,
0,3,32,0,,,,,,,,
18,3,32,2,1228,1492,1206,520,274,534,326,
0,3,32,0,,,,,,,,
47,4,1,1,549,129,1836,,269,161,,
0,4,1,0,,,,,,,,
0,4,1,0,,,,,,,,
0,4,2,0,,,,,,,,
0,4,2,0,,,,,,,,
54,4,2,2,105,100,2929,1447,,114,,
56,4,3,1,824,222,884,175,,378,,
0,4,3,0,,,,,,,,
0,4,3,0,,,,,,,,
0,4,4,0,,,,,,,,
0,4,4,0,,,,,,,,
27,4,4,2,1915,2004,102,1430,,185,,
13,4,5,1,3358,2512,,179,1070,1038,,
0,4,5,0,,,,,,,,
0,4,5,0,,,,,,,,
0,4,6,0,,,,,,,,
0,4,6,0,,,,,,,,
64,4,6,2,583,1230,341,1557,137,520,162,
31,4,7,1,1531,1710,1559,402,1140,1401,,
0,4,7,0,,,,,,,,
0,4,7,0,,,,,,,,
0,4,8,0,,,,,,,,
0,4,8,0,,,,,,,,
40,4,8,2,1028,1645,294,1043,1003,151,,
44,4,9,1,581,233,1138,604,195,178,,
0,4,9,0,,,,,,,,
0,4,9,0,,,,,,,,
0,4,10,0,,,,,,,,
0,4,10,0,,,,,,,,
58,4,10,2,1004,654,567,411,190,220,,
15,4,11,1,4216,471,180,117,181,280,,
0,4,11,0,,,,,,,,
0,4,11,0,,,,,,,,
0,4,12,0,,,,,,,,
36,4,12,2,1590,1463,453,904,,256,,
0,4,12,0,,,,,,,,
7,4,13,1,2481,2727,1924,1994,,320,,
0,4,13,0,,,,,,,,
0,4,13,0,,,,,,,,
0,4,14,0,,,,,,,,
49,4,14,2,799,856,145,,177,549,,
0,4,14,0,,,,,,,,
37,4,15,1,1294,500,1413,1154,1520,1220,,
0,4,15,0,,,,,,,,
0,4,15,0,,,,,,,,
0,4,16,0,,,,,,,,
35,4,16,2,3609,163,2074,2005,,277,,
0,4,16,0,,,,,,,,
30,4,17,1,5905,2280,92,956,1169,1292,,
0,4,17,0,,,,,,,,
0,4,17,0,,,,,,,,
0,4,18,0,,,,,,,,
52,4,18,2,1218,316,2847,416,153,429,,
0,4,18,0,,,,,,,,
46,4,19,1,991,457,691,628,93,511,,
0,4,19,0,,,,,,,,
0,4,19,0,,,,,,,,
0,4,20,0,,,,,,,,
50,4,20,2,2398,,148,126,156,150,,
0,4,20,0,,,,,,,,
53,4,21,1,849,199,141,485,1185,1752,,
0,4,21,0,,,,,,,,
0,4,21,0,,,,,,,,
0,4,22,0,,,,,,,,
5,4,22,2,1602,1582,2300,1524,1899,175,,
0,4,22,0,,,,,,,,
33,4,23,1,1299,1253,,195,1270,2241,,
0,4,23,0,,,,,,,,
0,4,23,0,,,,,,,,
0,4,24,0,,,,,,,,
62,4,24,2,678,177,406,207,,481,,
0,4,24,0,,,,,,,,
6,4,25,1,796,175,2490,2444,,193,,
0,4,25,0,,,,,,,,
0,4,25,0,,,,,,,,
0,4,26,0,,,,,,,,
18,4,26,2,3537,3186,1305,749,2711,582,,
0,4,26,0,,,,,,,,
17,4,27,1,1725,1432,1808,1676,198,398,,
0,4,27,0,,,,,,,,
0,4,27,0,,,,,,,,
0,4,28,0,,,,,,,,
42,4,28,2,1443,554,721,1001,339,559,,
0,4,28,0,,,,,,,,
43,4,29,1,569,223,118,1223,1616,2789,,
0,4,29,0,,,,,,,,
0,4,29,0,,,,,,,,
0,4,30,0,,,,,,,,
16,4,30,2,2250,239,231,,154,2575,,
0,4,30,0,,,,,,,,
29,4,31,1,546,375,2315,1349,925,2373,,
0,4,31,0,,,,,,,,
0,4,31,0,,,,,,,,
0,4,32,0,,,,,,,,
63,4,32,2,1341,1674,200,232,394,226,,
0,4,32,0,,,,,,,,
67,5,1,1,1641,2562,1314,1966,,86,,
0,5,1,0,,,,,,,,
0,5,1,0,,,,,,,,
0,5,2,0,,,,,,,,
0,5,2,0,,,,,,,,
35,5,2,2,2390,1981,2139,2380,1566,1040,,
60,5,3,1,2573,1641,1370,934,1182,911,,
0,5,3,0,,,,,,,,
0,5,3,0,,,,,,,,
0,5,4,0,,,,,,,,
0,5,4,0,,,,,,,,
6,5,4,2,3024,176,597,873,504,126,,
52,5,5,1,1445,2604,730,1251,1182,1411,,
0,5,5,0,,,,,,,,
0,5,5,0,,,,,,,,
0,5,6,0,,,,,,,,
0,5,6,0,,,,,,,,
43,5,6,2,1166,1399,1015,1022,879,793,,
17,5,7,1,2861,1047,1656,1930,869,973,,
0,5,7,0,,,,,,,,
0,5,7,0,,,,,,,,
0,5,8,0,,,,,,,,
0,5,8,0,,,,,,,,
9,5,8,2,2105,1976,,479,1020,172,,
64,5,9,1,1710,1865,1366,935,654,953,,
0,5,9,0,,,,,,,,
0,5,9,0,,,,,,,,
0,5,10,0,,,,,,,,
0,5,10,0,,,,,,,,
26,5,10,2,1561,1168,4301,1388,752,863,,
14,5,11,1,1007,106,1141,548,,224,,
0,5,11,0,,,,,,,,
0,5,11,0,,,,,,,,
0,5,12,0,,,,,,,,
42,5,12,2,1121,2809,1352,1520,,106,,
0,5,12,0,,,,,,,,
57,5,13,1,2211,1143,1641,1766,1902,660,,
0,5,13,0,,,,,,,,
0,5,13,0,,,,,,,,
0,5,14,0,,,,,,,,
66,5,14,2,959,1011,1039,585,1180,822,,
0,5,14,0,,,,,,,,
19,5,15,1,312,108,1173,143,163,163,,
0,5,15,0,,,,,,,,
0,5,15,0,,,,,,,,
0,5,16,0,,,,,,,,
39,5,16,2,2459,1611,2228,3825,642,889,,
0,5,16,0,,,,,,,,
45,5,17,1,3344,1679,249,821,774,713,,
0,5,17,0,,,,,,,,
0,5,17,0,,,,,,,,
0,5,18,0,,,,,,,,
62,5,18,2,1287,1824,1186,831,769,1092,,
0,5,18,0,,,,,,,,
38,5,19,1,1846,3446,1069,1374,1432,1328,,
0,5,19,0,,,,,,,,
0,5,19,0,,,,,,,,
0,5,20,0,,,,,,,,
33,5,20,2,2719,1348,1313,840,838,535,,
0,5,20,0,,,,,,,,
59,5,21,1,2298,1442,1766,885,1570,796,,
0,5,21,0,,,,,,,,
0,5,21,0,,,,,,,,
0,5,22,0,,,,,,,,
25,5,22,2,2316,1533,1581,1122,156,683,,
0,5,22,0,,,,,,,,
50,5,23,1,1672,1670,1109,1025,865,360,,
0,5,23,0,,,,,,,,
0,5,23,0,,,,,,,,
0,5,24,0,,,,,,,,
11,5,24,2,315,854,231,145,,746,,
0,5,24,0,,,,,,,,
51,5,25,1,1493,1225,1040,684,923,1475,,
0,5,25,0,,,,,,,,
0,5,25,0,,,,,,,,
0,5,26,0,,,,,,,,
41,5,26,2,2649,2205,2123,1585,1582,994,,
0,5,26,0,,,,,,,,
48,5,27,1,1449,1997,182,152,976,319,,
0,5,27,0,,,,,,,,
0,5,27,0,,,,,,,,
0,5,28,0,,,,,,,,
34,5,28,2,2342,930,2283,1444,1027,2300,,
0,5,28,0,,,,,,,,
56,5,29,1,93,271,1892,1117,1230,1041,,
0,5,29,0,,,,,,,,
0,5,29,0,,,,,,,,
0,5,30,0,,,,,,,,
49,5,30,2,1397,101,1855,1642,1338,1061,,
0,5,30,0,,,,,,,,
20,5,31,1,1174,220,,178,129,111,,
0,5,31,0,,,,,,,,
0,5,31,0,,,,,,,,
0,5,32,0,,,,,,,,
28,5,32,2,1582,1868,1075,765,1289,373,,
0,5,32,0,,,,,,,,
44,6,1,1,2273,3004,1932,1319,,352,,
0,6,1,0,,,,,,,,
0,6,1,0,,,,,,,,
0,6,2,0,,,,,,,,
0,6,2,0,,,,,,,,
26,6,2,2,3682,2197,2695,1228,1536,928,,
32,6,3,1,1745,1611,1409,1229,1201,1166,,
0,6,3,0,,,,,,,,
0,6,3,0,,,,,,,,
0,6,4,0,,,,,,,,
0,6,4,0,,,,,,,,
34,6,4,2,3162,3268,1359,1360,116,640,,
25,6,5,1,1431,1131,1514,1270,1156,755,,
0,6,5,0,,,,,,,,
0,6,5,0,,,,,,,,
0,6,6,0,,,,,,,,
0,6,6,0,,,,,,,,
51,6,6,2,2539,1589,1591,1638,1339,159,,
18,6,7,1,2246,2429,2567,186,139,1929,,
0,6,7,0,,,,,,,,
0,6,7,0,,,,,,,,
0,6,8,0,,,,,,,,
0,6,8,0,,,,,,,,
55,6,8,2,1500,2388,1708,862,1942,1048,,
6,6,9,1,10016,550,1552,907,,200,,
0,6,9,0,,,,,,,,
0,6,9,0,,,,,,,,
0,6,10,0,,,,,,,,
0,6,10,0,,,,,,,,
64,6,10,2,1116,1132,138,211,1036,1222,,
14,6,11,1,1794,2117,1485,993,,289,,
0,6,11,0,,,,,,,,
0,6,11,0,,,,,,,,
0,6,12,0,,,,,,,,
19,6,12,2,759,2359,1748,1472,142,462,,
0,6,12,0,,,,,,,,
41,6,13,1,3940,1856,1623,1361,1291,503,,
0,6,13,0,,,,,,,,
0,6,13,0,,,,,,,,
0,6,14,0,,,,,,,,
11,6,14,2,1603,1275,1736,1901,1993,272,,
0,6,14,0,,,,,,,,
56,6,15,1,2383,2128,1457,1385,1454,1189,,
0,6,15,0,,,,,,,,
0,6,15,0,,,,,,,,
0,6,16,0,,,,,,,,
60,6,16,2,2174,1459,1551,122,1346,625,,
0,6,16,0,,,,,,,,
7,6,17,1,2584,,2408,1566,1018,1010,,
0,6,17,0,,,,,,,,
0,6,17,0,,,,,,,,
0,6,18,0,,,,,,,,
5,6,18,2,1894,1447,1599,1246,1110,1240,,
0,6,18,0,,,,,,,,
31,6,19,1,761,204,2700,2004,1327,1284,,
0,6,19,0,,,,,,,,
0,6,19,0,,,,,,,,
0,6,20,0,,,,,,,,
12,6,20,2,2798,2035,225,1199,655,749,,
0,6,20,0,,,,,,,,
42,6,21,1,2308,1752,1386,953,999,1041,,
0,6,21,0,,,,,,,,
0,6,21,0,,,,,,,,
0,6,22,0,,,,,,,,
30,6,22,2,1364,1382,1249,1268,1545,322,,
0,6,22,0,,,,,,,,
39,6,23,1,,231,1016,1242,1184,820,,
0,6,23,0,,,,,,,,
0,6,23,0,,,,,,,,
0,6,24,0,,,,,,,,
36,6,24,2,2927,846,2068,940,,525,,
0,6,24,0,,,,,,,,
53,6,25,1,2026,2642,1304,1766,667,899,,
0,6,25,0,,,,,,,,
0,6,25,0,,,,,,,,
0,6,26,0,,,,,,,,
66,6,26,2,2535,1940,1190,1291,1298,807,,
0,6,26,0,,,,,,,,
16,6,27,1,2376,1568,1700,1442,410,299,,
0,6,27,0,,,,,,,,
0,6,27,0,,,,,,,,
0,6,28,0,,,,,,,,
40,6,28,2,3116,1551,3358,,542,702,,
0,6,28,0,,,,,,,,
43,6,29,1,1708,1908,132,1825,1911,947,,
0,6,29,0,,,,,,,,
0,6,29,0,,,,,,,,
0,6,30,0,,,,,,,,
15,6,30,2,2590,1544,1032,2222,1348,972,,
0,6,30,0,,,,,,,,
28,6,31,1,2141,650,2754,2634,1601,1494,,
0,6,31,0,,,,,,,,
0,6,31,0,,,,,,,,
0,6,32,0,,,,,,,,
24,6,32,2,1851,1091,2059,1686,2101,818,,
0,6,32,0,,,,,,,,
59,7,1,1,667,357,272,956,,134,,
0,7,1,0,,,,,,,,
0,7,1,0,,,,,,,,
0,7,2,0,,,,,,,,
0,7,2,0,,,,,,,,
53,7,2,2,1334,197,312,2730,1772,1172,,
62,7,3,1,1279,183,246,697,187,1044,,
0,7,3,0,,,,,,,,
0,7,3,0,,,,,,,,
0,7,4,0,,,,,,,,
0,7,4,0,,,,,,,,
10,7,4,2,1324,2594,702,133,122,209,,
57,7,5,1,145,168,1635,1470,737,1122,,
0,7,5,0,,,,,,,,
0,7,5,0,,,,,,,,
0,7,6,0,,,,,,,,
0,7,6,0,,,,,,,,
17,7,6,2,817,160,420,354,894,219,,
21,7,7,1,273,449,1414,933,444,199,,
0,7,7,0,,,,,,,,
0,7,7,0,,,,,,,,
0,7,8,0,,,,,,,,
0,7,8,0,,,,,,,,
32,7,8,2,1094,806,137,150,169,199,,
12,7,9,1,1869,334,191,311,,249,,
0,7,9,0,,,,,,,,
0,7,9,0,,,,,,,,
0,7,10,0,,,,,,,,
0,7,10,0,,,,,,,,
55,7,10,2,322,1669,1470,1441,858,1503,,
34,7,11,1,807,211,870,2935,417,206,,
0,7,11,0,,,,,,,,
0,7,11,0,,,,,,,,
0,7,12,0,,,,,,,,
47,7,12,2,1029,1067,173,108,,158,,
0,7,12,0,,,,,,,,
68,7,13,1,2315,506,174,2403,,121,211,
0,7,13,0,,,,,,,,
0,7,13,0,,,,,,,,
0,7,14,0,,,,,,,,
28,7,14,2,1768,804,355,175,351,114,113,
0,7,14,0,,,,,,,,
66,7,15,1,594,1501,912,152,181,213,,
0,7,15,0,,,,,,,,
0,7,15,0,,,,,,,,
0,7,16,0,,,,,,,,
16,7,16,2,502,665,2079,1661,280,134,,
0,7,16,0,,,,,,,,
27,7,17,1,2019,1021,242,386,1650,158,,
0,7,17,0,,,,,,,,
0,7,17,0,,,,,,,,
0,7,18,0,,,,,,,,
25,7,18,2,446,709,212,228,191,180,,
0,7,18,0,,,,,,,,
31,7,19,1,578,334,544,197,1386,429,,
0,7,19,0,,,,,,,,
0,7,19,0,,,,,,,,
0,7,20,0,,,,,,,,
9,7,20,2,2146,1617,350,153,,482,,
0,7,20,0,,,,,,,,
40,7,21,1,275,952,144,138,294,743,,
0,7,21,0,,,,,,,,
0,7,21,0,,,,,,,,
0,7,22,0,,,,,,,,
30,7,22,2,1127,805,286,537,641,277,,
0,7,22,0,,,,,,,,
36,7,23,1,406,159,273,155,345,326,,
0,7,23,0,,,,,,,,
0,7,23,0,,,,,,,,
0,7,24,0,,,,,,,,
35,7,24,2,424,997,231,149,,211,,
0,7,24,0,,,,,,,,
52,7,25,1,274,1406,210,2516,1037,776,,
0,7,25,0,,,,,,,,
0,7,25,0,,,,,,,,
0,7,26,0,,,,,,,,
23,7,26,2,227,158,482,154,188,619,,
0,7,26,0,,,,,,,,
37,7,27,1,725,161,1326,875,325,291,,
0,7,27,0,,,,,,,,
0,7,27,0,,,,,,,,
0,7,28,0,,,,,,,,
5,7,28,2,3423,1987,497,253,202,110,,
0,7,28,0,,,,,,,,
24,7,29,1,240,1471,477,161,394,654,261,
0,7,29,0,,,,,,,,
0,7,29,0,,,,,,,,
0,7,30,0,,,,,,,,
20,7,30,2,281,1861,843,114,1285,1260,,
0,7,30,0,,,,,,,,
8,7,31,1,1302,154,174,561,1461,2144,,
0,7,31,0,,,,,,,,
0,7,31,0,,,,,,,,
0,7,32,0,,,,,,,,
29,7,32,2,503,175,212,358,200,730,,
0,7,32,0,,,,,,,,
59,8,1,1,823,3089,,174,1218,316,,
0,8,1,0,,,,,,,,
0,8,1,0,,,,,,,,
0,8,2,0,,,,,,,,
0,8,2,0,,,,,,,,
39,8,2,2,5255,1371,1699,1271,,,,
57,8,3,1,430,787,455,1014,859,171,,
0,8,3,0,,,,,,,,
0,8,3,0,,,,,,,,
0,8,4,0,,,,,,,,
0,8,4,0,,,,,,,,
40,8,4,2,6931,186,162,968,238,424,,
43,8,5,1,3835,279,718,373,465,199,,
0,8,5,0,,,,,,,,
0,8,5,0,,,,,,,,
0,8,6,0,,,,,,,,
0,8,6,0,,,,,,,,
48,8,6,2,243,1967,2231,1231,177,200,,
8,8,7,1,3257,350,2167,1357,1420,1229,,
0,8,7,0,,,,,,,,
0,8,7,0,,,,,,,,
0,8,8,0,,,,,,,,
0,8,8,0,,,,,,,,
24,8,8,2,5548,1647,1169,279,539,,,
55,8,9,1,809,946,170,538,107,,195,
0,8,9,0,,,,,,,,
0,8,9,0,,,,,,,,
0,8,10,0,,,,,,,,
0,8,10,0,,,,,,,,
20,8,10,2,2457,554,1149,1056,1552,738,,
16,8,11,1,5749,1347,251,188,205,248,,
0,8,11,0,,,,,,,,
0,8,11,0,,,,,,,,
0,8,12,0,,,,,,,,
11,8,12,2,1395,180,1056,1374,1381,1057,,
0,8,12,0,,,,,,,,
51,8,13,1,627,326,453,1145,928,253,,
0,8,13,0,,,,,,,,
0,8,13,0,,,,,,,,
0,8,14,0,,,,,,,,
58,8,14,2,886,867,353,330,149,,392,
0,8,14,0,,,,,,,,
56,8,15,1,424,3498,573,219,374,1528,,
0,8,15,0,,,,,,,,
0,8,15,0,,,,,,,,
0,8,16,0,,,,,,,,
18,8,16,2,6289,2760,2351,241,474,270,,
0,8,16,0,,,,,,,,
65,8,17,1,774,139,94,1085,419,337,,
0,8,17,0,,,,,,,,
0,8,17,0,,,,,,,,
0,8,18,0,,,,,,,,
13,8,18,2,947,467,300,305,,560,,
0,8,18,0,,,,,,,,
21,8,19,1,732,474,1173,,532,1870,,
0,8,19,0,,,,,,,,
0,8,19,0,,,,,,,,
0,8,20,0,,,,,,,,
5,8,20,2,4445,1915,3228,2235,,164,,
0,8,20,0,,,,,,,,
64,8,21,1,609,226,144,1044,704,375,,
0,8,21,0,,,,,,,,
0,8,21,0,,,,,,,,
0,8,22,0,,,,,,,,
33,8,22,2,3192,715,1918,1426,,514,,
0,8,22,0,,,,,,,,
41,8,23,1,2771,902,636,1741,1541,2035,,
0,8,23,0,,,,,,,,
0,8,23,0,,,,,,,,
0,8,24,0,,,,,,,,
26,8,24,2,3248,1033,766,1929,,208,,
0,8,24,0,,,,,,,,
6,8,25,1,2717,2604,2924,1881,,228,,
0,8,25,0,,,,,,,,
0,8,25,0,,,,,,,,
0,8,26,0,,,,,,,,
49,8,26,2,353,571,369,393,256,231,,
0,8,26,0,,,,,,,,
12,8,27,1,834,255,4108,210,183,430,,
0,8,27,0,,,,,,,,
0,8,27,0,,,,,,,,
0,8,28,0,,,,,,,,
28,8,28,2,4414,163,883,313,173,173,,
0,8,28,0,,,,,,,,
30,8,29,1,2241,869,226,345,233,165,,
0,8,29,0,,,,,,,,
0,8,29,0,,,,,,,,
0,8,30,0,,,,,,,,
53,8,30,2,452,168,258,332,722,532,,
0,8,30,0,,,,,,,,
50,8,31,1,357,5674,1150,2539,1396,170,287,
0,8,31,0,,,,,,,,
0,8,31,0,,,,,,,,
0,8,32,0,,,,,,,,
10,8,32,2,,395,210,948,,223,,
0,8,32,0,,,,,,,,
15,9,1,1,2055,143,397,1572,,151,,
0,9,1,0,,,,,,,,
0,9,1,0,,,,,,,,
0,9,2,0,,,,,,,,
0,9,2,0,,,,,,,,
63,9,2,2,2765,2861,2702,793,307,350,,
40,9,3,1,1219,194,618,1844,,425,,
0,9,3,0,,,,,,,,
0,9,3,0,,,,,,,,
0,9,4,0,,,,,,,,
0,9,4,0,,,,,,,,
24,9,4,2,4038,2411,3714,,653,1620,114,
34,9,5,1,860,245,,99,1565,1925,,
0,9,5,0,,,,,,,,
0,9,5,0,,,,,,,,
0,9,6,0,,,,,,,,
0,9,6,0,,,,,,,,
26,9,6,2,2695,,392,309,345,197,,
7,9,7,1,1937,1459,2792,1814,2067,2585,,
0,9,7,0,,,,,,,,
0,9,7,0,,,,,,,,
0,9,8,0,,,,,,,,
0,9,8,0,,,,,,,,
43,9,8,2,2028,1781,1915,2711,1546,,,
60,9,9,1,1788,875,199,1322,484,,146,
0,9,9,0,,,,,,,,
0,9,9,0,,,,,,,,
0,9,10,0,,,,,,,,
0,9,10,0,,,,,,,,
33,9,10,2,2085,1943,,,837,972,,
31,9,11,1,1823,653,531,210,164,250,,
0,9,11,0,,,,,,,,
0,9,11,0,,,,,,,,
0,9,12,0,,,,,,,,
21,9,12,2,2776,4698,,143,,233,,
0,9,12,0,,,,,,,,
64,9,13,1,1718,127,1976,2283,,398,,
0,9,13,0,,,,,,,,
0,9,13,0,,,,,,,,
0,9,14,0,,,,,,,,
66,9,14,2,2268,257,280,1305,156,,221,
0,9,14,0,,,,,,,,
61,9,15,1,1444,1318,1682,1402,985,306,,
0,9,15,0,,,,,,,,
0,9,15,0,,,,,,,,
0,9,16,0,,,,,,,,
53,9,16,2,2612,579,176,1584,,288,,
0,9,16,0,,,,,,,,
51,9,17,1,1494,2827,2867,2560,2025,2280,,
0,9,17,0,,,,,,,,
0,9,17,0,,,,,,,,
0,9,18,0,,,,,,,,
9,9,18,2,2803,1646,1864,222,1694,425,,
0,9,18,0,,,,,,,,
20,9,19,1,2353,2068,2688,1151,1314,201,,
0,9,19,0,,,,,,,,
0,9,19,0,,,,,,,,
0,9,20,0,,,,,,,,
36,9,20,2,3004,,248,,,118,,
0,9,20,0,,,,,,,,
14,9,21,1,2897,1353,1754,2100,1188,886,95,
0,9,21,0,,,,,,,,
0,9,21,0,,,,,,,,
0,9,22,0,,,,,,,,
17,9,22,2,2237,2592,198,824,238,113,,
0,9,22,0,,,,,,,,
59,9,23,1,2462,,1500,1462,1288,2647,,
0,9,23,0,,,,,,,,
0,9,23,0,,,,,,,,
0,9,24,0,,,,,,,,
39,9,24,2,3464,1923,988,117,509,,,
0,9,24,0,,,,,,,,
32,9,25,1,2748,573,86,853,216,90,,
0,9,25,0,,,,,,,,
0,9,25,0,,,,,,,,
0,9,26,0,,,,,,,,
67,9,26,2,3477,3414,,509,3077,2258,,
0,9,26,0,,,,,,,,
56,9,27,1,2117,2418,2624,,1277,428,,
0,9,27,0,,,,,,,,
0,9,27,0,,,,,,,,
0,9,28,0,,,,,,,,
22,9,28,2,3026,1766,2744,740,211,373,,
0,9,28,0,,,,,,,,
46,9,29,1,2488,2887,3495,958,327,1837,,
0,9,29,0,,,,,,,,
0,9,29,0,,,,,,,,
0,9,30,0,,,,,,,,
5,9,30,2,2862,2146,2279,2407,2398,2891,,
0,9,30,0,,,,,,,,
10,9,31,1,1604,3165,2128,1327,1491,1168,,
0,9,31,0,,,,,,,,
0,9,31,0,,,,,,,,
0,9,32,0,,,,,,,,
28,9,32,2,1896,2686,3338,2418,,248,,
0,9,32,0,,,,,,,,
35,10,1,1,2379,2137,1696,2647,,332,,
0,10,1,0,,,,,,,,
0,10,1,0,,,,,,,,
0,10,2,0,,,,,,,,
0,10,2,0,,,,,,,,
45,10,2,2,2724,1979,1646,2320,2165,1717,,
30,10,3,1,3354,1465,2022,298,,83,,
0,10,3,0,,,,,,,,
0,10,3,0,,,,,,,,
0,10,4,0,,,,,,,,
0,10,4,0,,,,,,,,
33,10,4,2,2182,3027,176,1834,1594,1729,,
21,10,5,1,2885,1692,1626,1578,935,1053,,
0,10,5,0,,,,,,,,
0,10,5,0,,,,,,,,
0,10,6,0,,,,,,,,
0,10,6,0,,,,,,,,
50,10,6,2,1888,1848,2591,298,1316,1438,,
58,10,7,1,2282,1523,2061,1707,1243,719,,
0,10,7,0,,,,,,,,
0,10,7,0,,,,,,,,
0,10,8,0,,,,,,,,
0,10,8,0,,,,,,,,
47,10,8,2,1230,2212,2287,1441,1598,1363,,
65,10,9,1,1274,2541,1560,1145,,171,,
0,10,9,0,,,,,,,,
0,10,9,0,,,,,,,,
0,10,10,0,,,,,,,,
0,10,10,0,,,,,,,,
8,10,10,2,,133,1475,1165,1738,1536,,
29,10,11,1,2367,1774,1961,118,,222,,
0,10,11,0,,,,,,,,
0,10,11,0,,,,,,,,
0,10,12,0,,,,,,,,
39,10,12,2,1547,2740,1502,2105,191,119,,
0,10,12,0,,,,,,,,
55,10,13,1,2551,1281,1906,2163,1801,768,,
0,10,13,0,,,,,,,,
0,10,13,0,,,,,,,,
0,10,14,0,,,,,,,,
17,10,14,2,2254,1224,2445,1421,1592,1132,,
0,10,14,0,,,,,,,,
61,10,15,1,1668,1101,145,2140,2200,1084,,
0,10,15,0,,,,,,,,
0,10,15,0,,,,,,,,
0,10,16,0,,,,,,,,
57,10,16,2,2322,2629,2360,1602,1303,813,,
0,10,16,0,,,,,,,,
64,10,17,1,2211,1679,1788,1002,770,636,,
0,10,17,0,,,,,,,,
0,10,17,0,,,,,,,,
0,10,18,0,,,,,,,,
32,10,18,2,1550,2126,2783,1536,1228,2165,,
0,10,18,0,,,,,,,,
14,10,19,1,2329,3350,1945,1860,1676,1789,,
0,10,19,0,,,,,,,,
0,10,19,0,,,,,,,,
0,10,20,0,,,,,,,,
12,10,20,2,3402,793,1925,2956,805,1107,,
0,10,20,0,,,,,,,,
49,10,21,1,2039,1217,1135,1480,1341,873,,
0,10,21,0,,,,,,,,
0,10,21,0,,,,,,,,
0,10,22,0,,,,,,,,
25,10,22,2,1663,1418,1753,997,2331,960,,
0,10,22,0,,,,,,,,
40,10,23,1,2197,1491,1758,1139,1464,1138,,
0,10,23,0,,,,,,,,
0,10,23,0,,,,,,,,
0,10,24,0,,,,,,,,
26,10,24,2,2381,1359,1267,1165,209,120,,
0,10,24,0,,,,,,,,
44,10,25,1,2439,1802,2623,2371,1215,1274,,
0,10,25,0,,,,,,,,
0,10,25,0,,,,,,,,
0,10,26,0,,,,,,,,
54,10,26,2,1460,1209,1725,209,1332,83,,
0,10,26,0,,,,,,,,
53,10,27,1,2778,1739,150,1298,429,125,,
0,10,27,0,,,,,,,,
0,10,27,0,,,,,,,,
0,10,28,0,,,,,,,,
60,10,28,2,2340,2073,2199,190,1125,2038,,
0,10,28,0,,,,,,,,
5,10,29,1,2798,2139,163,1566,209,1684,,
0,10,29,0,,,,,,,,
0,10,29,0,,,,,,,,
0,10,30,0,,,,,,,,
52,10,30,2,2295,1944,1349,1948,1502,2532,,
0,10,30,0,,,,,,,,
6,10,31,1,2754,3412,468,1495,1792,1492,,
0,10,31,0,,,,,,,,
0,10,31,0,,,,,,,,
0,10,32,0,,,,,,,,
23,10,32,2,2075,2283,1688,1636,1109,1254,,
0,10,32,0,,,,,,,,
10,11,1,1,3091,1527,130,918,,133,,
0,11,1,0,,,,,,,,
0,11,1,0,,,,,,,,
0,11,2,0,,,,,,,,
0,11,2,0,,,,,,,,
22,11,2,2,1363,1848,2017,3175,471,634,,
57,11,3,1,1231,544,832,704,481,1526,,
0,11,3,0,,,,,,,,
0,11,3,0,,,,,,,,
0,11,4,0,,,,,,,,
0,11,4,0,,,,,,,,
61,11,4,2,777,2804,1733,858,127,441,,
46,11,5,1,834,128,98,393,694,747,,
0,11,5,0,,,,,,,,
0,11,5,0,,,,,,,,
0,11,6,0,,,,,,,,
0,11,6,0,,,,,,,,
64,11,6,2,1370,736,1662,684,687,120,,
17,11,7,1,1292,109,939,1063,126,993,,
0,11,7,0,,,,,,,,
0,11,7,0,,,,,,,,
0,11,8,0,,,,,,,,
0,11,8,0,,,,,,,,
6,11,8,2,1648,1904,831,1603,1564,1866,,
29,11,9,1,848,1025,1158,1598,223,95,,
0,11,9,0,,,,,,,,
0,11,9,0,,,,,,,,
0,11,10,0,,,,,,,,
0,11,10,0,,,,,,,,
44,11,10,2,952,1305,903,928,132,559,,
24,11,11,1,1220,1780,1837,650,,190,,
0,11,11,0,,,,,,,,
0,11,11,0,,,,,,,,
0,11,12,0,,,,,,,,
26,11,12,2,729,1099,1173,743,921,561,,
0,11,12,0,,,,,,,,
51,11,13,1,1363,778,1006,780,1431,649,,
0,11,13,0,,,,,,,,
0,11,13,0,,,,,,,,
0,11,14,0,,,,,,,,
52,11,14,2,839,698,847,869,744,499,,
0,11,14,0,,,,,,,,
34,11,15,1,948,1225,225,133,854,633,,
0,11,15,0,,,,,,,,
0,11,15,0,,,,,,,,
0,11,16,0,,,,,,,,
33,11,16,2,1500,935,345,305,637,846,,
0,11,16,0,,,,,,,,
20,11,17,1,2081,1889,1684,989,858,937,,
0,11,17,0,,,,,,,,
0,11,17,0,,,,,,,,
0,11,18,0,,,,,,,,
12,11,18,2,1248,114,2286,261,1401,1443,,
0,11,18,0,,,,,,,,
21,11,19,1,1332,2422,1433,754,1088,1267,,
0,11,19,0,,,,,,,,
0,11,19,0,,,,,,,,
0,11,20,0,,,,,,,,
67,11,20,2,1226,1537,2406,1864,865,237,,
0,11,20,0,,,,,,,,
32,11,21,1,1405,813,1439,839,602,707,,
0,11,21,0,,,,,,,,
0,11,21,0,,,,,,,,
0,11,22,0,,,,,,,,
13,11,22,2,1428,414,93,233,1349,152,,
0,11,22,0,,,,,,,,
54,11,23,1,1203,761,689,135,819,966,,
0,11,23,0,,,,,,,,
0,11,23,0,,,,,,,,
0,11,24,0,,,,,,,,
25,11,24,2,1332,1541,1586,1324,,228,,
0,11,24,0,,,,,,,,
39,11,25,1,1400,1357,235,935,795,856,,
0,11,25,0,,,,,,,,
0,11,25,0,,,,,,,,
0,11,26,0,,,,,,,,
55,11,26,2,651,690,711,1314,1455,434,,
0,11,26,0,,,,,,,,
50,11,27,1,1088,900,688,664,255,105,,
0,11,27,0,,,,,,,,
0,11,27,0,,,,,,,,
0,11,28,0,,,,,,,,
48,11,28,2,1564,920,2022,906,829,1138,,
0,11,28,0,,,,,,,,
40,11,29,1,1417,330,402,912,143,731,,
0,11,29,0,,,,,,,,
0,11,29,0,,,,,,,,
0,11,30,0,,,,,,,,
31,11,30,2,2324,1656,198,589,1230,669,,
0,11,30,0,,,,,,,,
53,11,31,1,1184,1543,1820,1163,128,727,,
0,11,31,0,,,,,,,,
0,11,31,0,,,,,,,,
0,11,32,0,,,,,,,,
35,11,32,2,754,642,137,292,119,449,,
0,11,32,0,,,,,,,,
5,12,1,1,2446,2009,109,1315,,181,,
0,12,1,0,,,,,,,,
0,12,1,0,,,,,,,,
0,12,2,0,,,,,,,,
0,12,2,0,,,,,,,,
46,12,2,2,1549,3314,1377,1122,1320,1420,,
55,12,3,1,1493,1118,1056,1244,811,1148,,
0,12,3,0,,,,,,,,
0,12,3,0,,,,,,,,
0,12,4,0,,,,,,,,
0,12,4,0,,,,,,,,
34,12,4,2,1192,1766,1343,1372,320,352,,
31,12,5,1,2375,2048,2764,804,344,1185,,
0,12,5,0,,,,,,,,
0,12,5,0,,,,,,,,
0,12,6,0,,,,,,,,
0,12,6,0,,,,,,,,
61,12,6,2,1364,147,761,915,141,137,,
17,12,7,1,1783,487,497,192,1761,1454,,
0,12,7,0,,,,,,,,
0,12,7,0,,,,,,,,
0,12,8,0,,,,,,,,
0,12,8,0,,,,,,,,
38,12,8,2,1641,1216,894,926,839,238,,
23,12,9,1,1017,1012,908,859,185,308,,
0,12,9,0,,,,,,,,
0,12,9,0,,,,,,,,
0,12,10,0,,,,,,,,
0,12,10,0,,,,,,,,
12,12,10,2,1715,1153,1359,1120,1414,291,,
67,12,11,1,1556,1801,118,1248,,369,,
0,12,11,0,,,,,,,,
0,12,11,0,,,,,,,,
0,12,12,0,,,,,,,,
11,12,12,2,1257,1713,1272,1900,,328,,
0,12,12,0,,,,,,,,
15,12,13,1,1819,267,1535,1263,,136,,
0,12,13,0,,,,,,,,
0,12,13,0,,,,,,,,
0,12,14,0,,,,,,,,
41,12,14,2,1296,1183,680,373,216,2173,,
0,12,14,0,,,,,,,,
26,12,15,1,1776,1399,1162,1948,1635,268,,
0,12,15,0,,,,,,,,
0,12,15,0,,,,,,,,
0,12,16,0,,,,,,,,
33,12,16,2,2378,1391,2236,1232,1550,860,,
0,12,16,0,,,,,,,,
48,12,17,1,2957,3119,2299,1018,899,1104,,
0,12,17,0,,,,,,,,
0,12,17,0,,,,,,,,
0,12,18,0,,,,,,,,
42,12,18,2,1192,2100,1339,1836,774,1293,,
0,12,18,0,,,,,,,,
66,12,19,1,1942,1835,1213,913,1359,1693,,
0,12,19,0,,,,,,,,
0,12,19,0,,,,,,,,
0,12,20,0,,,,,,,,
22,12,20,2,2182,1917,1380,1038,1102,1103,,
0,12,20,0,,,,,,,,
58,12,21,1,2652,822,1027,183,860,942,,
0,12,21,0,,,,,,,,
0,12,21,0,,,,,,,,
0,12,22,0,,,,,,,,
8,12,22,2,1590,1753,617,684,989,1550,,
0,12,22,0,,,,,,,,
57,12,23,1,1488,975,1503,915,705,1035,,
0,12,23,0,,,,,,,,
0,12,23,0,,,,,,,,
0,12,24,0,,,,,,,,
21,12,24,2,1953,1166,1647,1161,,865,,
0,12,24,0,,,,,,,,
14,12,25,1,1846,1793,243,1017,,102,,
0,12,25,0,,,,,,,,
0,12,25,0,,,,,,,,
0,12,26,0,,,,,,,,
19,12,26,2,2100,2026,440,1431,1135,,,
0,12,26,0,,,,,,,,
30,12,27,1,2653,1346,2370,994,409,151,,
0,12,27,0,,,,,,,,
0,12,27,0,,,,,,,,
0,12,28,0,,,,,,,,
10,12,28,2,1551,1750,1565,135,2463,2286,,
0,12,28,0,,,,,,,,
9,12,29,1,2137,1510,2099,1551,161,837,,
0,12,29,0,,,,,,,,
0,12,29,0,,,,,,,,
0,12,30,0,,,,,,,,
63,12,30,2,2337,1636,1760,2948,901,1123,,
0,12,30,0,,,,,,,,
49,12,31,1,1431,1482,1053,586,945,1122,,
0,12,31,0,,,,,,,,
0,12,31,0,,,,,,,,
0,12,32,0,,,,,,,,
45,12,32,2,2111,527,277,1567,1028,832,,
0,12,32,0,,,,,,,,
27,13,1,1,1898,2174,1414,1716,,246,,
0,13,1,0,,,,,,,,
0,13,1,0,,,,,,,,
0,13,2,0,,,,,,,,
0,13,2,0,,,,,,,,
44,13,2,2,2392,2200,2215,2221,1906,129,,
58,13,3,1,2334,1557,1831,1660,,347,,
0,13,3,0,,,,,,,,
0,13,3,0,,,,,,,,
0,13,4,0,,,,,,,,
0,13,4,0,,,,,,,,
52,13,4,2,1991,2762,2130,2340,374,1393,,
10,13,5,1,867,1346,1018,345,1345,117,,
0,13,5,0,,,,,,,,
0,13,5,0,,,,,,,,
0,13,6,0,,,,,,,,
0,13,6,0,,,,,,,,
14,13,6,2,2571,1911,1770,1528,1003,1641,,
41,13,7,1,1916,1454,1955,198,1356,1588,,
0,13,7,0,,,,,,,,
0,13,7,0,,,,,,,,
0,13,8,0,,,,,,,,
0,13,8,0,,,,,,,,
12,13,8,2,1042,1310,735,1634,1692,3922,,
21,13,9,1,1852,2263,2438,1193,139,270,,
0,13,9,0,,,,,,,,
0,13,9,0,,,,,,,,
0,13,10,0,,,,,,,,
0,13,10,0,,,,,,,,
56,13,10,2,1377,1650,1374,1624,1378,1508,,
7,13,11,1,1564,556,155,339,303,418,,
0,13,11,0,,,,,,,,
0,13,11,0,,,,,,,,
0,13,12,0,,,,,,,,
8,13,12,2,1584,1939,268,154,,165,,
0,13,12,0,,,,,,,,
54,13,13,1,2921,2113,3418,2213,2426,1346,,
0,13,13,0,,,,,,,,
0,13,13,0,,,,,,,,
0,13,14,0,,,,,,,,
15,13,14,2,1776,1104,2142,1741,1513,862,,
0,13,14,0,,,,,,,,
30,13,15,1,1440,1212,1224,171,103,1412,,
0,13,15,0,,,,,,,,
0,13,15,0,,,,,,,,
0,13,16,0,,,,,,,,
28,13,16,2,2114,2404,707,2015,1062,1176,,
0,13,16,0,,,,,,,,
20,13,17,1,2366,2219,540,1387,1117,1714,,
0,13,17,0,,,,,,,,
0,13,17,0,,,,,,,,
0,13,18,0,,,,,,,,
47,13,18,2,2427,2406,1369,1326,1195,1525,,
0,13,18,0,,,,,,,,
38,13,19,1,4682,1742,2149,1381,1468,2022,,
0,13,19,0,,,,,,,,
0,13,19,0,,,,,,,,
0,13,20,0,,,,,,,,
66,13,20,2,2041,1895,2664,2841,1251,1921,,
0,13,20,0,,,,,,,,
50,13,21,1,2009,1904,2113,2660,1870,1497,,
0,13,21,0,,,,,,,,
0,13,21,0,,,,,,,,
0,13,22,0,,,,,,,,
32,13,22,2,2304,1563,1912,1282,1711,1479,,
0,13,22,0,,,,,,,,
45,13,23,1,1884,2106,1660,2068,1614,1710,,
0,13,23,0,,,,,,,,
0,13,23,0,,,,,,,,
0,13,24,0,,,,,,,,
49,13,24,2,2603,409,1993,1039,,850,,
0,13,24,0,,,,,,,,
65,13,25,1,2434,1956,3276,,109,1368,,
0,13,25,0,,,,,,,,
0,13,25,0,,,,,,,,
0,13,26,0,,,,,,,,
23,13,26,2,2740,1457,1556,1747,2741,1567,,
0,13,26,0,,,,,,,,
60,13,27,1,1915,1786,2067,1850,241,533,,
0,13,27,0,,,,,,,,
0,13,27,0,,,,,,,,
0,13,28,0,,,,,,,,
33,13,28,2,2085,1449,1793,1484,1367,2589,,
0,13,28,0,,,,,,,,
48,13,29,1,2035,2098,2098,1440,1914,1255,,
0,13,29,0,,,,,,,,
0,13,29,0,,,,,,,,
0,13,30,0,,,,,,,,
37,13,30,2,3648,2269,2075,1842,1368,1853,,
0,13,30,0,,,,,,,,
42,13,31,1,2251,1891,1810,974,1644,1933,,
0,13,31,0,,,,,,,,
0,13,31,0,,,,,,,,
0,13,32,0,,,,,,,,
17,13,32,2,1662,1692,1733,1424,1601,919,,
0,13,32,0,,,,,,,,
22,14,1,1,1378,1254,138,749,,120,,
0,14,1,0,,,,,,,,
0,14,1,0,,,,,,,,
0,14,2,0,,,,,,,,
0,14,2,0,,,,,,,,
8,14,2,2,1897,1874,2138,1666,1437,921,,
57,14,3,1,2230,1523,1035,1048,679,1346,,
0,14,3,0,,,,,,,,
0,14,3,0,,,,,,,,
0,14,4,0,,,,,,,,
0,14,4,0,,,,,,,,
13,14,4,2,1399,899,186,444,190,1254,,
44,14,5,1,3274,1363,263,993,644,927,,
0,14,5,0,,,,,,,,
0,14,5,0,,,,,,,,
0,14,6,0,,,,,,,,
0,14,6,0,,,,,,,,
18,14,6,2,928,826,596,173,341,1291,,
24,14,7,1,2002,782,1293,892,589,1256,,
0,14,7,0,,,,,,,,
0,14,7,0,,,,,,,,
0,14,8,0,,,,,,,,
0,14,8,0,,,,,,,,
39,14,8,2,833,828,760,788,1019,174,,
5,14,9,1,1276,1198,1050,897,223,107,,
0,14,9,0,,,,,,,,
0,14,9,0,,,,,,,,
0,14,10,0,,,,,,,,
0,14,10,0,,,,,,,,
15,14,10,2,1752,1321,753,1154,1460,1055,,
32,14,11,1,1534,1229,1459,501,,148,,
0,14,11,0,,,,,,,,
0,14,11,0,,,,,,,,
0,14,12,0,,,,,,,,
46,14,12,2,1111,1503,1412,1059,1187,471,,
0,14,12,0,,,,,,,,
49,14,13,1,1613,1176,1421,1010,1797,860,,
0,14,13,0,,,,,,,,
0,14,13,0,,,,,,,,
0,14,14,0,,,,,,,,
65,14,14,2,527,170,959,801,402,126,,
0,14,14,0,,,,,,,,
17,14,15,1,1127,1047,962,1232,1456,1150,,
0,14,15,0,,,,,,,,
0,14,15,0,,,,,,,,
0,14,16,0,,,,,,,,
43,14,16,2,1191,1135,1788,1182,813,1105,,
0,14,16,0,,,,,,,,
26,14,17,1,1275,1108,1054,833,555,1681,,
0,14,17,0,,,,,,,,
0,14,17,0,,,,,,,,
0,14,18,0,,,,,,,,
41,14,18,2,1191,1742,1237,1165,939,1359,,
0,14,18,0,,,,,,,,
12,14,19,1,1324,1854,2943,1245,1391,1791,,
0,14,19,0,,,,,,,,
0,14,19,0,,,,,,,,
0,14,20,0,,,,,,,,
53,14,20,2,1354,1340,2377,1337,1026,1613,,
0,14,20,0,,,,,,,,
61,14,21,1,1752,883,1312,163,,224,,
0,14,21,0,,,,,,,,
0,14,21,0,,,,,,,,
0,14,22,0,,,,,,,,
66,14,22,2,2845,414,177,1399,1622,1246,,
0,14,22,0,,,,,,,,
67,14,23,1,2273,1565,1691,1137,712,1431,,
0,14,23,0,,,,,,,,
0,14,23,0,,,,,,,,
0,14,24,0,,,,,,,,
55,14,24,2,1442,712,1415,624,,160,,
0,14,24,0,,,,,,,,
52,14,25,1,944,954,857,972,762,1837,,
0,14,25,0,,,,,,,,
0,14,25,0,,,,,,,,
0,14,26,0,,,,,,,,
28,14,26,2,1471,1029,1164,893,1376,2658,,
0,14,26,0,,,,,,,,
60,14,27,1,2322,868,2741,1093,89,742,,
0,14,27,0,,,,,,,,
0,14,27,0,,,,,,,,
0,14,28,0,,,,,,,,
10,14,28,2,2120,389,1849,1337,194,105,,
0,14,28,0,,,,,,,,
54,14,29,1,207,208,1536,1094,113,122,,
0,14,29,0,,,,,,,,
0,14,29,0,,,,,,,,
0,14,30,0,,,,,,,,
20,14,30,2,1690,2220,1696,1646,1629,2364,,
0,14,30,0,,,,,,,,
36,14,31,1,1686,1407,2263,819,1145,1363,,
0,14,31,0,,,,,,,,
0,14,31,0,,,,,,,,
0,14,32,0,,,,,,,,
21,14,32,2,976,1147,897,1761,1514,672,,
0,14,32,0,,,,,,,,
63,15,1,1,1272,1414,732,1140,874,1187,,
0,15,1,0,,,,,,,,
0,15,1,0,,,,,,,,
0,15,2,0,,,,,,,,
0,15,2,0,,,,,,,,
23,15,2,2,1396,1110,2421,1296,1365,464,,
41,15,3,1,1403,825,849,870,809,877,,
0,15,3,0,,,,,,,,
0,15,3,0,,,,,,,,
0,15,4,0,,,,,,,,
0,15,4,0,,,,,,,,
45,15,4,2,1287,1265,1402,1105,779,174,,
39,15,5,1,1081,653,524,802,741,784,,
0,15,5,0,,,,,,,,
0,15,5,0,,,,,,,,
0,15,6,0,,,,,,,,
0,15,6,0,,,,,,,,
10,15,6,2,1361,1244,1108,1063,929,,,
5,15,7,1,1727,889,841,898,1104,1892,,
0,15,7,0,,,,,,,,
0,15,7,0,,,,,,,,
0,15,8,0,,,,,,,,
0,15,8,0,,,,,,,,
55,15,8,2,974,1155,1052,921,1097,1019,,
59,15,9,1,1196,1150,1011,885,,107,,
0,15,9,0,,,,,,,,
0,15,9,0,,,,,,,,
0,15,10,0,,,,,,,,
0,15,10,0,,,,,,,,
57,15,10,2,1300,1807,1719,1947,1326,918,,
65,15,11,1,1449,2265,2356,1167,,325,,
0,15,11,0,,,,,,,,
0,15,11,0,,,,,,,,
0,15,12,0,,,,,,,,
26,15,12,2,848,596,1181,662,,123,,
0,15,12,0,,,,,,,,
30,15,13,1,1238,673,1374,619,973,1041,,
0,15,13,0,,,,,,,,
0,15,13,0,,,,,,,,
0,15,14,0,,,,,,,,
53,15,14,2,934,571,1305,1086,1151,852,,
0,15,14,0,,,,,,,,
43,15,15,1,796,736,638,246,724,953,,
0,15,15,0,,,,,,,,
0,15,15,0,,,,,,,,
0,15,16,0,,,,,,,,
18,15,16,2,1469,767,2777,1077,574,864,,
0,15,16,0,,,,,,,,
8,15,17,1,1279,1181,1320,1039,1015,1709,,
0,15,17,0,,,,,,,,
0,15,17,0,,,,,,,,
0,15,18,0,,,,,,,,
37,15,18,2,1085,832,939,133,953,1100,,
0,15,18,0,,,,,,,,
27,15,19,1,1228,1164,430,246,1000,1537,,
0,15,19,0,,,,,,,,
0,15,19,0,,,,,,,,
0,15,20,0,,,,,,,,
49,15,20,2,1637,1140,1768,945,859,507,,
0,15,20,0,,,,,,,,
17,15,21,1,1369,1010,870,1333,864,871,,
0,15,21,0,,,,,,,,
0,15,21,0,,,,,,,,
0,15,22,0,,,,,,,,
54,15,22,2,837,935,409,1094,1155,704,,
0,15,22,0,,,,,,,,
22,15,23,1,1157,946,1000,982,744,690,,
0,15,23,0,,,,,,,,
0,15,23,0,,,,,,,,
0,15,24,0,,,,,,,,
7,15,24,2,1889,1135,1352,1079,,412,,
0,15,24,0,,,,,,,,
12,15,25,1,1311,1190,1490,1615,975,960,,
0,15,25,0,,,,,,,,
0,15,25,0,,,,,,,,
0,15,26,0,,,,,,,,
36,15,26,2,1325,530,1007,777,1089,846,,
0,15,26,0,,,,,,,,
9,15,27,1,1409,1279,1116,878,244,165,,
0,15,27,0,,,,,,,,
0,15,27,0,,,,,,,,
0,15,28,0,,,,,,,,
20,15,28,2,1290,1086,1482,119,312,86,,
0,15,28,0,,,,,,,,
19,15,29,1,1862,1182,1932,1184,1271,983,,
0,15,29,0,,,,,,,,
0,15,29,0,,,,,,,,
0,15,30,0,,,,,,,,
33,15,30,2,1574,1426,1300,1234,1023,772,,
0,15,30,0,,,,,,,,
62,15,31,1,908,1289,1005,1105,786,546,,
0,15,31,0,,,,,,,,
0,15,31,0,,,,,,,,
0,15,32,0,,,,,,,,
25,15,32,2,1166,1014,2343,1558,1271,654,,
0,15,32,0,,,,,,,,
59,16,1,1,301,426,1185,1369,1368,1385,,
0,16,1,0,,,,,,,,
0,16,1,0,,,,,,,,
0,16,2,0,,,,,,,,
0,16,2,0,,,,,,,,
19,16,2,2,2196,2004,1487,2451,2016,1310,,
33,16,3,1,2890,2139,1849,2230,,181,,
0,16,3,0,,,,,,,,
0,16,3,0,,,,,,,,
0,16,4,0,,,,,,,,
0,16,4,0,,,,,,,,
24,16,4,2,1408,1932,1539,1249,1609,1895,,
5,16,5,1,2325,2030,1692,1917,1275,2519,,
0,16,5,0,,,,,,,,
0,16,5,0,,,,,,,,
0,16,6,0,,,,,,,,
0,16,6,0,,,,,,,,
31,16,6,2,1778,1449,1515,,105,4225,,
41,16,7,1,1770,109,2278,1609,1062,1444,,
0,16,7,0,,,,,,,,
0,16,7,0,,,,,,,,
0,16,8,0,,,,,,,,
0,16,8,0,,,,,,,,
47,16,8,2,1726,1917,996,1441,1326,1800,,
49,16,9,1,1399,1997,993,1238,,130,,
0,16,9,0,,,,,,,,
0,16,9,0,,,,,,,,
0,16,10,0,,,,,,,,
0,16,10,0,,,,,,,,
37,16,10,2,1672,1775,1635,1556,1024,1046,,
15,16,11,1,1880,1740,1407,1334,156,295,,
0,16,11,0,,,,,,,,
0,16,11,0,,,,,,,,
0,16,12,0,,,,,,,,
36,16,12,2,1752,2012,1492,1890,,258,,
0,16,12,0,,,,,,,,
26,16,13,1,93,190,1703,1393,,188,,
0,16,13,0,,,,,,,,
0,16,13,0,,,,,,,,
0,16,14,0,,,,,,,,
14,16,14,2,2346,2085,1224,1489,2087,1313,,
0,16,14,0,,,,,,,,
45,16,15,1,1463,998,1514,1775,206,263,,
0,16,15,0,,,,,,,,
0,16,15,0,,,,,,,,
0,16,16,0,,,,,,,,
7,16,16,2,2452,2133,2807,1518,1180,1248,,
0,16,16,0,,,,,,,,
18,16,17,1,2160,2295,1657,2109,2138,2938,,
0,16,17,0,,,,,,,,
0,16,17,0,,,,,,,,
0,16,18,0,,,,,,,,
46,16,18,2,1694,2079,2613,2014,1727,2696,,
0,16,18,0,,,,,,,,
13,16,19,1,2021,3366,2566,1343,1573,3332,,
0,16,19,0,,,,,,,,
0,16,19,0,,,,,,,,
0,16,20,0,,,,,,,,
23,16,20,2,1993,2136,2007,1928,1089,1557,,
0,16,20,0,,,,,,,,
27,16,21,1,2524,1089,2041,1716,1596,990,,
0,16,21,0,,,,,,,,
0,16,21,0,,,,,,,,
0,16,22,0,,,,,,,,
30,16,22,2,1443,1471,1372,1323,1086,1570,,
0,16,22,0,,,,,,,,
28,16,23,1,2112,1612,1470,1609,1426,2358,,
0,16,23,0,,,,,,,,
0,16,23,0,,,,,,,,
0,16,24,0,,,,,,,,
40,16,24,2,1918,1531,1364,1095,,370,,
0,16,24,0,,,,,,,,
43,16,25,1,1678,1654,1457,1735,,204,,
0,16,25,0,,,,,,,,
0,16,25,0,,,,,,,,
0,16,26,0,,,,,,,,
53,16,26,2,1685,1279,1350,1258,1162,1373,,
0,16,26,0,,,,,,,,
8,16,27,1,2037,2287,2128,2096,389,349,,
0,16,27,0,,,,,,,,
0,16,27,0,,,,,,,,
0,16,28,0,,,,,,,,
44,16,28,2,2704,1093,1416,1311,1535,2337,,
0,16,28,0,,,,,,,,
16,16,29,1,3709,1503,2268,1514,2217,2951,,
0,16,29,0,,,,,,,,
0,16,29,0,,,,,,,,
0,16,30,0,,,,,,,,
12,16,30,2,3236,2389,1976,2515,2201,2959,,
0,16,30,0,,,,,,,,
17,16,31,1,1624,1626,1762,2188,1093,1750,,
0,16,31,0,,,,,,,,
0,16,31,0,,,,,,,,
0,16,32,0,,,,,,,,
35,16,32,2,826,158,112,1369,1017,1242,,
0,16,32,0,,,,,,,,
63,17,1,1,2286,2660,1441,1545,851,862,,
0,17,1,0,,,,,,,,
0,17,1,0,,,,,,,,
0,17,2,0,,,,,,,,
0,17,2,0,,,,,,,,
10,17,2,2,2766,2213,4358,1276,1167,773,,
56,17,3,1,2247,820,1383,756,736,1387,,
0,17,3,0,,,,,,,,
0,17,3,0,,,,,,,,
0,17,4,0,,,,,,,,
0,17,4,0,,,,,,,,
26,17,4,2,1717,2911,3761,2547,1268,1052,,
44,17,5,1,2554,1603,910,1629,700,877,,
0,17,5,0,,,,,,,,
0,17,5,0,,,,,,,,
0,17,6,0,,,,,,,,
0,17,6,0,,,,,,,,
27,17,6,2,2155,1728,1159,323,1078,1350,,
22,17,7,1,2413,1340,943,129,1076,547,,
0,17,7,0,,,,,,,,
0,17,7,0,,,,,,,,
0,17,8,0,,,,,,,,
0,17,8,0,,,,,,,,
60,17,8,2,1387,1210,925,828,1055,,,
18,17,9,1,1606,1334,1148,416,,183,,
0,17,9,0,,,,,,,,
0,17,9,0,,,,,,,,
0,17,10,0,,,,,,,,
0,17,10,0,,,,,,,,
17,17,10,2,1341,1392,764,930,918,1330,,
36,17,11,1,123,174,120,1653,173,369,,
0,17,11,0,,,,,,,,
0,17,11,0,,,,,,,,
0,17,12,0,,,,,,,,
42,17,12,2,2086,1464,995,605,1374,592,,
0,17,12,0,,,,,,,,
57,17,13,1,2216,1548,1700,933,1219,374,,
0,17,13,0,,,,,,,,
0,17,13,0,,,,,,,,
0,17,14,0,,,,,,,,
20,17,14,2,1827,1095,1305,352,1083,487,,
0,17,14,0,,,,,,,,
16,17,15,1,2541,1269,1347,201,1333,1240,,
0,17,15,0,,,,,,,,
0,17,15,0,,,,,,,,
0,17,16,0,,,,,,,,
15,17,16,2,1659,824,2635,135,1228,629,,
0,17,16,0,,,,,,,,
6,17,17,1,1646,2655,1715,966,573,1284,,
0,17,17,0,,,,,,,,
0,17,17,0,,,,,,,,
0,17,18,0,,,,,,,,
37,17,18,2,2193,1938,1250,920,849,936,,
0,17,18,0,,,,,,,,
48,17,19,1,2231,1173,1328,609,1510,892,,
0,17,19,0,,,,,,,,
0,17,19,0,,,,,,,,
0,17,20,0,,,,,,,,
23,17,20,2,3968,1807,1813,1835,846,880,,
0,17,20,0,,,,,,,,
43,17,21,1,1544,631,971,1109,1097,2345,,
0,17,21,0,,,,,,,,
0,17,21,0,,,,,,,,
0,17,22,0,,,,,,,,
13,17,22,2,2045,2442,612,436,750,2383,,
0,17,22,0,,,,,,,,
12,17,23,1,2010,2263,1339,901,984,827,,
0,17,23,0,,,,,,,,
0,17,23,0,,,,,,,,
0,17,24,0,,,,,,,,
25,17,24,2,2079,1211,1018,938,211,352,,
0,17,24,0,,,,,,,,
59,17,25,1,1875,1486,817,850,,155,,
0,17,25,0,,,,,,,,
0,17,25,0,,,,,,,,
0,17,26,0,,,,,,,,
29,17,26,2,1650,1601,1270,1483,495,475,,
0,17,26,0,,,,,,,,
41,17,27,1,1608,580,110,589,160,401,,
0,17,27,0,,,,,,,,
0,17,27,0,,,,,,,,
0,17,28,0,,,,,,,,
33,17,28,2,2379,1360,2473,1204,1895,3045,,
0,17,28,0,,,,,,,,
39,17,29,1,2050,1244,1241,641,215,700,,
0,17,29,0,,,,,,,,
0,17,29,0,,,,,,,,
0,17,30,0,,,,,,,,
55,17,30,2,3177,1283,1635,1418,1189,267,,
0,17,30,0,,,,,,,,
31,17,31,1,1851,3048,1036,1244,1260,952,,
0,17,31,0,,,,,,,,
0,17,31,0,,,,,,,,
0,17,32,0,,,,,,,,
14,17,32,2,1802,1383,370,459,821,540,,
0,17,32,0,,,,,,,,
6,18,1,1,3532,2390,2203,2623,,503,,
0,18,1,0,,,,,,,,
0,18,1,0,,,,,,,,
0,18,2,0,,,,,,,,
0,18,2,0,,,,,,,,
42,18,2,2,3453,2316,1617,1834,1526,1794,,
63,18,3,1,2069,1748,1191,2713,,341,,
0,18,3,0,,,,,,,,
0,18,3,0,,,,,,,,
0,18,4,0,,,,,,,,
0,18,4,0,,,,,,,,
12,18,4,2,1826,3417,438,1465,245,1967,,
48,18,5,1,2582,2302,1375,857,1173,1241,,
0,18,5,0,,,,,,,,
0,18,5,0,,,,,,,,
0,18,6,0,,,,,,,,
0,18,6,0,,,,,,,,
59,18,6,2,1955,3346,1450,1358,1685,1425,,
22,18,7,1,1989,2188,1353,136,1434,1880,,
0,18,7,0,,,,,,,,
0,18,7,0,,,,,,,,
0,18,8,0,,,,,,,,
0,18,8,0,,,,,,,,
47,18,8,2,1039,2418,856,748,986,258,,
35,18,9,1,1591,2304,1941,242,179,242,,
0,18,9,0,,,,,,,,
0,18,9,0,,,,,,,,
0,18,10,0,,,,,,,,
0,18,10,0,,,,,,,,
16,18,10,2,1952,1321,361,1052,456,1654,,
14,18,11,1,1277,2460,1428,635,327,969,,
0,18,11,0,,,,,,,,
0,18,11,0,,,,,,,,
0,18,12,0,,,,,,,,
39,18,12,2,1511,2068,180,3060,,253,,
0,18,12,0,,,,,,,,
15,18,13,1,2200,1749,1887,2154,2074,1839,,
0,18,13,0,,,,,,,,
0,18,13,0,,,,,,,,
0,18,14,0,,,,,,,,
25,18,14,2,1271,1063,2368,2331,2890,969,,
0,18,14,0,,,,,,,,
53,18,15,1,1219,917,1689,,200,220,,
0,18,15,0,,,,,,,,
0,18,15,0,,,,,,,,
0,18,16,0,,,,,,,,
65,18,16,2,2703,2113,2395,889,767,960,,
0,18,16,0,,,,,,,,
27,18,17,1,1536,162,2137,997,1207,1252,,
0,18,17,0,,,,,,,,
0,18,17,0,,,,,,,,
0,18,18,0,,,,,,,,
26,18,18,2,1009,2769,2415,1957,1793,2690,,
0,18,18,0,,,,,,,,
24,18,19,1,2076,2487,1986,2574,2249,1750,,
0,18,19,0,,,,,,,,
0,18,19,0,,,,,,,,
0,18,20,0,,,,,,,,
34,18,20,2,2232,2625,2260,1844,1073,2244,,
0,18,20,0,,,,,,,,
33,18,21,1,2644,2801,1828,1815,3191,2509,,
0,18,21,0,,,,,,,,
0,18,21,0,,,,,,,,
0,18,22,0,,,,,,,,
37,18,22,2,1655,2371,369,340,167,1331,,
0,18,22,0,,,,,,,,
31,18,23,1,2024,1515,1326,1821,1245,2057,,
0,18,23,0,,,,,,,,
0,18,23,0,,,,,,,,
0,18,24,0,,,,,,,,
55,18,24,2,,170,1218,936,,470,,
0,18,24,0,,,,,,,,
20,18,25,1,1954,2314,1862,2180,1536,1562,,
0,18,25,0,,,,,,,,
0,18,25,0,,,,,,,,
0,18,26,0,,,,,,,,
58,18,26,2,2646,1036,2396,149,1560,236,,
0,18,26,0,,,,,,,,
32,18,27,1,2786,1711,1297,1276,699,2817,,
0,18,27,0,,,,,,,,
0,18,27,0,,,,,,,,
0,18,28,0,,,,,,,,
51,18,28,2,2444,1270,3181,1321,337,145,,
0,18,28,0,,,,,,,,
21,18,29,1,4226,2167,2193,2257,327,2329,,
0,18,29,0,,,,,,,,
0,18,29,0,,,,,,,,
0,18,30,0,,,,,,,,
62,18,30,2,2757,2334,2386,2204,1776,2434,,
0,18,30,0,,,,,,,,
66,18,31,1,1610,2135,2637,1321,1158,2859,,
0,18,31,0,,,,,,,,
0,18,31,0,,,,,,,,
0,18,32,0,,,,,,,,
18,18,32,2,1921,2601,1204,155,152,935,,
0,18,32,0,,,,,,,,
25,19,1,1,4154,2230,1982,1450,,250,,
0,19,1,0,,,,,,,,
0,19,1,0,,,,,,,,
0,19,2,0,,,,,,,,
0,19,2,0,,,,,,,,
16,19,2,2,5692,2414,2933,1727,,166,,
39,19,3,1,2527,1457,251,1562,,188,,
0,19,3,0,,,,,,,,
0,19,3,0,,,,,,,,
0,19,4,0,,,,,,,,
0,19,4,0,,,,,,,,
46,19,4,2,1975,3292,291,1119,183,133,,
21,19,5,1,3432,4706,4440,2531,1188,1519,,
0,19,5,0,,,,,,,,
0,19,5,0,,,,,,,,
0,19,6,0,,,,,,,,
0,19,6,0,,,,,,,,
9,19,6,2,3927,2322,2279,3464,2087,,158,
34,19,7,1,2358,752,273,185,287,1556,,
0,19,7,0,,,,,,,,
0,19,7,0,,,,,,,,
0,19,8,0,,,,,,,,
0,19,8,0,,,,,,,,
65,19,8,2,1411,340,3144,1775,3706,95,,
60,19,9,1,546,125,1428,946,,177,,
0,19,9,0,,,,,,,,
0,19,9,0,,,,,,,,
0,19,10,0,,,,,,,,
0,19,10,0,,,,,,,,
7,19,10,2,2021,455,3395,481,100,1344,,
63,19,11,1,3941,3273,579,150,89,201,,
0,19,11,0,,,,,,,,
0,19,11,0,,,,,,,,
0,19,12,0,,,,,,,,
13,19,12,2,3076,186,2746,1681,,332,,
0,19,12,0,,,,,,,,
20,19,13,1,4957,3520,3501,1229,,169,,
0,19,13,0,,,,,,,,
0,19,13,0,,,,,,,,
0,19,14,0,,,,,,,,
32,19,14,2,3268,2058,1689,1338,2141,867,,
0,19,14,0,,,,,,,,
48,19,15,1,4493,2178,244,1153,144,1259,,
0,19,15,0,,,,,,,,
0,19,15,0,,,,,,,,
0,19,16,0,,,,,,,,
24,19,16,2,3481,159,,280,998,1277,,
0,19,16,0,,,,,,,,
54,19,17,1,3601,2579,1429,438,1521,2169,,
0,19,17,0,,,,,,,,
0,19,17,0,,,,,,,,
0,19,18,0,,,,,,,,
12,19,18,2,2821,2096,2440,2882,1335,1148,,
0,19,18,0,,,,,,,,
64,19,19,1,,820,113,218,1631,1753,,
0,19,19,0,,,,,,,,
0,19,19,0,,,,,,,,
0,19,20,0,,,,,,,,
30,19,20,2,3782,1696,3244,1757,,118,,
0,19,20,0,,,,,,,,
37,19,21,1,2345,2838,2260,3123,1666,1326,,
0,19,21,0,,,,,,,,
0,19,21,0,,,,,,,,
0,19,22,0,,,,,,,,
62,19,22,2,6959,1731,431,225,1843,1336,,
0,19,22,0,,,,,,,,
43,19,23,1,5041,2214,1155,1104,1034,1087,,
0,19,23,0,,,,,,,,
0,19,23,0,,,,,,,,
0,19,24,0,,,,,,,,
29,19,24,2,,482,93,1203,,186,,
0,19,24,0,,,,,,,,
36,19,25,1,3982,2211,1750,2008,,166,,
0,19,25,0,,,,,,,,
0,19,25,0,,,,,,,,
0,19,26,0,,,,,,,,
58,19,26,2,2838,2754,453,1862,1799,2041,,
0,19,26,0,,,,,,,,
6,19,27,1,3614,1753,156,130,393,274,,
0,19,27,0,,,,,,,,
0,19,27,0,,,,,,,,
0,19,28,0,,,,,,,,
11,19,28,2,5067,324,1643,2523,162,2076,,
0,19,28,0,,,,,,,,
38,19,29,1,3883,1832,3745,2438,243,1723,,
0,19,29,0,,,,,,,,
0,19,29,0,,,,,,,,
0,19,30,0,,,,,,,,
27,19,30,2,2678,2936,1728,1666,1540,1558,,
0,19,30,0,,,,,,,,
33,19,31,1,6253,2182,2265,2089,3019,855,,
0,19,31,0,,,,,,,,
0,19,31,0,,,,,,,,
0,19,32,0,,,,,,,,
45,19,32,2,2149,1939,2779,1453,1102,646,,
0,19,32,0,,,,,,,,
40,20,1,1,4233,4611,1918,2980,,165,,
0,20,1,0,,,,,,,,
0,20,1,0,,,,,,,,
0,20,2,0,,,,,,,,
0,20,2,0,,,,,,,,
6,20,2,2,4838,3684,,155,,279,,
20,20,3,1,6165,2771,4257,3696,,194,,
0,20,3,0,,,,,,,,
0,20,3,0,,,,,,,,
0,20,4,0,,,,,,,,
0,20,4,0,,,,,,,,
38,20,4,2,1318,558,227,4303,298,453,,
58,20,5,1,5340,3094,2161,3074,2453,2772,,
0,20,5,0,,,,,,,,
0,20,5,0,,,,,,,,
0,20,6,0,,,,,,,,
0,20,6,0,,,,,,,,
23,20,6,2,4181,3122,3423,3785,662,,289,
16,20,7,1,4104,4016,799,5292,159,3487,,
0,20,7,0,,,,,,,,
0,20,7,0,,,,,,,,
0,20,8,0,,,,,,,,
0,20,8,0,,,,,,,,
51,20,8,2,,3586,3511,3123,3803,385,,
32,20,9,1,3182,2773,2444,2091,209,887,,
0,20,9,0,,,,,,,,
0,20,9,0,,,,,,,,
0,20,10,0,,,,,,,,
0,20,10,0,,,,,,,,
47,20,10,2,3522,379,2438,2217,3803,2547,,
56,20,11,1,3754,3698,304,1924,370,278,,
0,20,11,0,,,,,,,,
0,20,11,0,,,,,,,,
0,20,12,0,,,,,,,,
54,20,12,2,4146,569,2880,5096,263,458,,
0,20,12,0,,,,,,,,
64,20,13,1,5495,3192,4918,2460,3603,,,
0,20,13,0,,,,,,,,
0,20,13,0,,,,,,,,
0,20,14,0,,,,,,,,
12,20,14,2,3499,758,5469,2817,4730,1484,,
0,20,14,0,,,,,,,,
45,20,15,1,,2755,659,419,162,171,,
0,20,15,0,,,,,,,,
0,20,15,0,,,,,,,,
0,20,16,0,,,,,,,,
67,20,16,2,3494,2846,3239,2364,3090,2352,,
0,20,16,0,,,,,,,,
50,20,17,1,5165,4921,3063,81,5023,3895,,
0,20,17,0,,,,,,,,
0,20,17,0,,,,,,,,
0,20,18,0,,,,,,,,
5,20,18,2,3687,3807,4093,6271,2592,2878,,
0,20,18,0,,,,,,,,
34,20,19,1,5468,3496,544,7189,5541,4272,,
0,20,19,0,,,,,,,,
0,20,19,0,,,,,,,,
0,20,20,0,,,,,,,,
25,20,20,2,399,5049,3758,3878,,214,,
0,20,20,0,,,,,,,,
35,20,21,1,,3482,2565,3759,3742,2629,,
0,20,21,0,,,,,,,,
0,20,21,0,,,,,,,,
0,20,22,0,,,,,,,,
37,20,22,2,3764,3118,2858,597,309,3744,,
0,20,22,0,,,,,,,,
53,20,23,1,,3984,2386,2997,3600,3496,,
0,20,23,0,,,,,,,,
0,20,23,0,,,,,,,,
0,20,24,0,,,,,,,,
28,20,24,2,5480,2146,2883,3107,,180,,
0,20,24,0,,,,,,,,
49,20,25,1,3126,3809,3714,4633,,332,,
0,20,25,0,,,,,,,,
0,20,25,0,,,,,,,,
0,20,26,0,,,,,,,,
60,20,26,2,2608,2043,3193,490,2919,1846,,
0,20,26,0,,,,,,,,
57,20,27,1,3838,2617,191,2734,525,218,,
0,20,27,0,,,,,,,,
0,20,27,0,,,,,,,,
0,20,28,0,,,,,,,,
19,20,28,2,4329,2719,2972,185,307,594,,
0,20,28,0,,,,,,,,
61,20,29,1,5687,2343,3371,3541,3305,4001,,
0,20,29,0,,,,,,,,
0,20,29,0,,,,,,,,
0,20,30,0,,,,,,,,
63,20,30,2,4892,4589,2640,3607,3257,4036,,
0,20,30,0,,,,,,,,
36,20,31,1,5331,3328,2628,3898,3034,2828,,
0,20,31,0,,,,,,,,
0,20,31,0,,,,,,,,
0,20,32,0,,,,,,,,
65,20,32,2,2760,2986,4887,3060,420,,,
0,20,32,0,,,,,,,,
25,21,1,1,887,1093,1362,1591,,204,,
0,21,1,0,,,,,,,,
0,21,1,0,,,,,,,,
0,21,2,0,,,,,,,,
0,21,2,0,,,,,,,,
28,21,2,2,1516,289,1153,1796,1469,978,,
47,21,3,1,2418,,229,3040,,296,,
0,21,3,0,,,,,,,,
0,21,3,0,,,,,,,,
0,21,4,0,,,,,,,,
0,21,4,0,,,,,,,,
30,21,4,2,1597,2629,296,336,170,1369,,
19,21,5,1,1467,645,286,492,,317,,
0,21,5,0,,,,,,,,
0,21,5,0,,,,,,,,
0,21,6,0,,,,,,,,
0,21,6,0,,,,,,,,
9,21,6,2,1948,315,233,1339,876,334,,
40,21,7,1,2618,152,570,211,204,1071,,
0,21,7,0,,,,,,,,
0,21,7,0,,,,,,,,
0,21,8,0,,,,,,,,
0,21,8,0,,,,,,,,
64,21,8,2,1278,1614,1328,1255,1333,1567,,
51,21,9,1,428,2482,1353,583,,409,,
0,21,9,0,,,,,,,,
0,21,9,0,,,,,,,,
0,21,10,0,,,,,,,,
0,21,10,0,,,,,,,,
12,21,10,2,1462,1507,852,1087,811,820,,
66,21,11,1,302,,239,3824,286,679,,
0,21,11,0,,,,,,,,
0,21,11,0,,,,,,,,
0,21,12,0,,,,,,,,
45,21,12,2,1251,4509,2390,2565,,207,,
0,21,12,0,,,,,,,,
44,21,13,1,2475,2431,2690,1870,,167,,
0,21,13,0,,,,,,,,
0,21,13,0,,,,,,,,
0,21,14,0,,,,,,,,
57,21,14,2,884,574,1810,2066,335,1443,,
0,21,14,0,,,,,,,,
35,21,15,1,1127,2569,165,419,194,221,,
0,21,15,0,,,,,,,,
0,21,15,0,,,,,,,,
0,21,16,0,,,,,,,,
50,21,16,2,1145,980,198,1886,1303,793,,
0,21,16,0,,,,,,,,
14,21,17,1,2971,2707,531,202,923,1169,,
0,21,17,0,,,,,,,,
0,21,17,0,,,,,,,,
0,21,18,0,,,,,,,,
58,21,18,2,1087,3838,3248,,153,731,,
0,21,18,0,,,,,,,,
67,21,19,1,1148,2564,837,1112,1689,1771,,
0,21,19,0,,,,,,,,
0,21,19,0,,,,,,,,
0,21,20,0,,,,,,,,
21,21,20,2,1684,374,296,,151,1523,,
0,21,20,0,,,,,,,,
8,21,21,1,5866,2960,1314,1646,1348,1132,,
0,21,21,0,,,,,,,,
0,21,21,0,,,,,,,,
0,21,22,0,,,,,,,,
7,21,22,2,2545,2239,85,145,1063,1306,,
0,21,22,0,,,,,,,,
33,21,23,1,1629,564,2394,1124,1370,1824,,
0,21,23,0,,,,,,,,
0,21,23,0,,,,,,,,
0,21,24,0,,,,,,,,
5,21,24,2,3465,2995,2437,1739,,707,,
0,21,24,0,,,,,,,,
32,21,25,1,1711,183,355,1906,788,675,,
0,21,25,0,,,,,,,,
0,21,25,0,,,,,,,,
0,21,26,0,,,,,,,,
59,21,26,2,2097,529,123,141,1409,625,,
0,21,26,0,,,,,,,,
60,21,27,1,2700,1312,1830,934,453,1161,,
0,21,27,0,,,,,,,,
0,21,27,0,,,,,,,,
0,21,28,0,,,,,,,,
68,21,28,2,611,2266,211,2020,148,235,,
0,21,28,0,,,,,,,,
15,21,29,1,2475,609,211,1635,213,1500,,
0,21,29,0,,,,,,,,
0,21,29,0,,,,,,,,
0,21,30,0,,,,,,,,
49,21,30,2,1980,2925,875,1673,1324,1046,,
0,21,30,0,,,,,,,,
18,21,31,1,1346,211,289,141,803,1194,,
0,21,31,0,,,,,,,,
0,21,31,0,,,,,,,,
0,21,32,0,,,,,,,,
63,21,32,2,830,2260,636,219,1145,952,,
0,21,32,0,,,,,,,,
33,22,1,1,969,921,751,886,801,679,,
0,22,1,0,,,,,,,,
0,22,1,0,,,,,,,,
0,22,2,0,,,,,,,,
0,22,2,0,,,,,,,,
39,22,2,2,1722,1037,1645,205,1004,551,,
19,22,3,1,944,855,777,431,589,964,,
0,22,3,0,,,,,,,,
0,22,3,0,,,,,,,,
0,22,4,0,,,,,,,,
0,22,4,0,,,,,,,,
25,22,4,2,1003,1163,797,989,714,434,,
12,22,5,1,191,314,1066,965,343,89,,
0,22,5,0,,,,,,,,
0,22,5,0,,,,,,,,
0,22,6,0,,,,,,,,
0,22,6,0,,,,,,,,
54,22,6,2,782,898,279,734,805,680,,
18,22,7,1,918,313,139,,,,,
0,22,7,0,,,,,,,,
0,22,7,0,,,,,,,,
0,22,8,0,,,,,,,,
0,22,8,0,,,,,,,,
34,22,8,2,897,874,662,569,459,240,,
57,22,9,1,877,1368,625,818,454,480,,
0,22,9,0,,,,,,,,
0,22,9,0,,,,,,,,
0,22,10,0,,,,,,,,
0,22,10,0,,,,,,,,
5,22,10,2,245,187,327,185,276,,86,
14,22,11,1,,943,442,204,175,183,,
0,22,11,0,,,,,,,,
0,22,11,0,,,,,,,,
0,22,12,0,,,,,,,,
65,22,12,2,745,1331,825,351,85,240,,
0,22,12,0,,,,,,,,
29,22,13,1,1254,989,1009,538,498,405,,
0,22,13,0,,,,,,,,
0,22,13,0,,,,,,,,
0,22,14,0,,,,,,,,
44,22,14,2,1062,493,1368,444,1767,668,,
0,22,14,0,,,,,,,,
21,22,15,1,714,745,608,166,583,941,,
0,22,15,0,,,,,,,,
0,22,15,0,,,,,,,,
0,22,16,0,,,,,,,,
15,22,16,2,306,1538,1629,366,106,166,,
0,22,16,0,,,,,,,,
46,22,17,1,1047,1153,1193,775,503,620,,
0,22,17,0,,,,,,,,
0,22,17,0,,,,,,,,
0,22,18,0,,,,,,,,
27,22,18,2,911,1099,889,435,680,772,,
0,22,18,0,,,,,,,,
53,22,19,1,796,1633,768,750,682,609,,
0,22,19,0,,,,,,,,
0,22,19,0,,,,,,,,
0,22,20,0,,,,,,,,
22,22,20,2,1173,1034,1503,1286,634,653,,
0,22,20,0,,,,,,,,
37,22,21,1,1299,412,880,892,1090,713,,
0,22,21,0,,,,,,,,
0,22,21,0,,,,,,,,
0,22,22,0,,,,,,,,
49,22,22,2,585,1026,873,732,705,479,,
0,22,22,0,,,,,,,,
24,22,23,1,728,835,709,790,552,470,,
0,22,23,0,,,,,,,,
0,22,23,0,,,,,,,,
0,22,24,0,,,,,,,,
52,22,24,2,944,1365,995,410,,196,,
0,22,24,0,,,,,,,,
62,22,25,1,762,931,1010,1076,775,693,,
0,22,25,0,,,,,,,,
0,22,25,0,,,,,,,,
0,22,26,0,,,,,,,,
16,22,26,2,528,763,1272,122,699,983,,
0,22,26,0,,,,,,,,
31,22,27,1,1229,1009,804,958,595,125,,
0,22,27,0,,,,,,,,
0,22,27,0,,,,,,,,
0,22,28,0,,,,,,,,
50,22,28,2,866,691,1069,747,977,1132,,
0,22,28,0,,,,,,,,
17,22,29,1,250,1592,466,199,82,808,,
0,22,29,0,,,,,,,,
0,22,29,0,,,,,,,,
0,22,30,0,,,,,,,,
11,22,30,2,174,2189,432,142,413,221,,
0,22,30,0,,,,,,,,
9,22,31,1,693,651,151,1012,512,751,,
0,22,31,0,,,,,,,,
0,22,31,0,,,,,,,,
0,22,32,0,,,,,,,,
41,22,32,2,805,147,981,893,524,646,,
0,22,32,0,,,,,,,,
50,23,1,1,466,415,1694,2095,,179,,
0,23,1,0,,,,,,,,
0,23,1,0,,,,,,,,
0,23,2,0,,,,,,,,
0,23,2,0,,,,,,,,
12,23,2,2,4438,1381,1378,2706,,115,,
58,23,3,1,3738,435,2565,260,,202,,
0,23,3,0,,,,,,,,
0,23,3,0,,,,,,,,
0,23,4,0,,,,,,,,
0,23,4,0,,,,,,,,
6,23,4,2,4922,2239,371,1649,211,142,,
19,23,5,1,2427,992,2119,3365,1350,220,,
0,23,5,0,,,,,,,,
0,23,5,0,,,,,,,,
0,23,6,0,,,,,,,,
0,23,6,0,,,,,,,,
62,23,6,2,3895,2133,3133,2762,823,926,,
53,23,7,1,3172,1043,2873,635,1372,1521,,
0,23,7,0,,,,,,,,
0,23,7,0,,,,,,,,
0,23,8,0,,,,,,,,
0,23,8,0,,,,,,,,
38,23,8,2,1943,278,1357,1096,1837,227,,
43,23,9,1,2132,2438,369,253,,442,,
0,23,9,0,,,,,,,,
0,23,9,0,,,,,,,,
0,23,10,0,,,,,,,,
0,23,10,0,,,,,,,,
44,23,10,2,2049,3023,1481,,238,1150,,
11,23,11,1,6201,2187,488,135,,344,,
0,23,11,0,,,,,,,,
0,23,11,0,,,,,,,,
0,23,12,0,,,,,,,,
49,23,12,2,3070,5927,,207,408,668,321,
0,23,12,0,,,,,,,,
24,23,13,1,3645,2500,2768,3746,,187,,
0,23,13,0,,,,,,,,
0,23,13,0,,,,,,,,
0,23,14,0,,,,,,,,
39,23,14,2,2043,2505,3019,,119,348,,
0,23,14,0,,,,,,,,
30,23,15,1,4914,1591,271,1777,1723,1365,,
0,23,15,0,,,,,,,,
0,23,15,0,,,,,,,,
0,23,16,0,,,,,,,,
21,23,16,2,249,396,934,715,232,505,,
0,23,16,0,,,,,,,,
68,23,17,1,4678,377,176,267,785,927,,
0,23,17,0,,,,,,,,
0,23,17,0,,,,,,,,
0,23,18,0,,,,,,,,
35,23,18,2,2225,4829,1770,2063,1587,1612,,
0,23,18,0,,,,,,,,
9,23,19,1,6276,133,991,679,2257,2222,,
0,23,19,0,,,,,,,,
0,23,19,0,,,,,,,,
0,23,20,0,,,,,,,,
47,23,20,2,5764,352,224,204,235,136,,
0,23,20,0,,,,,,,,
33,23,21,1,3950,2009,2385,1971,2041,1127,,
0,23,21,0,,,,,,,,
0,23,21,0,,,,,,,,
0,23,22,0,,,,,,,,
37,23,22,2,3640,2605,239,1939,400,326,,
0,23,22,0,,,,,,,,
25,23,23,1,1219,189,2794,2032,1195,1920,,
0,23,23,0,,,,,,,,
0,23,23,0,,,,,,,,
0,23,24,0,,,,,,,,
36,23,24,2,2693,2372,1765,1933,,652,,
0,23,24,0,,,,,,,,
5,23,25,1,5139,1308,721,1665,,195,,
0,23,25,0,,,,,,,,
0,23,25,0,,,,,,,,
0,23,26,0,,,,,,,,
56,23,26,2,4784,234,1815,251,1946,1432,,
0,23,26,0,,,,,,,,
17,23,27,1,3669,1768,262,126,710,293,,
0,23,27,0,,,,,,,,
0,23,27,0,,,,,,,,
0,23,28,0,,,,,,,,
8,23,28,2,,457,528,255,192,663,,
0,23,28,0,,,,,,,,
10,23,29,1,1941,174,187,185,139,300,,
0,23,29,0,,,,,,,,
0,23,29,0,,,,,,,,
0,23,30,0,,,,,,,,
23,23,30,2,4287,2874,1815,438,1575,917,,
0,23,30,0,,,,,,,,
51,23,31,1,2604,229,245,185,603,196,,
0,23,31,0,,,,,,,,
0,23,31,0,,,,,,,,
0,23,32,0,,,,,,,,
34,23,32,2,469,1242,2813,2924,90,130,,
0,23,32,0,,,,,,,,
61,24,1,1,1736,2256,2210,1342,,152,,
0,24,1,0,,,,,,,,
0,24,1,0,,,,,,,,
0,24,2,0,,,,,,,,
0,24,2,0,,,,,,,,
31,24,2,2,2087,182,241,130,1345,830,,
55,24,3,1,2529,973,207,1717,,122,,
0,24,3,0,,,,,,,,
0,24,3,0,,,,,,,,
0,24,4,0,,,,,,,,
0,24,4,0,,,,,,,,
16,24,4,2,1978,169,254,1688,1550,1270,,
12,24,5,1,2148,1707,1316,1539,1460,1371,,
0,24,5,0,,,,,,,,
0,24,5,0,,,,,,,,
0,24,6,0,,,,,,,,
0,24,6,0,,,,,,,,
52,24,6,2,1412,492,196,418,479,127,,
45,24,7,1,1347,389,493,975,144,179,,
0,24,7,0,,,,,,,,
0,24,7,0,,,,,,,,
0,24,8,0,,,,,,,,
0,24,8,0,,,,,,,,
28,24,8,2,1205,1389,512,206,1307,1756,,
67,24,9,1,1383,1423,1988,1311,240,184,,
0,24,9,0,,,,,,,,
0,24,9,0,,,,,,,,
0,24,10,0,,,,,,,,
0,24,10,0,,,,,,,,
18,24,10,2,1967,,122,663,276,1774,,
10,24,11,1,1447,2060,295,1786,,176,,
0,24,11,0,,,,,,,,
0,24,11,0,,,,,,,,
0,24,12,0,,,,,,,,
51,24,12,2,447,210,163,267,245,,,
0,24,12,0,,,,,,,,
57,24,13,1,691,1624,662,1856,,148,,
0,24,13,0,,,,,,,,
0,24,13,0,,,,,,,,
0,24,14,0,,,,,,,,
15,24,14,2,1660,1279,1975,1180,1521,957,,
0,24,14,0,,,,,,,,
40,24,15,1,562,125,1466,1485,382,1079,,
0,24,15,0,,,,,,,,
0,24,15,0,,,,,,,,
0,24,16,0,,,,,,,,
43,24,16,2,897,549,3047,147,1318,995,,
0,24,16,0,,,,,,,,
24,24,17,1,1428,1222,1427,1222,1105,1849,,
0,24,17,0,,,,,,,,
0,24,17,0,,,,,,,,
0,24,18,0,,,,,,,,
63,24,18,2,992,3159,416,296,1082,1416,,
0,24,18,0,,,,,,,,
42,24,19,1,1688,3749,1701,1033,1208,1300,,
0,24,19,0,,,,,,,,
0,24,19,0,,,,,,,,
0,24,20,0,,,,,,,,
23,24,20,2,2054,,352,207,973,1140,,
0,24,20,0,,,,,,,,
66,24,21,1,1518,,202,203,385,1225,,
0,24,21,0,,,,,,,,
0,24,21,0,,,,,,,,
0,24,22,0,,,,,,,,
8,24,22,2,2849,2523,,632,1440,288,,
0,24,22,0,,,,,,,,
11,24,23,1,1782,2484,1502,1912,1301,1875,,
0,24,23,0,,,,,,,,
0,24,23,0,,,,,,,,
0,24,24,0,,,,,,,,
65,24,24,2,1972,1243,445,249,222,188,,
0,24,24,0,,,,,,,,
38,24,25,1,1555,1577,1984,2057,,116,,
0,24,25,0,,,,,,,,
0,24,25,0,,,,,,,,
0,24,26,0,,,,,,,,
25,24,26,2,1315,636,130,444,504,157,,
0,24,26,0,,,,,,,,
6,24,27,1,2367,2228,2123,2135,196,363,,
0,24,27,0,,,,,,,,
0,24,27,0,,,,,,,,
0,24,28,0,,,,,,,,
49,24,28,2,2215,767,513,206,206,114,,
0,24,28,0,,,,,,,,
30,24,29,1,714,1207,1415,501,153,1332,,
0,24,29,0,,,,,,,,
0,24,29,0,,,,,,,,
0,24,30,0,,,,,,,,
39,24,30,2,538,146,1644,1831,,282,,
0,24,30,0,,,,,,,,
60,24,31,1,581,1316,164,2173,1391,1094,,
0,24,31,0,,,,,,,,
0,24,31,0,,,,,,,,
0,24,32,0,,,,,,,,
50,24,32,2,625,1285,337,231,155,842,,
0,24,32,0,,,,,,,,
18,25,1,1,3062,190,2284,881,800,182,366,
0,25,1,0,,,,,,,,
0,25,1,0,,,,,,,,
0,25,2,0,,,,,,,,
0,25,2,0,,,,,,,,
46,25,2,2,,1763,3793,479,612,487,,
53,25,3,1,466,648,626,763,,540,,
0,25,3,0,,,,,,,,
0,25,3,0,,,,,,,,
0,25,4,0,,,,,,,,
0,25,4,0,,,,,,,,
35,25,4,2,548,1475,2167,281,496,197,326,
55,25,5,1,1968,776,212,848,1828,1039,,
0,25,5,0,,,,,,,,
0,25,5,0,,,,,,,,
0,25,6,0,,,,,,,,
0,25,6,0,,,,,,,,
36,25,6,2,450,1252,2477,610,169,,,
59,25,7,1,1072,639,412,124,776,1072,,
0,25,7,0,,,,,,,,
0,25,7,0,,,,,,,,
0,25,8,0,,,,,,,,
0,25,8,0,,,,,,,,
33,25,8,2,,2062,2823,310,169,,,
24,25,9,1,2630,471,145,1380,321,,469,
0,25,9,0,,,,,,,,
0,25,9,0,,,,,,,,
0,25,10,0,,,,,,,,
0,25,10,0,,,,,,,,
25,25,10,2,2078,1669,2926,477,160,136,,
41,25,11,1,1288,2406,599,115,,276,,
0,25,11,0,,,,,,,,
0,25,11,0,,,,,,,,
0,25,12,0,,,,,,,,
9,25,12,2,1394,1927,629,2271,,270,,
0,25,12,0,,,,,,,,
60,25,13,1,1905,,426,927,,301,,
0,25,13,0,,,,,,,,
0,25,13,0,,,,,,,,
0,25,14,0,,,,,,,,
8,25,14,2,4524,2129,655,760,215,590,,
0,25,14,0,,,,,,,,
16,25,15,1,2348,853,140,289,186,168,,
0,25,15,0,,,,,,,,
0,25,15,0,,,,,,,,
0,25,16,0,,,,,,,,
34,25,16,2,277,2943,2006,1472,725,212,,
0,25,16,0,,,,,,,,
30,25,17,1,535,257,1177,292,1283,1974,,
0,25,17,0,,,,,,,,
0,25,17,0,,,,,,,,
0,25,18,0,,,,,,,,
62,25,18,2,449,1877,207,,142,818,,
0,25,18,0,,,,,,,,
49,25,19,1,667,159,2093,,356,1804,,
0,25,19,0,,,,,,,,
0,25,19,0,,,,,,,,
0,25,20,0,,,,,,,,
38,25,20,2,318,1438,2261,2692,408,365,153,
0,25,20,0,,,,,,,,
54,25,21,1,1885,581,280,1047,1103,109,,
0,25,21,0,,,,,,,,
0,25,21,0,,,,,,,,
0,25,22,0,,,,,,,,
51,25,22,2,3033,151,234,734,1772,2372,,
0,25,22,0,,,,,,,,
39,25,23,1,236,636,724,177,2175,391,,
0,25,23,0,,,,,,,,
0,25,23,0,,,,,,,,
0,25,24,0,,,,,,,,
23,25,24,2,2407,396,654,337,,297,,
0,25,24,0,,,,,,,,
56,25,25,1,1114,285,173,2418,690,1018,,
0,25,25,0,,,,,,,,
0,25,25,0,,,,,,,,
0,25,26,0,,,,,,,,
47,25,26,2,1349,323,393,134,980,753,,
0,25,26,0,,,,,,,,
48,25,27,1,470,431,317,153,137,,,
0,25,27,0,,,,,,,,
0,25,27,0,,,,,,,,
0,25,28,0,,,,,,,,
19,25,28,2,4432,1569,2037,1114,272,353,,
0,25,28,0,,,,,,,,
15,25,29,1,4321,812,728,739,208,395,,
0,25,29,0,,,,,,,,
0,25,29,0,,,,,,,,
0,25,30,0,,,,,,,,
17,25,30,2,3790,1800,1611,430,,425,,
0,25,30,0,,,,,,,,
45,25,31,1,1113,1019,,169,880,1340,,
0,25,31,0,,,,,,,,
0,25,31,0,,,,,,,,
0,25,32,0,,,,,,,,
57,25,32,2,1144,2733,,576,485,,997,
0,25,32,0,,,,,,,,
11,26,1,1,2249,3067,2585,1882,,339,,
0,26,1,0,,,,,,,,
0,26,1,0,,,,,,,,
0,26,2,0,,,,,,,,
0,26,2,0,,,,,,,,
32,26,2,2,2645,455,106,1866,2525,1624,,
55,26,3,1,2013,1155,1998,1530,,352,,
0,26,3,0,,,,,,,,
0,26,3,0,,,,,,,,
0,26,4,0,,,,,,,,
0,26,4,0,,,,,,,,
16,26,4,2,2568,2691,633,1500,261,183,,
41,26,5,1,2161,2276,,409,1225,1765,,
0,26,5,0,,,,,,,,
0,26,5,0,,,,,,,,
0,26,6,0,,,,,,,,
0,26,6,0,,,,,,,,
45,26,6,2,1793,1992,1973,1398,1126,,131,
34,26,7,1,2201,2469,143,123,1348,299,,
0,26,7,0,,,,,,,,
0,26,7,0,,,,,,,,
0,26,8,0,,,,,,,,
0,26,8,0,,,,,,,,
60,26,8,2,1398,2066,1773,373,1014,510,,
19,26,9,1,2153,529,1397,788,226,294,,
0,26,9,0,,,,,,,,
0,26,9,0,,,,,,,,
0,26,10,0,,,,,,,,
0,26,10,0,,,,,,,,
8,26,10,2,2340,3260,2017,1854,2890,2226,,
18,26,11,1,3240,2642,2256,298,174,429,,
0,26,11,0,,,,,,,,
0,26,11,0,,,,,,,,
0,26,12,0,,,,,,,,
53,26,12,2,1449,2100,2213,1459,,209,,
0,26,12,0,,,,,,,,
29,26,13,1,3288,1619,3480,2593,1409,1780,,
0,26,13,0,,,,,,,,
0,26,13,0,,,,,,,,
0,26,14,0,,,,,,,,
22,26,14,2,1865,1495,1007,865,127,2503,,
0,26,14,0,,,,,,,,
66,26,15,1,1587,2480,194,1089,350,1159,,
0,26,15,0,,,,,,,,
0,26,15,0,,,,,,,,
0,26,16,0,,,,,,,,
31,26,16,2,2957,2911,2189,1281,1240,1397,,
0,26,16,0,,,,,,,,
59,26,17,1,1174,871,491,2191,655,3017,,
0,26,17,0,,,,,,,,
0,26,17,0,,,,,,,,
0,26,18,0,,,,,,,,
48,26,18,2,3685,3377,1733,1454,834,2721,,
0,26,18,0,,,,,,,,
26,26,19,1,2106,3292,2398,1396,378,2562,,
0,26,19,0,,,,,,,,
0,26,19,0,,,,,,,,
0,26,20,0,,,,,,,,
38,26,20,2,3539,1705,2025,2255,984,2289,,
0,26,20,0,,,,,,,,
52,26,21,1,2493,,229,1515,,340,,
0,26,21,0,,,,,,,,
0,26,21,0,,,,,,,,
0,26,22,0,,,,,,,,
67,26,22,2,2165,106,1619,140,1865,1684,,
0,26,22,0,,,,,,,,
64,26,23,1,2071,2089,2027,1713,,117,,
0,26,23,0,,,,,,,,
0,26,23,0,,,,,,,,
0,26,24,0,,,,,,,,
25,26,24,2,2584,2205,1935,1866,,141,,
0,26,24,0,,,,,,,,
27,26,25,1,3039,2395,2096,2635,1208,1751,,
0,26,25,0,,,,,,,,
0,26,25,0,,,,,,,,
0,26,26,0,,,,,,,,
47,26,26,2,2961,2807,1543,1594,1250,1257,,
0,26,26,0,,,,,,,,
54,26,27,1,2211,3950,151,1481,182,381,,
0,26,27,0,,,,,,,,
0,26,27,0,,,,,,,,
0,26,28,0,,,,,,,,
30,26,28,2,3904,2601,2833,1662,1942,2567,,
0,26,28,0,,,,,,,,
13,26,29,1,4648,2108,1151,1331,2544,3107,,
0,26,29,0,,,,,,,,
0,26,29,0,,,,,,,,
0,26,30,0,,,,,,,,
61,26,30,2,3977,2302,2095,1693,1641,1595,,
0,26,30,0,,,,,,,,
6,26,31,1,3052,1962,2454,,93,2368,,
0,26,31,0,,,,,,,,
0,26,31,0,,,,,,,,
0,26,32,0,,,,,,,,
28,26,32,2,2143,2746,279,649,1960,2859,,
0,26,32,0,,,,,,,,
43,27,1,1,462,318,1415,1557,1465,,,
0,27,1,0,,,,,,,,
0,27,1,0,,,,,,,,
0,27,2,0,,,,,,,,
0,27,2,0,,,,,,,,
12,27,2,2,1622,1120,400,279,1050,,,
65,27,3,1,2956,2638,1708,2339,,140,,
0,27,3,0,,,,,,,,
0,27,3,0,,,,,,,,
0,27,4,0,,,,,,,,
0,27,4,0,,,,,,,,
21,27,4,2,3035,1671,289,507,1193,563,98,
51,27,5,1,257,472,2385,1369,795,2198,,
0,27,5,0,,,,,,,,
0,27,5,0,,,,,,,,
0,27,6,0,,,,,,,,
0,27,6,0,,,,,,,,
46,27,6,2,950,2054,2025,2788,2231,1097,224,
35,27,7,1,1192,1570,2413,2714,1109,868,,
0,27,7,0,,,,,,,,
0,27,7,0,,,,,,,,
0,27,8,0,,,,,,,,
0,27,8,0,,,,,,,,
32,27,8,2,1312,711,465,2308,640,1808,,
5,27,9,1,1701,127,159,,193,232,,
0,27,9,0,,,,,,,,
0,27,9,0,,,,,,,,
0,27,10,0,,,,,,,,
0,27,10,0,,,,,,,,
38,27,10,2,1795,118,1488,2539,1781,3022,,
11,27,11,1,2157,575,565,224,229,479,,
0,27,11,0,,,,,,,,
0,27,11,0,,,,,,,,
0,27,12,0,,,,,,,,
19,27,12,2,483,2229,1403,984,477,445,,
0,27,12,0,,,,,,,,
24,27,13,1,357,198,175,912,624,211,,
0,27,13,0,,,,,,,,
0,27,13,0,,,,,,,,
0,27,14,0,,,,,,,,
42,27,14,2,416,1912,515,2630,1601,345,,
0,27,14,0,,,,,,,,
68,27,15,1,1695,1661,2053,1873,953,318,,
0,27,15,0,,,,,,,,
0,27,15,0,,,,,,,,
0,27,16,0,,,,,,,,
67,27,16,2,2568,2223,2551,354,595,113,,
0,27,16,0,,,,,,,,
23,27,17,1,1635,195,658,976,1906,918,,
0,27,17,0,,,,,,,,
0,27,17,0,,,,,,,,
0,27,18,0,,,,,,,,
63,27,18,2,2615,156,1980,1582,1244,1597,,
0,27,18,0,,,,,,,,
10,27,19,1,420,194,6035,231,2448,514,,
0,27,19,0,,,,,,,,
0,27,19,0,,,,,,,,
0,27,20,0,,,,,,,,
64,27,20,2,5720,2054,2004,1406,917,1219,,
0,27,20,0,,,,,,,,
9,27,21,1,2797,3398,2163,1915,277,140,,
0,27,21,0,,,,,,,,
0,27,21,0,,,,,,,,
0,27,22,0,,,,,,,,
17,27,22,2,2744,265,588,877,350,908,,
0,27,22,0,,,,,,,,
49,27,23,1,412,2614,835,81,1816,484,,
0,27,23,0,,,,,,,,
0,27,23,0,,,,,,,,
0,27,24,0,,,,,,,,
62,27,24,2,2828,414,1792,1274,,549,,
0,27,24,0,,,,,,,,
16,27,25,1,2439,601,2789,738,889,256,,
0,27,25,0,,,,,,,,
0,27,25,0,,,,,,,,
0,27,26,0,,,,,,,,
27,27,26,2,2744,367,1323,120,293,195,,
0,27,26,0,,,,,,,,
37,27,27,1,1093,2157,2220,1421,990,597,,
0,27,27,0,,,,,,,,
0,27,27,0,,,,,,,,
0,27,28,0,,,,,,,,
20,27,28,2,442,1152,744,1724,1382,198,,
0,27,28,0,,,,,,,,
45,27,29,1,1236,3099,1650,2372,1615,604,312,
0,27,29,0,,,,,,,,
0,27,29,0,,,,,,,,
0,27,30,0,,,,,,,,
26,27,30,2,3142,299,818,175,,783,,
0,27,30,0,,,,,,,,
28,27,31,1,2458,2228,846,145,1001,1403,,
0,27,31,0,,,,,,,,
0,27,31,0,,,,,,,,
0,27,32,0,,,,,,,,
53,27,32,2,1362,1142,1881,153,1644,178,435,
0,27,32,0,,,,,,,,
13,28,1,1,1382,344,124,237,557,150,,
0,28,1,0,,,,,,,,
0,28,1,0,,,,,,,,
0,28,2,0,,,,,,,,
0,28,2,0,,,,,,,,
19,28,2,2,1111,1594,2276,1874,1021,1069,,
42,28,3,1,1197,799,379,979,,276,,
0,28,3,0,,,,,,,,
0,28,3,0,,,,,,,,
0,28,4,0,,,,,,,,
0,28,4,0,,,,,,,,
48,28,4,2,906,643,713,97,117,192,,
57,28,5,1,360,302,96,153,107,1121,,
0,28,5,0,,,,,,,,
0,28,5,0,,,,,,,,
0,28,6,0,,,,,,,,
0,28,6,0,,,,,,,,
32,28,6,2,1380,743,413,162,299,128,,
49,28,7,1,490,134,142,844,528,1746,,
0,28,7,0,,,,,,,,
0,28,7,0,,,,,,,,
0,28,8,0,,,,,,,,
0,28,8,0,,,,,,,,
22,28,8,2,496,147,821,814,774,,,
44,28,9,1,686,966,285,935,266,202,,
0,28,9,0,,,,,,,,
0,28,9,0,,,,,,,,
0,28,10,0,,,,,,,,
0,28,10,0,,,,,,,,
10,28,10,2,869,166,312,151,1250,1183,,
62,28,11,1,911,2003,593,210,139,159,,
0,28,11,0,,,,,,,,
0,28,11,0,,,,,,,,
0,28,12,0,,,,,,,,
53,28,12,2,860,580,716,171,473,162,257,
0,28,12,0,,,,,,,,
33,28,13,1,1482,861,543,1342,354,223,150,
0,28,13,0,,,,,,,,
0,28,13,0,,,,,,,,
0,28,14,0,,,,,,,,
55,28,14,2,1079,332,136,762,557,,316,
0,28,14,0,,,,,,,,
51,28,15,1,697,725,1005,81,755,767,,
0,28,15,0,,,,,,,,
0,28,15,0,,,,,,,,
0,28,16,0,,,,,,,,
24,28,16,2,319,433,696,614,506,940,,
0,28,16,0,,,,,,,,
28,28,17,1,1197,486,969,1035,716,281,,
0,28,17,0,,,,,,,,
0,28,17,0,,,,,,,,
0,28,18,0,,,,,,,,
12,28,18,2,445,331,304,679,1542,1297,,
0,28,18,0,,,,,,,,
18,28,19,1,1347,591,217,480,864,1383,,
0,28,19,0,,,,,,,,
0,28,19,0,,,,,,,,
0,28,20,0,,,,,,,,
26,28,20,2,1179,1387,,343,203,290,,
0,28,20,0,,,,,,,,
5,28,21,1,2221,1123,1433,292,177,91,,
0,28,21,0,,,,,,,,
0,28,21,0,,,,,,,,
0,28,22,0,,,,,,,,
15,28,22,2,761,856,864,1224,725,211,,
0,28,22,0,,,,,,,,
21,28,23,1,986,1176,1015,701,150,1242,,
0,28,23,0,,,,,,,,
0,28,23,0,,,,,,,,
0,28,24,0,,,,,,,,
25,28,24,2,1147,763,384,90,,157,,
0,28,24,0,,,,,,,,
58,28,25,1,1117,130,902,1082,304,334,,
0,28,25,0,,,,,,,,
0,28,25,0,,,,,,,,
0,28,26,0,,,,,,,,
61,28,26,2,1085,191,1090,334,270,1249,,
0,28,26,0,,,,,,,,
46,28,27,1,1477,182,313,193,168,337,,
0,28,27,0,,,,,,,,
0,28,27,0,,,,,,,,
0,28,28,0,,,,,,,,
8,28,28,2,1681,1020,692,227,1156,1600,,
0,28,28,0,,,,,,,,
56,28,29,1,1188,448,181,181,157,1036,,
0,28,29,0,,,,,,,,
0,28,29,0,,,,,,,,
0,28,30,0,,,,,,,,
31,28,30,2,1490,1356,1369,1225,902,964,,
0,28,30,0,,,,,,,,
9,28,31,1,2103,1358,1117,721,637,798,,
0,28,31,0,,,,,,,,
0,28,31,0,,,,,,,,
0,28,32,0,,,,,,,,
63,28,32,2,826,246,160,664,578,538,,
0,28,32,0,,,,,,,,
13,29,1,1,3131,2415,1542,1910,,142,,
0,29,1,0,,,,,,,,
0,29,1,0,,,,,,,,
0,29,2,0,,,,,,,,
0,29,2,0,,,,,,,,
61,29,2,2,1828,1833,2907,153,2059,1404,,
49,29,3,1,3043,1159,171,1924,,467,,
0,29,3,0,,,,,,,,
0,29,3,0,,,,,,,,
0,29,4,0,,,,,,,,
0,29,4,0,,,,,,,,
48,29,4,2,1410,2177,2442,1228,1907,1417,,
23,29,5,1,2324,,166,1662,1897,2147,,
0,29,5,0,,,,,,,,
0,29,5,0,,,,,,,,
0,29,6,0,,,,,,,,
0,29,6,0,,,,,,,,
25,29,6,2,1589,260,158,1445,1364,162,,
42,29,7,1,1696,1473,2119,2384,1586,991,,
0,29,7,0,,,,,,,,
0,29,7,0,,,,,,,,
0,29,8,0,,,,,,,,
0,29,8,0,,,,,,,,
31,29,8,2,2198,767,164,160,1646,2424,,
9,29,9,1,1315,1561,,144,,423,,
0,29,9,0,,,,,,,,
0,29,9,0,,,,,,,,
0,29,10,0,,,,,,,,
0,29,10,0,,,,,,,,
45,29,10,2,1232,1912,2081,1368,1621,1435,,
35,29,11,1,1746,2259,187,151,,264,,
0,29,11,0,,,,,,,,
0,29,11,0,,,,,,,,
0,29,12,0,,,,,,,,
56,29,12,2,1627,2432,2298,1689,,160,,
0,29,12,0,,,,,,,,
5,29,13,1,3318,2344,2346,1807,,173,,
0,29,13,0,,,,,,,,
0,29,13,0,,,,,,,,
0,29,14,0,,,,,,,,
6,29,14,2,2781,1452,2053,1855,414,1533,,
0,29,14,0,,,,,,,,
62,29,15,1,1225,1443,1260,145,1094,952,,
0,29,15,0,,,,,,,,
0,29,15,0,,,,,,,,
0,29,16,0,,,,,,,,
47,29,16,2,1693,2359,2373,1722,1076,913,,
0,29,16,0,,,,,,,,
27,29,17,1,2277,208,224,3837,1325,2216,,
0,29,17,0,,,,,,,,
0,29,17,0,,,,,,,,
0,29,18,0,,,,,,,,
36,29,18,2,2159,2212,981,196,1409,1578,,
0,29,18,0,,,,,,,,
53,29,19,1,2993,411,2625,1664,377,1823,,
0,29,19,0,,,,,,,,
0,29,19,0,,,,,,,,
0,29,20,0,,,,,,,,
55,29,20,2,1964,2445,1994,2170,1033,1634,,
0,29,20,0,,,,,,,,
57,29,21,1,1966,4922,1611,1050,456,179,,
0,29,21,0,,,,,,,,
0,29,21,0,,,,,,,,
0,29,22,0,,,,,,,,
54,29,22,2,1604,1699,1396,148,1693,167,,
0,29,22,0,,,,,,,,
22,29,23,1,1622,1531,1734,2051,1110,1592,,
0,29,23,0,,,,,,,,
0,29,23,0,,,,,,,,
0,29,24,0,,,,,,,,
51,29,24,2,4070,1674,1957,1538,,171,,
0,29,24,0,,,,,,,,
19,29,25,1,2163,1702,1352,2113,,114,,
0,29,25,0,,,,,,,,
0,29,25,0,,,,,,,,
0,29,26,0,,,,,,,,
58,29,26,2,1490,1410,1857,1923,1251,1337,,
0,29,26,0,,,,,,,,
40,29,27,1,1873,1793,168,1171,470,155,,
0,29,27,0,,,,,,,,
0,29,27,0,,,,,,,,
0,29,28,0,,,,,,,,
7,29,28,2,2066,1685,2235,1781,,164,,
0,29,28,0,,,,,,,,
34,29,29,1,3130,105,238,1653,1647,1598,,
0,29,29,0,,,,,,,,
0,29,29,0,,,,,,,,
0,29,30,0,,,,,,,,
17,29,30,2,2485,1463,,220,1604,2013,,
0,29,30,0,,,,,,,,
33,29,31,1,1621,752,420,1034,957,154,,
0,29,31,0,,,,,,,,
0,29,31,0,,,,,,,,
0,29,32,0,,,,,,,,
8,29,32,2,1910,1760,1656,1509,151,878,,
0,29,32,0,,,,,,,,
