seq,subj,item,cond,R1,R2,R3,R4,R5,R6,R7,R8
0,1,1,0,,,,,,,,
0,1,1,0,,,,,,,,
27,1,1,2,1257,1149,1004,847,576,,,
11,1,2,1,1514,1288,,,,,,
0,1,2,0,,,,,,,,
0,1,2,0,,,,,,,,
0,1,3,0,,,,,,,,
0,1,3,0,,,,,,,,
7,1,3,2,,,837,1287,665,,,
36,1,4,1,1427,,,,,,,
0,1,4,0,,,,,,,,
0,1,4,0,,,,,,,,
0,1,5,0,,,,,,,,
0,1,5,0,,,,,,,,
1,1,5,2,215,,346,184,,,,
15,1,6,1,463,1527,,,,,,
0,1,6,0,,,,,,,,
0,1,6,0,,,,,,,,
0,1,7,0,,,,,,,,
0,1,7,0,,,,,,,,
9,1,7,2,1488,,,,228,,,
23,1,8,1,352,191,,,,,,
0,1,8,0,,,,,,,,
0,1,8,0,,,,,,,,
0,1,9,0,,,,,,,,
0,1,9,0,,,,,,,,
18,1,9,2,1154,1439,903,3957,759,,,
30,1,10,1,937,,,,,,,
0,1,10,0,,,,,,,,
0,1,10,0,,,,,,,,
0,1,11,0,,,,,,,,
32,1,11,2,,521,,,,,,
0,1,11,0,,,,,,,,
40,1,12,1,1570,3165,,,,,,
0,1,12,0,,,,,,,,
0,1,12,0,,,,,,,,
0,1,13,0,,,,,,,,
20,1,13,2,1112,1899,,,,,,
0,1,13,0,,,,,,,,
42,1,14,1,390,229,,,,,,
0,1,14,0,,,,,,,,
0,1,14,0,,,,,,,,
0,1,15,0,,,,,,,,
25,1,15,2,668,590,,,,,,
0,1,15,0,,,,,,,,
29,1,16,1,1693,1510,190,99,,,,
0,1,16,0,,,,,,,,
0,1,16,0,,,,,,,,
0,1,17,0,,,,,,,,
34,1,17,2,161,230,,,,,,
0,1,17,0,,,,,,,,
4,1,18,1,1578,695,,,,,,
0,1,18,0,,,,,,,,
0,1,18,0,,,,,,,,
0,1,19,0,,,,,,,,
5,1,19,2,324,998,864,,,,,
0,1,19,0,,,,,,,,
41,1,20,1,2757,3732,,,,,,
0,1,20,0,,,,,,,,
0,1,20,0,,,,,,,,
0,1,21,0,,,,,,,,
26,1,21,2,,237,147,493,,,,
0,1,21,0,,,,,,,,
39,1,22,1,584,,,,184,,,
0,1,22,0,,,,,,,,
0,1,22,0,,,,,,,,
0,1,23,0,,,,,,,,
38,1,23,2,389,,83,911,,,,
0,1,23,0,,,,,,,,
13,1,24,1,771,542,,,,,,
0,1,24,0,,,,,,,,
0,1,24,0,,,,,,,,
0,1,25,0,,,,,,,,
22,1,25,2,,,,,,,,
0,1,25,0,,,,,,,,
6,1,26,1,1083,,1145,918,904,,,
0,1,26,0,,,,,,,,
0,1,26,0,,,,,,,,
0,1,27,0,,,,,,,,
3,1,27,2,186,370,1797,1355,617,,,
0,1,27,0,,,,,,,,
21,1,28,1,757,1302,1484,814,,,,
0,1,28,0,,,,,,,,
0,1,28,0,,,,,,,,
0,1,29,0,,,,,,,,
33,1,29,2,1993,,350,412,,,,
0,1,29,0,,,,,,,,
14,1,30,1,1371,1213,592,240,,,,
0,1,30,0,,,,,,,,
0,1,30,0,,,,,,,,
0,1,31,0,,,,,,,,
17,1,31,2,2663,2398,,1260,192,,,
0,1,31,0,,,,,,,,
35,1,32,1,1381,1157,869,1218,596,,,
0,1,32,0,,,,,,,,
0,1,32,0,,,,,,,,
0,2,1,0,,,,,,,,
0,2,1,0,,,,,,,,
7,2,1,2,,120,,,,,,
2,2,2,1,,,,,,,,
0,2,2,0,,,,,,,,
0,2,2,0,,,,,,,,
0,2,3,0,,,,,,,,
0,2,3,0,,,,,,,,
38,2,3,2,,,,,150,,,
5,2,4,1,,141,,,499,,,
0,2,4,0,,,,,,,,
0,2,4,0,,,,,,,,
0,2,5,0,,,,,,,,
0,2,5,0,,,,,,,,
35,2,5,2,,,,,,,,
40,2,6,1,81,,,,,,,
0,2,6,0,,,,,,,,
0,2,6,0,,,,,,,,
0,2,7,0,,,,,,,,
0,2,7,0,,,,,,,,
20,2,7,2,,,,,,,,
33,2,8,1,,,,,,,,
0,2,8,0,,,,,,,,
0,2,8,0,,,,,,,,
0,2,9,0,,,,,,,,
0,2,9,0,,,,,,,,
29,2,9,2,180,835,1206,412,,,,
10,2,10,1,,,,,,,,
0,2,10,0,,,,,,,,
0,2,10,0,,,,,,,,
0,2,11,0,,,,,,,,
27,2,11,2,395,391,,,503,,,
0,2,11,0,,,,,,,,
24,2,12,1,,,,,,,,
0,2,12,0,,,,,,,,
0,2,12,0,,,,,,,,
0,2,13,0,,,,,,,,
14,2,13,2,,,,291,407,,,
0,2,13,0,,,,,,,,
19,2,14,1,,,,553,355,,,
0,2,14,0,,,,,,,,
0,2,14,0,,,,,,,,
0,2,15,0,,,,,,,,
12,2,15,2,,,,,,,,
0,2,15,0,,,,,,,,
13,2,16,1,,,,,,,,
0,2,16,0,,,,,,,,
0,2,16,0,,,,,,,,
0,2,17,0,,,,,,,,
16,2,17,2,,,,304,385,,,
0,2,17,0,,,,,,,,
28,2,18,1,,,,,,,,
0,2,18,0,,,,,,,,
0,2,18,0,,,,,,,,
0,2,19,0,,,,,,,,
17,2,19,2,,,480,,,,,
0,2,19,0,,,,,,,,
26,2,20,1,,,,558,,,,
0,2,20,0,,,,,,,,
0,2,20,0,,,,,,,,
0,2,21,0,,,,,,,,
18,2,21,2,351,,,,,,,
0,2,21,0,,,,,,,,
9,2,22,1,347,,,,,,,
0,2,22,0,,,,,,,,
0,2,22,0,,,,,,,,
0,2,23,0,,,,,,,,
37,2,23,2,,,,,,,,
0,2,23,0,,,,,,,,
22,2,24,1,,,,,283,,,
0,2,24,0,,,,,,,,
0,2,24,0,,,,,,,,
0,2,25,0,,,,,,,,
23,2,25,2,,,,,,,,
0,2,25,0,,,,,,,,
25,2,26,1,,,,,,,,
0,2,26,0,,,,,,,,
0,2,26,0,,,,,,,,
0,2,27,0,,,,,,,,
15,2,27,2,,,,,,,,
0,2,27,0,,,,,,,,
42,2,28,1,,284,,,288,,,
0,2,28,0,,,,,,,,
0,2,28,0,,,,,,,,
0,2,29,0,,,,,,,,
1,2,29,2,304,172,,,,,,
0,2,29,0,,,,,,,,
4,2,30,1,,,,,,,,
0,2,30,0,,,,,,,,
0,2,30,0,,,,,,,,
0,2,31,0,,,,,,,,
31,2,31,2,,,,,,,,
0,2,31,0,,,,,,,,
32,2,32,1,,,,,,,,
0,2,32,0,,,,,,,,
0,2,32,0,,,,,,,,
0,3,1,0,,,,,,,,
0,3,1,0,,,,,,,,
5,3,1,2,277,220,,,,,,
18,3,2,1,882,299,,,,,,
0,3,2,0,,,,,,,,
0,3,2,0,,,,,,,,
0,3,3,0,,,,,,,,
0,3,3,0,,,,,,,,
22,3,3,2,,,,262,,,,
36,3,4,1,,,,,,,,
0,3,4,0,,,,,,,,
0,3,4,0,,,,,,,,
0,3,5,0,,,,,,,,
0,3,5,0,,,,,,,,
40,3,5,2,,,,,,,,
26,3,6,1,,,,,,,,
0,3,6,0,,,,,,,,
0,3,6,0,,,,,,,,
0,3,7,0,,,,,,,,
0,3,7,0,,,,,,,,
13,3,7,2,384,,,,,,,
29,3,8,1,,,209,,,,,
0,3,8,0,,,,,,,,
0,3,8,0,,,,,,,,
0,3,9,0,,,,,,,,
0,3,9,0,,,,,,,,
3,3,9,2,790,876,,,,,,
32,3,10,1,,,,,,,,
0,3,10,0,,,,,,,,
0,3,10,0,,,,,,,,
0,3,11,0,,,,,,,,
1,3,11,2,,,,,217,,,
0,3,11,0,,,,,,,,
8,3,12,1,,,,,,,,
0,3,12,0,,,,,,,,
0,3,12,0,,,,,,,,
0,3,13,0,,,,,,,,
24,3,13,2,962,,,,,,,
0,3,13,0,,,,,,,,
10,3,14,1,494,,,,,,,
0,3,14,0,,,,,,,,
0,3,14,0,,,,,,,,
0,3,15,0,,,,,,,,
11,3,15,2,,,,,,,,
0,3,15,0,,,,,,,,
21,3,16,1,,,,,,,,
0,3,16,0,,,,,,,,
0,3,16,0,,,,,,,,
0,3,17,0,,,,,,,,
34,3,17,2,,,,171,,,,
0,3,17,0,,,,,,,,
39,3,18,1,,,,,,,,
0,3,18,0,,,,,,,,
0,3,18,0,,,,,,,,
0,3,19,0,,,,,,,,
25,3,19,2,409,,849,661,411,,,
0,3,19,0,,,,,,,,
38,3,20,1,1207,374,,,,,,
0,3,20,0,,,,,,,,
0,3,20,0,,,,,,,,
0,3,21,0,,,,,,,,
2,3,21,2,,135,,,,,,
0,3,21,0,,,,,,,,
7,3,22,1,,,,,,,,
0,3,22,0,,,,,,,,
0,3,22,0,,,,,,,,
0,3,23,0,,,,,,,,
15,3,23,2,395,,,,,,,
0,3,23,0,,,,,,,,
42,3,24,1,,,,,,,,
0,3,24,0,,,,,,,,
0,3,24,0,,,,,,,,
0,3,25,0,,,,,,,,
35,3,25,2,971,,,,,,,
0,3,25,0,,,,,,,,
12,3,26,1,1436,,,,,,,
0,3,26,0,,,,,,,,
0,3,26,0,,,,,,,,
0,3,27,0,,,,,,,,
28,3,27,2,535,542,,,,,,
0,3,27,0,,,,,,,,
20,3,28,1,191,,173,,,,,
0,3,28,0,,,,,,,,
0,3,28,0,,,,,,,,
0,3,29,0,,,,,,,,
9,3,29,2,329,,481,720,114,,,
0,3,29,0,,,,,,,,
16,3,30,1,359,,,,,,,
0,3,30,0,,,,,,,,
0,3,30,0,,,,,,,,
0,3,31,0,,,,,,,,
31,3,31,2,,,,906,474,,,
0,3,31,0,,,,,,,,
17,3,32,1,653,,,,188,,,
0,3,32,0,,,,,,,,
0,3,32,0,,,,,,,,
0,4,1,0,,,,,,,,
0,4,1,0,,,,,,,,
33,4,1,2,,,,,,,,
27,4,2,1,,,,,,,,
0,4,2,0,,,,,,,,
0,4,2,0,,,,,,,,
0,4,3,0,,,,,,,,
0,4,3,0,,,,,,,,
22,4,3,2,,,,,,,,
36,4,4,1,,,,,,,,
0,4,4,0,,,,,,,,
0,4,4,0,,,,,,,,
0,4,5,0,,,,,,,,
0,4,5,0,,,,,,,,
2,4,5,2,,,266,,,,,
10,4,6,1,,,,86,,,,
0,4,6,0,,,,,,,,
0,4,6,0,,,,,,,,
0,4,7,0,,,,,,,,
0,4,7,0,,,,,,,,
13,4,7,2,,,,,,,,
19,4,8,1,598,,,,,,,
0,4,8,0,,,,,,,,
0,4,8,0,,,,,,,,
0,4,9,0,,,,,,,,
0,4,9,0,,,,,,,,
17,4,9,2,,,,,327,,,
7,4,10,1,332,,,,,,,
0,4,10,0,,,,,,,,
0,4,10,0,,,,,,,,
0,4,11,0,,,,,,,,
25,4,11,2,165,,,,,,,
0,4,11,0,,,,,,,,
5,4,12,1,245,,1180,,,,,
0,4,12,0,,,,,,,,
0,4,12,0,,,,,,,,
0,4,13,0,,,,,,,,
40,4,13,2,,,,,,,,
0,4,13,0,,,,,,,,
30,4,14,1,,,,,,,,
0,4,14,0,,,,,,,,
0,4,14,0,,,,,,,,
0,4,15,0,,,,,,,,
21,4,15,2,,,,,173,,,
0,4,15,0,,,,,,,,
15,4,16,1,,,,,,,,
0,4,16,0,,,,,,,,
0,4,16,0,,,,,,,,
0,4,17,0,,,,,,,,
31,4,17,2,1935,,,,,,,
0,4,17,0,,,,,,,,
38,4,18,1,223,,,,,,,
0,4,18,0,,,,,,,,
0,4,18,0,,,,,,,,
0,4,19,0,,,,,,,,
16,4,19,2,569,,,,,,,
0,4,19,0,,,,,,,,
41,4,20,1,168,,,,,,,
0,4,20,0,,,,,,,,
0,4,20,0,,,,,,,,
0,4,21,0,,,,,,,,
4,4,21,2,,,,,,,,
0,4,21,0,,,,,,,,
24,4,22,1,,169,,,,,,
0,4,22,0,,,,,,,,
0,4,22,0,,,,,,,,
0,4,23,0,,,,,,,,
35,4,23,2,,,,,,,,
0,4,23,0,,,,,,,,
39,4,24,1,,,,,,,,
0,4,24,0,,,,,,,,
0,4,24,0,,,,,,,,
0,4,25,0,,,,,,,,
9,4,25,2,,,,,,,,
0,4,25,0,,,,,,,,
6,4,26,1,,,,,,,,
0,4,26,0,,,,,,,,
0,4,26,0,,,,,,,,
0,4,27,0,,,,,,,,
42,4,27,2,,,,,,,,
0,4,27,0,,,,,,,,
12,4,28,1,,,,,,,,
0,4,28,0,,,,,,,,
0,4,28,0,,,,,,,,
0,4,29,0,,,,,,,,
26,4,29,2,,,,,89,,,
0,4,29,0,,,,,,,,
1,4,30,1,,,,,,,,
0,4,30,0,,,,,,,,
0,4,30,0,,,,,,,,
0,4,31,0,,,,,,,,
32,4,31,2,,,280,,,,,
0,4,31,0,,,,,,,,
29,4,32,1,,,,,,,,
0,4,32,0,,,,,,,,
0,4,32,0,,,,,,,,
0,5,1,0,,,,,,,,
0,5,1,0,,,,,,,,
35,5,1,2,1188,,,,174,,,
24,5,2,1,,,346,,,,,
0,5,2,0,,,,,,,,
0,5,2,0,,,,,,,,
0,5,3,0,,,,,,,,
0,5,3,0,,,,,,,,
4,5,3,2,,,,,,,,
28,5,4,1,,,,,,,,
0,5,4,0,,,,,,,,
0,5,4,0,,,,,,,,
0,5,5,0,,,,,,,,
0,5,5,0,,,,,,,,
37,5,5,2,,,,,,,,
26,5,6,1,,,,,,,,
0,5,6,0,,,,,,,,
0,5,6,0,,,,,,,,
0,5,7,0,,,,,,,,
0,5,7,0,,,,,,,,
22,5,7,2,,,,,,,,
18,5,8,1,335,,,,,,,
0,5,8,0,,,,,,,,
0,5,8,0,,,,,,,,
0,5,9,0,,,,,,,,
0,5,9,0,,,,,,,,
39,5,9,2,,,,,,,,
11,5,10,1,,,,,,,,
0,5,10,0,,,,,,,,
0,5,10,0,,,,,,,,
0,5,11,0,,,,,,,,
31,5,11,2,,520,233,,,,,
0,5,11,0,,,,,,,,
9,5,12,1,,,,,,,,
0,5,12,0,,,,,,,,
0,5,12,0,,,,,,,,
0,5,13,0,,,,,,,,
16,5,13,2,,129,,,,,,
0,5,13,0,,,,,,,,
21,5,14,1,,,,,,,,
0,5,14,0,,,,,,,,
0,5,14,0,,,,,,,,
0,5,15,0,,,,,,,,
42,5,15,2,289,137,,,,,,
0,5,15,0,,,,,,,,
7,5,16,1,,,305,,,,,
0,5,16,0,,,,,,,,
0,5,16,0,,,,,,,,
0,5,17,0,,,,,,,,
15,5,17,2,440,,,,,,,
0,5,17,0,,,,,,,,
32,5,18,1,,,,,,,,
0,5,18,0,,,,,,,,
0,5,18,0,,,,,,,,
0,5,19,0,,,,,,,,
20,5,19,2,,,,,,,,
0,5,19,0,,,,,,,,
8,5,20,1,,,,,,,,
0,5,20,0,,,,,,,,
0,5,20,0,,,,,,,,
0,5,21,0,,,,,,,,
2,5,21,2,,,,,,,,
0,5,21,0,,,,,,,,
10,5,22,1,,,183,,,,,
0,5,22,0,,,,,,,,
0,5,22,0,,,,,,,,
0,5,23,0,,,,,,,,
14,5,23,2,,91,,524,,,,
0,5,23,0,,,,,,,,
30,5,24,1,,,337,140,,,,
0,5,24,0,,,,,,,,
0,5,24,0,,,,,,,,
0,5,25,0,,,,,,,,
17,5,25,2,398,166,,,,,,
0,5,25,0,,,,,,,,
34,5,26,1,119,,,,198,,,
0,5,26,0,,,,,,,,
0,5,26,0,,,,,,,,
0,5,27,0,,,,,,,,
3,5,27,2,,172,,,,,,
0,5,27,0,,,,,,,,
33,5,28,1,,,,,,,,
0,5,28,0,,,,,,,,
0,5,28,0,,,,,,,,
0,5,29,0,,,,,,,,
41,5,29,2,,,,,,,,
0,5,29,0,,,,,,,,
13,5,30,1,,207,,,,,,
0,5,30,0,,,,,,,,
0,5,30,0,,,,,,,,
0,5,31,0,,,,,,,,
1,5,31,2,,,,,,,,
0,5,31,0,,,,,,,,
6,5,32,1,,207,,,,,,
0,5,32,0,,,,,,,,
0,5,32,0,,,,,,,,
0,6,1,0,,,,,,,,
0,6,1,0,,,,,,,,
32,6,1,2,,,,,,,,
23,6,2,1,,,,,,,,
0,6,2,0,,,,,,,,
0,6,2,0,,,,,,,,
0,6,3,0,,,,,,,,
0,6,3,0,,,,,,,,
18,6,3,2,,360,,,,,,
39,6,4,1,,,,,,,,
0,6,4,0,,,,,,,,
0,6,4,0,,,,,,,,
0,6,5,0,,,,,,,,
0,6,5,0,,,,,,,,
27,6,5,2,,,,,,,,
37,6,6,1,,,231,,,,,
0,6,6,0,,,,,,,,
0,6,6,0,,,,,,,,
0,6,7,0,,,,,,,,
0,6,7,0,,,,,,,,
41,6,7,2,,176,,,,,,
9,6,8,1,1528,202,,972,,,,
0,6,8,0,,,,,,,,
0,6,8,0,,,,,,,,
0,6,9,0,,,,,,,,
0,6,9,0,,,,,,,,
7,6,9,2,,775,307,602,,,,
13,6,10,1,,189,,,,,,
0,6,10,0,,,,,,,,
0,6,10,0,,,,,,,,
0,6,11,0,,,,,,,,
21,6,11,2,780,,,,,,,
0,6,11,0,,,,,,,,
12,6,12,1,5262,197,124,,,,,
0,6,12,0,,,,,,,,
0,6,12,0,,,,,,,,
0,6,13,0,,,,,,,,
26,6,13,2,1944,932,,,,,,
0,6,13,0,,,,,,,,
20,6,14,1,,,1181,,,,,
0,6,14,0,,,,,,,,
0,6,14,0,,,,,,,,
0,6,15,0,,,,,,,,
3,6,15,2,,197,,,,,,
0,6,15,0,,,,,,,,
11,6,16,1,,538,,,,,,
0,6,16,0,,,,,,,,
0,6,16,0,,,,,,,,
0,6,17,0,,,,,,,,
15,6,17,2,,,,,498,,,
0,6,17,0,,,,,,,,
16,6,18,1,,121,,,,,,
0,6,18,0,,,,,,,,
0,6,18,0,,,,,,,,
0,6,19,0,,,,,,,,
35,6,19,2,463,1553,,,,,,
0,6,19,0,,,,,,,,
22,6,20,1,,565,,,,,,
0,6,20,0,,,,,,,,
0,6,20,0,,,,,,,,
0,6,21,0,,,,,,,,
17,6,21,2,,,,,,,,
0,6,21,0,,,,,,,,
29,6,22,1,1302,,,,,,,
0,6,22,0,,,,,,,,
0,6,22,0,,,,,,,,
0,6,23,0,,,,,,,,
30,6,23,2,,,,,,,,
0,6,23,0,,,,,,,,
5,6,24,1,1138,,,,141,,,
0,6,24,0,,,,,,,,
0,6,24,0,,,,,,,,
0,6,25,0,,,,,,,,
4,6,25,2,188,,402,170,,,,
0,6,25,0,,,,,,,,
25,6,26,1,,202,1929,2136,,,,
0,6,26,0,,,,,,,,
0,6,26,0,,,,,,,,
0,6,27,0,,,,,,,,
34,6,27,2,,,,,,,,
0,6,27,0,,,,,,,,
6,6,28,1,,,,172,293,,,
0,6,28,0,,,,,,,,
0,6,28,0,,,,,,,,
0,6,29,0,,,,,,,,
2,6,29,2,422,538,187,,154,,,
0,6,29,0,,,,,,,,
36,6,30,1,,,,,,,,
0,6,30,0,,,,,,,,
0,6,30,0,,,,,,,,
0,6,31,0,,,,,,,,
1,6,31,2,,,,1748,162,,,
0,6,31,0,,,,,,,,
31,6,32,1,,,,,,,,
0,6,32,0,,,,,,,,
0,6,32,0,,,,,,,,
0,7,1,0,,,,,,,,
0,7,1,0,,,,,,,,
28,7,1,2,,,,,,,,
5,7,2,1,1150,,,,150,,,
0,7,2,0,,,,,,,,
0,7,2,0,,,,,,,,
0,7,3,0,,,,,,,,
0,7,3,0,,,,,,,,
23,7,3,2,,,,,,,,
12,7,4,1,,,,,,,,
0,7,4,0,,,,,,,,
0,7,4,0,,,,,,,,
0,7,5,0,,,,,,,,
0,7,5,0,,,,,,,,
31,7,5,2,,,,,,,,
1,7,6,1,,,158,,,,,
0,7,6,0,,,,,,,,
0,7,6,0,,,,,,,,
0,7,7,0,,,,,,,,
0,7,7,0,,,,,,,,
19,7,7,2,,,,,,,,
8,7,8,1,,,,,,,,
0,7,8,0,,,,,,,,
0,7,8,0,,,,,,,,
0,7,9,0,,,,,,,,
0,7,9,0,,,,,,,,
14,7,9,2,719,521,,,,,,
35,7,10,1,374,,,,,,,
0,7,10,0,,,,,,,,
0,7,10,0,,,,,,,,
0,7,11,0,,,,,,,,
30,7,11,2,,,,,,,,
0,7,11,0,,,,,,,,
3,7,12,1,,,,,,,,
0,7,12,0,,,,,,,,
0,7,12,0,,,,,,,,
0,7,13,0,,,,,,,,
25,7,13,2,,,,,,,,
0,7,13,0,,,,,,,,
10,7,14,1,,,,,,,,
0,7,14,0,,,,,,,,
0,7,14,0,,,,,,,,
0,7,15,0,,,,,,,,
16,7,15,2,710,221,146,,,,,
0,7,15,0,,,,,,,,
21,7,16,1,,,,,,,,
0,7,16,0,,,,,,,,
0,7,16,0,,,,,,,,
0,7,17,0,,,,,,,,
40,7,17,2,459,,,,,,,
0,7,17,0,,,,,,,,
18,7,18,1,599,,,,165,,,
0,7,18,0,,,,,,,,
0,7,18,0,,,,,,,,
0,7,19,0,,,,,,,,
38,7,19,2,,,,,,,,
0,7,19,0,,,,,,,,
7,7,20,1,,1825,,,,,,
0,7,20,0,,,,,,,,
0,7,20,0,,,,,,,,
0,7,21,0,,,,,,,,
27,7,21,2,,,,,,,,
0,7,21,0,,,,,,,,
17,7,22,1,568,,,,,,,
0,7,22,0,,,,,,,,
0,7,22,0,,,,,,,,
0,7,23,0,,,,,,,,
41,7,23,2,,,,,,,,
0,7,23,0,,,,,,,,
11,7,24,1,,,,,,,,
0,7,24,0,,,,,,,,
0,7,24,0,,,,,,,,
0,7,25,0,,,,,,,,
26,7,25,2,,,,,,,,
0,7,25,0,,,,,,,,
42,7,26,1,,,,,,,,
0,7,26,0,,,,,,,,
0,7,26,0,,,,,,,,
0,7,27,0,,,,,,,,
4,7,27,2,,,,,,,,
0,7,27,0,,,,,,,,
34,7,28,1,,,,,,,,
0,7,28,0,,,,,,,,
0,7,28,0,,,,,,,,
0,7,29,0,,,,,,,,
43,7,29,2,821,,,,,,,
0,7,29,0,,,,,,,,
37,7,30,1,590,,,,,,,
0,7,30,0,,,,,,,,
0,7,30,0,,,,,,,,
0,7,31,0,,,,,,,,
39,7,31,2,,,,,,,,
0,7,31,0,,,,,,,,
22,7,32,1,,,,,,,,
0,7,32,0,,,,,,,,
0,7,32,0,,,,,,,,
0,8,1,0,,,,,,,,
0,8,1,0,,,,,,,,
11,8,1,2,375,83,,,,,,
40,8,2,1,615,447,,,,,,
0,8,2,0,,,,,,,,
0,8,2,0,,,,,,,,
0,8,3,0,,,,,,,,
0,8,3,0,,,,,,,,
26,8,3,2,,190,,,,,,
30,8,4,1,,185,309,,,,,
0,8,4,0,,,,,,,,
0,8,4,0,,,,,,,,
0,8,5,0,,,,,,,,
0,8,5,0,,,,,,,,
22,8,5,2,311,825,,,,,,
34,8,6,1,175,,,,,,,
0,8,6,0,,,,,,,,
0,8,6,0,,,,,,,,
0,8,7,0,,,,,,,,
0,8,7,0,,,,,,,,
17,8,7,2,,,,,,,,
20,8,8,1,587,284,,,,,,
0,8,8,0,,,,,,,,
0,8,8,0,,,,,,,,
0,8,9,0,,,,,,,,
0,8,9,0,,,,,,,,
13,8,9,2,,,998,,,,,
7,8,10,1,,,,,,,,
0,8,10,0,,,,,,,,
0,8,10,0,,,,,,,,
0,8,11,0,,,,,,,,
15,8,11,2,,,,,,,,
0,8,11,0,,,,,,,,
25,8,12,1,,,,,,,,
0,8,12,0,,,,,,,,
0,8,12,0,,,,,,,,
0,8,13,0,,,,,,,,
37,8,13,2,297,113,,,,,,
0,8,13,0,,,,,,,,
3,8,14,1,,,,,,,,
0,8,14,0,,,,,,,,
0,8,14,0,,,,,,,,
0,8,15,0,,,,,,,,
19,8,15,2,194,,,,,,,
0,8,15,0,,,,,,,,
4,8,16,1,,,,,,,,
0,8,16,0,,,,,,,,
0,8,16,0,,,,,,,,
0,8,17,0,,,,,,,,
24,8,17,2,476,685,,,,,,
0,8,17,0,,,,,,,,
2,8,18,1,1180,454,126,,,,,
0,8,18,0,,,,,,,,
0,8,18,0,,,,,,,,
0,8,19,0,,,,,,,,
38,8,19,2,,,,,,,,
0,8,19,0,,,,,,,,
36,8,20,1,159,103,,,,,,
0,8,20,0,,,,,,,,
0,8,20,0,,,,,,,,
0,8,21,0,,,,,,,,
42,8,21,2,,,,,,,,
0,8,21,0,,,,,,,,
43,8,22,1,,,,,,,,
0,8,22,0,,,,,,,,
0,8,22,0,,,,,,,,
0,8,23,0,,,,,,,,
6,8,23,2,,,,,,,,
0,8,23,0,,,,,,,,
16,8,24,1,,,,,,,,
0,8,24,0,,,,,,,,
0,8,24,0,,,,,,,,
0,8,25,0,,,,,,,,
5,8,25,2,324,,,,,,,
0,8,25,0,,,,,,,,
1,8,26,1,104,,,,,,,
0,8,26,0,,,,,,,,
0,8,26,0,,,,,,,,
0,8,27,0,,,,,,,,
10,8,27,2,,,623,,,,,
0,8,27,0,,,,,,,,
33,8,28,1,195,,156,,,,,
0,8,28,0,,,,,,,,
0,8,28,0,,,,,,,,
0,8,29,0,,,,,,,,
32,8,29,2,479,243,,,,,,
0,8,29,0,,,,,,,,
28,8,30,1,919,,,,,,,
0,8,30,0,,,,,,,,
0,8,30,0,,,,,,,,
0,8,31,0,,,,,,,,
39,8,31,2,130,183,,,,,,
0,8,31,0,,,,,,,,
9,8,32,1,89,,,,,,,
0,8,32,0,,,,,,,,
0,8,32,0,,,,,,,,
0,9,1,0,,,,,,,,
0,9,1,0,,,,,,,,
38,9,1,2,,390,,303,,,,
13,9,2,1,,,,,413,,,
0,9,2,0,,,,,,,,
0,9,2,0,,,,,,,,
0,9,3,0,,,,,,,,
0,9,3,0,,,,,,,,
16,9,3,2,,201,547,,,,,
1,9,4,1,1479,,2228,,,,,
0,9,4,0,,,,,,,,
0,9,4,0,,,,,,,,
0,9,5,0,,,,,,,,
0,9,5,0,,,,,,,,
42,9,5,2,,,534,,,,,
7,9,6,1,258,,,,,,,
0,9,6,0,,,,,,,,
0,9,6,0,,,,,,,,
0,9,7,0,,,,,,,,
0,9,7,0,,,,,,,,
11,9,7,2,218,,,,,,,
34,9,8,1,1291,142,,696,,,,
0,9,8,0,,,,,,,,
0,9,8,0,,,,,,,,
0,9,9,0,,,,,,,,
0,9,9,0,,,,,,,,
32,9,9,2,999,1449,530,,,,,
3,9,10,1,381,678,433,150,,,,
0,9,10,0,,,,,,,,
0,9,10,0,,,,,,,,
0,9,11,0,,,,,,,,
27,9,11,2,,,,,147,,,
0,9,11,0,,,,,,,,
24,9,12,1,1386,2662,,,,,,
0,9,12,0,,,,,,,,
0,9,12,0,,,,,,,,
0,9,13,0,,,,,,,,
6,9,13,2,,,,,,,,
0,9,13,0,,,,,,,,
37,9,14,1,,,,,,,,
0,9,14,0,,,,,,,,
0,9,14,0,,,,,,,,
0,9,15,0,,,,,,,,
31,9,15,2,,,,,,,,
0,9,15,0,,,,,,,,
28,9,16,1,,,,,,,,
0,9,16,0,,,,,,,,
0,9,16,0,,,,,,,,
0,9,17,0,,,,,,,,
40,9,17,2,924,,,,,,,
0,9,17,0,,,,,,,,
5,9,18,1,1468,,1798,831,,,,
0,9,18,0,,,,,,,,
0,9,18,0,,,,,,,,
0,9,19,0,,,,,,,,
21,9,19,2,715,165,,403,,,,
0,9,19,0,,,,,,,,
25,9,20,1,1310,1212,,,153,,,
0,9,20,0,,,,,,,,
0,9,20,0,,,,,,,,
0,9,21,0,,,,,,,,
10,9,21,2,,167,,854,,,,
0,9,21,0,,,,,,,,
15,9,22,1,,101,,,,,,
0,9,22,0,,,,,,,,
0,9,22,0,,,,,,,,
0,9,23,0,,,,,,,,
29,9,23,2,,,,,895,,,
0,9,23,0,,,,,,,,
23,9,24,1,,345,324,2179,1221,,,
0,9,24,0,,,,,,,,
0,9,24,0,,,,,,,,
0,9,25,0,,,,,,,,
26,9,25,2,1906,1546,,,,,,
0,9,25,0,,,,,,,,
19,9,26,1,936,470,,,,,,
0,9,26,0,,,,,,,,
0,9,26,0,,,,,,,,
0,9,27,0,,,,,,,,
41,9,27,2,1491,,93,,,,,
0,9,27,0,,,,,,,,
20,9,28,1,816,740,,,382,,,
0,9,28,0,,,,,,,,
0,9,28,0,,,,,,,,
0,9,29,0,,,,,,,,
36,9,29,2,1275,,,,,,,
0,9,29,0,,,,,,,,
18,9,30,1,824,,,,,,,
0,9,30,0,,,,,,,,
0,9,30,0,,,,,,,,
0,9,31,0,,,,,,,,
9,9,31,2,1562,,672,89,,,,
0,9,31,0,,,,,,,,
22,9,32,1,,,,,,,,
0,9,32,0,,,,,,,,
0,9,32,0,,,,,,,,
0,10,1,0,,,,,,,,
0,10,1,0,,,,,,,,
1,10,1,2,455,,,,,,,
38,10,2,1,1121,2003,,,129,,,
0,10,2,0,,,,,,,,
0,10,2,0,,,,,,,,
0,10,3,0,,,,,,,,
0,10,3,0,,,,,,,,
24,10,3,2,,,,,,,,
33,10,4,1,704,,,,,,,
0,10,4,0,,,,,,,,
0,10,4,0,,,,,,,,
0,10,5,0,,,,,,,,
0,10,5,0,,,,,,,,
29,10,5,2,,,1208,652,274,,,
13,10,6,1,1177,,,,,,,
0,10,6,0,,,,,,,,
0,10,6,0,,,,,,,,
0,10,7,0,,,,,,,,
0,10,7,0,,,,,,,,
31,10,7,2,663,,545,285,402,,,
16,10,8,1,856,169,,684,,,,
0,10,8,0,,,,,,,,
0,10,8,0,,,,,,,,
0,10,9,0,,,,,,,,
0,10,9,0,,,,,,,,
7,10,9,2,751,330,148,,,,,
35,10,10,1,,155,,,,,,
0,10,10,0,,,,,,,,
0,10,10,0,,,,,,,,
0,10,11,0,,,,,,,,
4,10,11,2,,,,,,,,
0,10,11,0,,,,,,,,
11,10,12,1,929,2323,,,,,,
0,10,12,0,,,,,,,,
0,10,12,0,,,,,,,,
0,10,13,0,,,,,,,,
23,10,13,2,1970,1043,,,,,,
0,10,13,0,,,,,,,,
9,10,14,1,519,664,,1155,,,,
0,10,14,0,,,,,,,,
0,10,14,0,,,,,,,,
0,10,15,0,,,,,,,,
42,10,15,2,,,,,,,,
0,10,15,0,,,,,,,,
12,10,16,1,1006,,,,,,,
0,10,16,0,,,,,,,,
0,10,16,0,,,,,,,,
0,10,17,0,,,,,,,,
19,10,17,2,642,,,,,,,
0,10,17,0,,,,,,,,
6,10,18,1,,131,,,,,,
0,10,18,0,,,,,,,,
0,10,18,0,,,,,,,,
0,10,19,0,,,,,,,,
27,10,19,2,,,,,,,,
0,10,19,0,,,,,,,,
28,10,20,1,,,,,,,,
0,10,20,0,,,,,,,,
0,10,20,0,,,,,,,,
0,10,21,0,,,,,,,,
10,10,21,2,,,,1143,,,,
0,10,21,0,,,,,,,,
22,10,22,1,,,,,,,,
0,10,22,0,,,,,,,,
0,10,22,0,,,,,,,,
0,10,23,0,,,,,,,,
18,10,23,2,803,,,,,,,
0,10,23,0,,,,,,,,
5,10,24,1,,,,,,,,
0,10,24,0,,,,,,,,
0,10,24,0,,,,,,,,
0,10,25,0,,,,,,,,
37,10,25,2,841,,,,,,,
0,10,25,0,,,,,,,,
20,10,26,1,474,253,,,,,,
0,10,26,0,,,,,,,,
0,10,26,0,,,,,,,,
0,10,27,0,,,,,,,,
41,10,27,2,,,,,,,,
0,10,27,0,,,,,,,,
26,10,28,1,1379,1216,181,,,,,
0,10,28,0,,,,,,,,
0,10,28,0,,,,,,,,
0,10,29,0,,,,,,,,
3,10,29,2,,390,,,,,,
0,10,29,0,,,,,,,,
21,10,30,1,,,290,,,,,
0,10,30,0,,,,,,,,
0,10,30,0,,,,,,,,
0,10,31,0,,,,,,,,
15,10,31,2,488,,,,,,,
0,10,31,0,,,,,,,,
40,10,32,1,,,,,,,,
0,10,32,0,,,,,,,,
0,10,32,0,,,,,,,,
0,11,1,0,,,,,,,,
0,11,1,0,,,,,,,,
4,11,1,2,698,,,,,,,
21,11,2,1,,479,125,271,326,,,
0,11,2,0,,,,,,,,
0,11,2,0,,,,,,,,
0,11,3,0,,,,,,,,
0,11,3,0,,,,,,,,
2,11,3,2,301,,,,,,,
15,11,4,1,,194,,1017,,,,
0,11,4,0,,,,,,,,
0,11,4,0,,,,,,,,
0,11,5,0,,,,,,,,
0,11,5,0,,,,,,,,
8,11,5,2,,632,,,,,,
34,11,6,1,207,134,,,,,,
0,11,6,0,,,,,,,,
0,11,6,0,,,,,,,,
0,11,7,0,,,,,,,,
0,11,7,0,,,,,,,,
23,11,7,2,549,,,712,255,,,
18,11,8,1,171,,,,,,,
0,11,8,0,,,,,,,,
0,11,8,0,,,,,,,,
0,11,9,0,,,,,,,,
0,11,9,0,,,,,,,,
27,11,9,2,844,276,199,,,,,
25,11,10,1,1540,,,,,,,
0,11,10,0,,,,,,,,
0,11,10,0,,,,,,,,
0,11,11,0,,,,,,,,
32,11,11,2,277,,,,,,,
0,11,11,0,,,,,,,,
14,11,12,1,,,355,,364,,,
0,11,12,0,,,,,,,,
0,11,12,0,,,,,,,,
0,11,13,0,,,,,,,,
42,11,13,2,314,,,,,,,
0,11,13,0,,,,,,,,
31,11,14,1,1430,,,,,,,
0,11,14,0,,,,,,,,
0,11,14,0,,,,,,,,
0,11,15,0,,,,,,,,
33,11,15,2,206,,,,,,,
0,11,15,0,,,,,,,,
40,11,16,1,156,,,,,,,
0,11,16,0,,,,,,,,
0,11,16,0,,,,,,,,
0,11,17,0,,,,,,,,
11,11,17,2,476,241,,,,,,
0,11,17,0,,,,,,,,
10,11,18,1,696,,,,,,,
0,11,18,0,,,,,,,,
0,11,18,0,,,,,,,,
0,11,19,0,,,,,,,,
38,11,19,2,,,,,698,,,
0,11,19,0,,,,,,,,
1,11,20,1,502,,,,,,,
0,11,20,0,,,,,,,,
0,11,20,0,,,,,,,,
0,11,21,0,,,,,,,,
12,11,21,2,,206,,255,,,,
0,11,21,0,,,,,,,,
37,11,22,1,420,,359,,,,,
0,11,22,0,,,,,,,,
0,11,22,0,,,,,,,,
0,11,23,0,,,,,,,,
7,11,23,2,,668,,138,,,,
0,11,23,0,,,,,,,,
41,11,24,1,251,,208,,,,,
0,11,24,0,,,,,,,,
0,11,24,0,,,,,,,,
0,11,25,0,,,,,,,,
30,11,25,2,753,,,,,,,
0,11,25,0,,,,,,,,
36,11,26,1,733,,490,,,,,
0,11,26,0,,,,,,,,
0,11,26,0,,,,,,,,
0,11,27,0,,,,,,,,
20,11,27,2,1020,655,,,,,,
0,11,27,0,,,,,,,,
29,11,28,1,,,227,,,,,
0,11,28,0,,,,,,,,
0,11,28,0,,,,,,,,
0,11,29,0,,,,,,,,
13,11,29,2,,346,,,191,,,
0,11,29,0,,,,,,,,
39,11,30,1,,142,,,,,,
0,11,30,0,,,,,,,,
0,11,30,0,,,,,,,,
0,11,31,0,,,,,,,,
17,11,31,2,573,1662,1631,,,,,
0,11,31,0,,,,,,,,
6,11,32,1,112,1025,176,,,,,
0,11,32,0,,,,,,,,
0,11,32,0,,,,,,,,
0,12,1,0,,,,,,,,
0,12,1,0,,,,,,,,
37,12,1,2,1772,712,,867,,,,
11,12,2,1,1595,,701,,,,,
0,12,2,0,,,,,,,,
0,12,2,0,,,,,,,,
0,12,3,0,,,,,,,,
0,12,3,0,,,,,,,,
7,12,3,2,,,690,254,,,,
19,12,4,1,,,,,265,,,
0,12,4,0,,,,,,,,
0,12,4,0,,,,,,,,
0,12,5,0,,,,,,,,
0,12,5,0,,,,,,,,
2,12,5,2,1261,1046,922,968,748,,,
41,12,6,1,803,292,703,,,,,
0,12,6,0,,,,,,,,
0,12,6,0,,,,,,,,
0,12,7,0,,,,,,,,
0,12,7,0,,,,,,,,
13,12,7,2,1033,1043,740,152,480,,,
30,12,8,1,579,2894,,804,721,,,
0,12,8,0,,,,,,,,
0,12,8,0,,,,,,,,
0,12,9,0,,,,,,,,
0,12,9,0,,,,,,,,
39,12,9,2,1244,856,1771,,,,,
34,12,10,1,771,808,,532,651,,,
0,12,10,0,,,,,,,,
0,12,10,0,,,,,,,,
0,12,11,0,,,,,,,,
5,12,11,2,848,676,,,,,,
0,12,11,0,,,,,,,,
6,12,12,1,738,1217,537,,,,,
0,12,12,0,,,,,,,,
0,12,12,0,,,,,,,,
0,12,13,0,,,,,,,,
1,12,13,2,187,524,,,,,,
0,12,13,0,,,,,,,,
32,12,14,1,1086,399,154,,456,,,
0,12,14,0,,,,,,,,
0,12,14,0,,,,,,,,
0,12,15,0,,,,,,,,
27,12,15,2,705,677,735,459,491,,,
0,12,15,0,,,,,,,,
25,12,16,1,760,1767,1942,784,437,,,
0,12,16,0,,,,,,,,
0,12,16,0,,,,,,,,
0,12,17,0,,,,,,,,
9,12,17,2,958,818,425,247,,,,
0,12,17,0,,,,,,,,
4,12,18,1,10145,890,859,740,834,,,
0,12,18,0,,,,,,,,
0,12,18,0,,,,,,,,
0,12,19,0,,,,,,,,
24,12,19,2,495,598,890,353,,,,
0,12,19,0,,,,,,,,
43,12,20,1,1634,226,,789,476,,,
0,12,20,0,,,,,,,,
0,12,20,0,,,,,,,,
0,12,21,0,,,,,,,,
10,12,21,2,,,,888,,,,
0,12,21,0,,,,,,,,
16,12,22,1,408,209,156,,,,,
0,12,22,0,,,,,,,,
0,12,22,0,,,,,,,,
0,12,23,0,,,,,,,,
22,12,23,2,737,943,1028,1008,439,,,
0,12,23,0,,,,,,,,
26,12,24,1,,,,,581,,,
0,12,24,0,,,,,,,,
0,12,24,0,,,,,,,,
0,12,25,0,,,,,,,,
36,12,25,2,4057,515,335,592,,,,
0,12,25,0,,,,,,,,
18,12,26,1,625,709,456,377,341,,,
0,12,26,0,,,,,,,,
0,12,26,0,,,,,,,,
0,12,27,0,,,,,,,,
29,12,27,2,476,,,1271,582,,,
0,12,27,0,,,,,,,,
15,12,28,1,576,625,,408,139,,,
0,12,28,0,,,,,,,,
0,12,28,0,,,,,,,,
0,12,29,0,,,,,,,,
23,12,29,2,754,,,,,,,
0,12,29,0,,,,,,,,
17,12,30,1,872,377,,436,,,,
0,12,30,0,,,,,,,,
0,12,30,0,,,,,,,,
0,12,31,0,,,,,,,,
33,12,31,2,,,,696,432,,,
0,12,31,0,,,,,,,,
21,12,32,1,1099,715,,1051,689,,,
0,12,32,0,,,,,,,,
0,12,32,0,,,,,,,,
0,13,1,0,,,,,,,,
0,13,1,0,,,,,,,,
12,13,1,2,138,,,,,,,
36,13,2,1,,,,,137,,,
0,13,2,0,,,,,,,,
0,13,2,0,,,,,,,,
0,13,3,0,,,,,,,,
0,13,3,0,,,,,,,,
15,13,3,2,,174,,,,,,
4,13,4,1,376,,,,,,,
0,13,4,0,,,,,,,,
0,13,4,0,,,,,,,,
0,13,5,0,,,,,,,,
0,13,5,0,,,,,,,,
17,13,5,2,770,,,,,,,
8,13,6,1,,,,318,,,,
0,13,6,0,,,,,,,,
0,13,6,0,,,,,,,,
0,13,7,0,,,,,,,,
0,13,7,0,,,,,,,,
21,13,7,2,106,,,,534,,,
31,13,8,1,670,,,,,,,
0,13,8,0,,,,,,,,
0,13,8,0,,,,,,,,
0,13,9,0,,,,,,,,
0,13,9,0,,,,,,,,
34,13,9,2,,,273,,,,,
19,13,10,1,,,,,,,,
0,13,10,0,,,,,,,,
0,13,10,0,,,,,,,,
0,13,11,0,,,,,,,,
2,13,11,2,659,227,258,,401,,,
0,13,11,0,,,,,,,,
41,13,12,1,469,177,697,,,,,
0,13,12,0,,,,,,,,
0,13,12,0,,,,,,,,
0,13,13,0,,,,,,,,
23,13,13,2,,,,144,,,,
0,13,13,0,,,,,,,,
6,13,14,1,316,184,,,447,,,
0,13,14,0,,,,,,,,
0,13,14,0,,,,,,,,
0,13,15,0,,,,,,,,
38,13,15,2,112,,,421,406,,,
0,13,15,0,,,,,,,,
7,13,16,1,4347,,,,,,,
0,13,16,0,,,,,,,,
0,13,16,0,,,,,,,,
0,13,17,0,,,,,,,,
10,13,17,2,577,,,,,,,
0,13,17,0,,,,,,,,
40,13,18,1,,,,,429,,,
0,13,18,0,,,,,,,,
0,13,18,0,,,,,,,,
0,13,19,0,,,,,,,,
29,13,19,2,1182,773,231,,169,,,
0,13,19,0,,,,,,,,
42,13,20,1,,,1225,,,,,
0,13,20,0,,,,,,,,
0,13,20,0,,,,,,,,
0,13,21,0,,,,,,,,
1,13,21,2,382,,,,,,,
0,13,21,0,,,,,,,,
30,13,22,1,149,761,,,,,,
0,13,22,0,,,,,,,,
0,13,22,0,,,,,,,,
0,13,23,0,,,,,,,,
28,13,23,2,621,195,,,,,,
0,13,23,0,,,,,,,,
14,13,24,1,94,,,,138,,,
0,13,24,0,,,,,,,,
0,13,24,0,,,,,,,,
0,13,25,0,,,,,,,,
3,13,25,2,117,,360,,,,,
0,13,25,0,,,,,,,,
27,13,26,1,239,,108,,,,,
0,13,26,0,,,,,,,,
0,13,26,0,,,,,,,,
0,13,27,0,,,,,,,,
39,13,27,2,,,,,,,,
0,13,27,0,,,,,,,,
24,13,28,1,309,,,,,,,
0,13,28,0,,,,,,,,
0,13,28,0,,,,,,,,
0,13,29,0,,,,,,,,
11,13,29,2,393,,351,,475,,,
0,13,29,0,,,,,,,,
25,13,30,1,86,,,,,,,
0,13,30,0,,,,,,,,
0,13,30,0,,,,,,,,
0,13,31,0,,,,,,,,
33,13,31,2,,,,1022,,,,
0,13,31,0,,,,,,,,
26,13,32,1,98,,,,408,,,
0,13,32,0,,,,,,,,
0,13,32,0,,,,,,,,
0,14,1,0,,,,,,,,
0,14,1,0,,,,,,,,
41,14,1,2,1080,1428,716,974,886,,,
35,14,2,1,1216,1945,805,121,,,,
0,14,2,0,,,,,,,,
0,14,2,0,,,,,,,,
0,14,3,0,,,,,,,,
0,14,3,0,,,,,,,,
12,14,3,2,1202,692,1423,,,,,
32,14,4,1,785,1539,,,109,,,
0,14,4,0,,,,,,,,
0,14,4,0,,,,,,,,
0,14,5,0,,,,,,,,
0,14,5,0,,,,,,,,
39,14,5,2,1185,269,152,102,,,,
23,14,6,1,,,,,,,,
0,14,6,0,,,,,,,,
0,14,6,0,,,,,,,,
0,14,7,0,,,,,,,,
0,14,7,0,,,,,,,,
17,14,7,2,1216,992,1194,486,156,,,
28,14,8,1,,,,,,,,
0,14,8,0,,,,,,,,
0,14,8,0,,,,,,,,
0,14,9,0,,,,,,,,
0,14,9,0,,,,,,,,
10,14,9,2,758,967,879,1205,,,,
25,14,10,1,,,197,196,230,,,
0,14,10,0,,,,,,,,
0,14,10,0,,,,,,,,
0,14,11,0,,,,,,,,
37,14,11,2,,,,,,,,
0,14,11,0,,,,,,,,
16,14,12,1,867,490,,,,,,
0,14,12,0,,,,,,,,
0,14,12,0,,,,,,,,
0,14,13,0,,,,,,,,
30,14,13,2,1277,497,1142,138,,,,
0,14,13,0,,,,,,,,
19,14,14,1,806,850,1544,1422,,,,
0,14,14,0,,,,,,,,
0,14,14,0,,,,,,,,
0,14,15,0,,,,,,,,
27,14,15,2,,,,,,,,
0,14,15,0,,,,,,,,
9,14,16,1,1080,1069,,,,,,
0,14,16,0,,,,,,,,
0,14,16,0,,,,,,,,
0,14,17,0,,,,,,,,
22,14,17,2,1235,,,,,,,
0,14,17,0,,,,,,,,
31,14,18,1,,,258,,,,,
0,14,18,0,,,,,,,,
0,14,18,0,,,,,,,,
0,14,19,0,,,,,,,,
5,14,19,2,,,,,,,,
0,14,19,0,,,,,,,,
34,14,20,1,1197,735,,,,,,
0,14,20,0,,,,,,,,
0,14,20,0,,,,,,,,
0,14,21,0,,,,,,,,
7,14,21,2,,,,,,,,
0,14,21,0,,,,,,,,
21,14,22,1,607,1130,1042,1082,307,,,
0,14,22,0,,,,,,,,
0,14,22,0,,,,,,,,
0,14,23,0,,,,,,,,
1,14,23,2,,,,,,,,
0,14,23,0,,,,,,,,
3,14,24,1,531,,,,,,,
0,14,24,0,,,,,,,,
0,14,24,0,,,,,,,,
0,14,25,0,,,,,,,,
38,14,25,2,1176,936,1171,383,,,,
0,14,25,0,,,,,,,,
4,14,26,1,1063,201,,,,,,
0,14,26,0,,,,,,,,
0,14,26,0,,,,,,,,
0,14,27,0,,,,,,,,
2,14,27,2,969,,,,,,,
0,14,27,0,,,,,,,,
8,14,28,1,957,,,92,,,,
0,14,28,0,,,,,,,,
0,14,28,0,,,,,,,,
0,14,29,0,,,,,,,,
6,14,29,2,1061,,,170,,,,
0,14,29,0,,,,,,,,
14,14,30,1,,,,,,,,
0,14,30,0,,,,,,,,
0,14,30,0,,,,,,,,
0,14,31,0,,,,,,,,
20,14,31,2,705,1488,,,,,,
0,14,31,0,,,,,,,,
15,14,32,1,1101,,,758,497,,,
0,14,32,0,,,,,,,,
0,14,32,0,,,,,,,,
0,15,1,0,,,,,,,,
0,15,1,0,,,,,,,,
13,15,1,2,,1155,,,,,,
23,15,2,1,1052,1842,145,,,,,
0,15,2,0,,,,,,,,
0,15,2,0,,,,,,,,
0,15,3,0,,,,,,,,
0,15,3,0,,,,,,,,
9,15,3,2,5029,4470,1611,2865,2302,,,
42,15,4,1,1823,,441,,,,,
0,15,4,0,,,,,,,,
0,15,4,0,,,,,,,,
0,15,5,0,,,,,,,,
0,15,5,0,,,,,,,,
35,15,5,2,7050,2513,395,,,,,
21,15,6,1,,,,,,,,
0,15,6,0,,,,,,,,
0,15,6,0,,,,,,,,
0,15,7,0,,,,,,,,
0,15,7,0,,,,,,,,
4,15,7,2,6692,1551,2178,,,,,
31,15,8,1,825,,,418,,,,
0,15,8,0,,,,,,,,
0,15,8,0,,,,,,,,
0,15,9,0,,,,,,,,
0,15,9,0,,,,,,,,
1,15,9,2,2647,877,,1341,1357,,,
39,15,10,1,,730,406,,,,,
0,15,10,0,,,,,,,,
0,15,10,0,,,,,,,,
0,15,11,0,,,,,,,,
25,15,11,2,2425,637,,,,,,
0,15,11,0,,,,,,,,
3,15,12,1,2168,4820,770,,,,,
0,15,12,0,,,,,,,,
0,15,12,0,,,,,,,,
0,15,13,0,,,,,,,,
17,15,13,2,3386,1010,,,,,,
0,15,13,0,,,,,,,,
41,15,14,1,,,1575,,,,,
0,15,14,0,,,,,,,,
0,15,14,0,,,,,,,,
0,15,15,0,,,,,,,,
29,15,15,2,3260,940,1191,,,,,
0,15,15,0,,,,,,,,
19,15,16,1,1592,2497,2062,,,,,
0,15,16,0,,,,,,,,
0,15,16,0,,,,,,,,
0,15,17,0,,,,,,,,
38,15,17,2,935,,,,,,,
0,15,17,0,,,,,,,,
34,15,18,1,422,,,,,,,
0,15,18,0,,,,,,,,
0,15,18,0,,,,,,,,
0,15,19,0,,,,,,,,
33,15,19,2,,445,,,,,,
0,15,19,0,,,,,,,,
12,15,20,1,2304,,,,,,,
0,15,20,0,,,,,,,,
0,15,20,0,,,,,,,,
0,15,21,0,,,,,,,,
8,15,21,2,2152,2437,194,,,,,
0,15,21,0,,,,,,,,
15,15,22,1,157,2070,282,,,,,
0,15,22,0,,,,,,,,
0,15,22,0,,,,,,,,
0,15,23,0,,,,,,,,
37,15,23,2,2057,1132,,,,,,
0,15,23,0,,,,,,,,
20,15,24,1,6401,2465,497,,,,,
0,15,24,0,,,,,,,,
0,15,24,0,,,,,,,,
0,15,25,0,,,,,,,,
7,15,25,2,628,,,,,,,
0,15,25,0,,,,,,,,
16,15,26,1,897,,,,,,,
0,15,26,0,,,,,,,,
0,15,26,0,,,,,,,,
0,15,27,0,,,,,,,,
11,15,27,2,1275,1280,2528,1008,,,,
0,15,27,0,,,,,,,,
18,15,28,1,2506,,2982,2112,,,,
0,15,28,0,,,,,,,,
0,15,28,0,,,,,,,,
0,15,29,0,,,,,,,,
6,15,29,2,3309,1467,260,130,,,,
0,15,29,0,,,,,,,,
28,15,30,1,5115,,,,,,,
0,15,30,0,,,,,,,,
0,15,30,0,,,,,,,,
0,15,31,0,,,,,,,,
30,15,31,2,2182,,,,,,,
0,15,31,0,,,,,,,,
27,15,32,1,4135,12053,,,,,,
0,15,32,0,,,,,,,,
0,15,32,0,,,,,,,,
0,16,1,0,,,,,,,,
0,16,1,0,,,,,,,,
38,16,1,2,,,,,,,,
12,16,2,1,332,,,,,,,
0,16,2,0,,,,,,,,
0,16,2,0,,,,,,,,
0,16,3,0,,,,,,,,
0,16,3,0,,,,,,,,
32,16,3,2,,,,,248,,,
35,16,4,1,,,,,,,,
0,16,4,0,,,,,,,,
0,16,4,0,,,,,,,,
0,16,5,0,,,,,,,,
0,16,5,0,,,,,,,,
15,16,5,2,1351,1020,,900,,,,
28,16,6,1,,,,,,,,
0,16,6,0,,,,,,,,
0,16,6,0,,,,,,,,
0,16,7,0,,,,,,,,
0,16,7,0,,,,,,,,
23,16,7,2,,,,,,,,
5,16,8,1,,,,,,,,
0,16,8,0,,,,,,,,
0,16,8,0,,,,,,,,
0,16,9,0,,,,,,,,
0,16,9,0,,,,,,,,
26,16,9,2,,,,,,,,
30,16,10,1,,,,,,,,
0,16,10,0,,,,,,,,
0,16,10,0,,,,,,,,
0,16,11,0,,,,,,,,
41,16,11,2,1834,790,,,,,,
0,16,11,0,,,,,,,,
11,16,12,1,,,,,,,,
0,16,12,0,,,,,,,,
0,16,12,0,,,,,,,,
0,16,13,0,,,,,,,,
42,16,13,2,781,,,,803,,,
0,16,13,0,,,,,,,,
10,16,14,1,,,,,,,,
0,16,14,0,,,,,,,,
0,16,14,0,,,,,,,,
0,16,15,0,,,,,,,,
19,16,15,2,,431,,,,,,
0,16,15,0,,,,,,,,
37,16,16,1,,,,,,,,
0,16,16,0,,,,,,,,
0,16,16,0,,,,,,,,
0,16,17,0,,,,,,,,
14,16,17,2,2418,3099,,,,,,
0,16,17,0,,,,,,,,
2,16,18,1,,,758,,,,,
0,16,18,0,,,,,,,,
0,16,18,0,,,,,,,,
0,16,19,0,,,,,,,,
7,16,19,2,1370,,,,,,,
0,16,19,0,,,,,,,,
4,16,20,1,,,,,,,,
0,16,20,0,,,,,,,,
0,16,20,0,,,,,,,,
0,16,21,0,,,,,,,,
8,16,21,2,,,,,,,,
0,16,21,0,,,,,,,,
9,16,22,1,,,,,,,,
0,16,22,0,,,,,,,,
0,16,22,0,,,,,,,,
0,16,23,0,,,,,,,,
17,16,23,2,,,,,,,,
0,16,23,0,,,,,,,,
34,16,24,1,,,,,,,,
0,16,24,0,,,,,,,,
0,16,24,0,,,,,,,,
0,16,25,0,,,,,,,,
3,16,25,2,,,,,,,,
0,16,25,0,,,,,,,,
40,16,26,1,,,,,,,,
0,16,26,0,,,,,,,,
0,16,26,0,,,,,,,,
0,16,27,0,,,,,,,,
22,16,27,2,,,,,,,,
0,16,27,0,,,,,,,,
20,16,28,1,3965,1873,2584,,,,,
0,16,28,0,,,,,,,,
0,16,28,0,,,,,,,,
0,16,29,0,,,,,,,,
21,16,29,2,,2053,,,,,,
0,16,29,0,,,,,,,,
1,16,30,1,,,,,,,,
0,16,30,0,,,,,,,,
0,16,30,0,,,,,,,,
0,16,31,0,,,,,,,,
18,16,31,2,1409,1204,1131,455,292,,,
0,16,31,0,,,,,,,,
25,16,32,1,,,,,,,,
0,16,32,0,,,,,,,,
0,16,32,0,,,,,,,,
0,17,1,0,,,,,,,,
0,17,1,0,,,,,,,,
20,17,1,2,675,119,,,,,,
15,17,2,1,2479,,,,314,,,
0,17,2,0,,,,,,,,
0,17,2,0,,,,,,,,
0,17,3,0,,,,,,,,
0,17,3,0,,,,,,,,
8,17,3,2,,284,,,,,,
36,17,4,1,565,,,,136,,,
0,17,4,0,,,,,,,,
0,17,4,0,,,,,,,,
0,17,5,0,,,,,,,,
0,17,5,0,,,,,,,,
3,17,5,2,305,,,,261,,,
28,17,6,1,,,181,,,,,
0,17,6,0,,,,,,,,
0,17,6,0,,,,,,,,
0,17,7,0,,,,,,,,
0,17,7,0,,,,,,,,
18,17,7,2,311,,159,285,462,,,
13,17,8,1,86,,,,,,,
0,17,8,0,,,,,,,,
0,17,8,0,,,,,,,,
0,17,9,0,,,,,,,,
0,17,9,0,,,,,,,,
31,17,9,2,345,,249,,,,,
34,17,10,1,1371,284,,,,,,
0,17,10,0,,,,,,,,
0,17,10,0,,,,,,,,
0,17,11,0,,,,,,,,
38,17,11,2,,629,,245,1110,,,
0,17,11,0,,,,,,,,
27,17,12,1,529,188,,,321,,,
0,17,12,0,,,,,,,,
0,17,12,0,,,,,,,,
0,17,13,0,,,,,,,,
43,17,13,2,,,,,,,,
0,17,13,0,,,,,,,,
10,17,14,1,,,,,301,,,
0,17,14,0,,,,,,,,
0,17,14,0,,,,,,,,
0,17,15,0,,,,,,,,
17,17,15,2,,99,,,196,,,
0,17,15,0,,,,,,,,
6,17,16,1,,,,,369,,,
0,17,16,0,,,,,,,,
0,17,16,0,,,,,,,,
0,17,17,0,,,,,,,,
25,17,17,2,649,111,,,,,,
0,17,17,0,,,,,,,,
24,17,18,1,1162,,,325,,,,
0,17,18,0,,,,,,,,
0,17,18,0,,,,,,,,
0,17,19,0,,,,,,,,
1,17,19,2,125,,,,587,,,
0,17,19,0,,,,,,,,
42,17,20,1,1908,,,,,,,
0,17,20,0,,,,,,,,
0,17,20,0,,,,,,,,
0,17,21,0,,,,,,,,
33,17,21,2,208,83,,261,,,,
0,17,21,0,,,,,,,,
22,17,22,1,,,,,,,,
0,17,22,0,,,,,,,,
0,17,22,0,,,,,,,,
0,17,23,0,,,,,,,,
7,17,23,2,,,183,,,,,
0,17,23,0,,,,,,,,
39,17,24,1,,,652,,,,,
0,17,24,0,,,,,,,,
0,17,24,0,,,,,,,,
0,17,25,0,,,,,,,,
41,17,25,2,,,,,,,,
0,17,25,0,,,,,,,,
30,17,26,1,,,,,,,,
0,17,26,0,,,,,,,,
0,17,26,0,,,,,,,,
0,17,27,0,,,,,,,,
2,17,27,2,,269,,,,,,
0,17,27,0,,,,,,,,
26,17,28,1,673,609,236,,294,,,
0,17,28,0,,,,,,,,
0,17,28,0,,,,,,,,
0,17,29,0,,,,,,,,
11,17,29,2,,94,,,,,,
0,17,29,0,,,,,,,,
12,17,30,1,,,88,,,,,
0,17,30,0,,,,,,,,
0,17,30,0,,,,,,,,
0,17,31,0,,,,,,,,
40,17,31,2,,,,,,,,
0,17,31,0,,,,,,,,
23,17,32,1,,,,650,,,,
0,17,32,0,,,,,,,,
0,17,32,0,,,,,,,,
0,18,1,0,,,,,,,,
0,18,1,0,,,,,,,,
20,18,1,0,,,,,,,,
15,18,2,0,,,,,,,,
0,18,2,0,,,,,,,,
7,18,2,2,,,,662,454,,,
0,18,3,0,,,,,,,,
0,18,3,0,,,,,,,,
8,18,3,0,,,,,,,,
36,18,4,0,,,,,,,,
0,18,4,0,,,,,,,,
0,18,4,0,,,,,,,,
0,18,5,0,,,,,,,,
0,18,5,0,,,,,,,,
3,18,5,0,,,,,,,,
28,18,6,0,,,,,,,,
0,18,6,0,,,,,,,,
0,18,6,0,,,,,,,,
9,18,7,1,,,,,,,,
0,18,7,0,,,,,,,,
18,18,7,0,,,,,,,,
13,18,8,0,,,,,,,,
0,18,8,0,,,,,,,,
0,18,8,0,,,,,,,,
0,18,9,0,,,,,,,,
0,18,9,0,,,,,,,,
31,18,9,0,,,,,,,,
34,18,10,0,,,,,,,,
0,18,10,0,,,,,,,,
0,18,10,0,,,,,,,,
4,18,11,1,,125,,,355,,,
38,18,11,0,,,,,,,,
0,18,11,0,,,,,,,,
27,18,12,0,,,,,,,,
3,18,12,2,,146,,,149,,,
0,18,12,0,,,,,,,,
0,18,13,0,,,,,,,,
43,18,13,0,,,,,,,,
0,18,13,0,,,,,,,,
10,18,14,0,,,,,,,,
2,18,14,2,,1951,1545,2026,1275,,,
0,18,14,0,,,,,,,,
5,18,15,1,857,,,,,,,
17,18,15,0,,,,,,,,
0,18,15,0,,,,,,,,
6,18,16,0,,,,,,,,
0,18,16,0,,,,,,,,
0,18,16,0,,,,,,,,
0,18,17,0,,,,,,,,
25,18,17,0,,,,,,,,
0,18,17,0,,,,,,,,
24,18,18,0,,,,,,,,
11,18,18,2,,,,,648,,,
0,18,18,0,,,,,,,,
0,18,19,0,,,,,,,,
1,18,19,0,,,,,,,,
0,18,19,0,,,,,,,,
42,18,20,0,,,,,,,,
0,18,20,0,,,,,,,,
0,18,20,0,,,,,,,,
0,18,21,0,,,,,,,,
33,18,21,0,,,,,,,,
0,18,21,0,,,,,,,,
22,18,22,0,,,,,,,,
0,18,22,0,,,,,,,,
0,18,22,0,,,,,,,,
1,18,23,1,,136,1506,,,,,
7,18,23,0,,,,,,,,
0,18,23,0,,,,,,,,
39,18,24,0,,,,,,,,
12,18,24,2,,348,,,395,,,
0,18,24,0,,,,,,,,
6,18,25,1,,,,,,,,
41,18,25,0,,,,,,,,
0,18,25,0,,,,,,,,
30,18,26,0,,,,,,,,
14,18,26,2,,,329,,,,,
0,18,26,0,,,,,,,,
13,18,27,1,83,,,188,,,,
2,18,27,0,,,,,,,,
0,18,27,0,,,,,,,,
26,18,28,0,,,,,,,,
0,18,28,0,,,,,,,,
0,18,28,0,,,,,,,,
0,18,29,0,,,,,,,,
11,18,29,0,,,,,,,,
0,18,29,0,,,,,,,,
12,18,30,0,,,,,,,,
0,18,30,0,,,,,,,,
0,18,30,0,,,,,,,,
0,18,31,0,,,,,,,,
40,18,31,0,,,,,,,,
0,18,31,0,,,,,,,,
23,18,32,0,,,,,,,,
0,18,32,0,,,,,,,,
0,18,32,0,,,,,,,,
0,19,1,0,,,,,,,,
0,19,1,0,,,,,,,,
14,19,1,2,401,,,,,,,
23,19,2,1,816,1344,340,,,,,
0,19,2,0,,,,,,,,
7,19,2,0,,,,,,,,
0,19,3,0,,,,,,,,
0,19,3,0,,,,,,,,
16,19,3,2,2021,644,,,,,,
42,19,4,1,1076,,,,,,,
0,19,4,0,,,,,,,,
0,19,4,0,,,,,,,,
0,19,5,0,,,,,,,,
0,19,5,0,,,,,,,,
25,19,5,2,1180,271,210,492,1064,,,
40,19,6,1,,,,,,,,
0,19,6,0,,,,,,,,
0,19,6,0,,,,,,,,
9,19,7,0,,,,,,,,
0,19,7,0,,,,,,,,
35,19,7,2,,,,,,,,
18,19,8,1,,,227,181,,,,
0,19,8,0,,,,,,,,
0,19,8,0,,,,,,,,
0,19,9,0,,,,,,,,
0,19,9,0,,,,,,,,
29,19,9,2,464,626,1059,,,,,
37,19,10,1,315,,,,224,,,
0,19,10,0,,,,,,,,
0,19,10,0,,,,,,,,
4,19,11,0,,,,,,,,
2,19,11,2,688,,,,,,,
0,19,11,0,,,,,,,,
12,19,12,1,262,161,,,,,,
3,19,12,0,,,,,,,,
0,19,12,0,,,,,,,,
0,19,13,0,,,,,,,,
32,19,13,2,2105,1024,561,852,495,,,
0,19,13,0,,,,,,,,
8,19,14,1,,,,,272,,,
2,19,14,0,,,,,,,,
0,19,14,0,,,,,,,,
5,19,15,0,,,,,,,,
27,19,15,2,,307,380,668,1028,,,
0,19,15,0,,,,,,,,
6,19,16,1,,,,,145,,,
0,19,16,0,,,,,,,,
0,19,16,0,,,,,,,,
0,19,17,0,,,,,,,,
28,19,17,2,721,,318,,,,,
0,19,17,0,,,,,,,,
33,19,18,1,729,,,,,,,
11,19,18,0,,,,,,,,
0,19,18,0,,,,,,,,
0,19,19,0,,,,,,,,
34,19,19,2,937,960,1810,1084,1519,,,
0,19,19,0,,,,,,,,
31,19,20,1,,200,,,,,,
0,19,20,0,,,,,,,,
0,19,20,0,,,,,,,,
0,19,21,0,,,,,,,,
21,19,21,2,,,,,,,,
0,19,21,0,,,,,,,,
9,19,22,1,,,,,,,,
0,19,22,0,,,,,,,,
0,19,22,0,,,,,,,,
1,19,23,0,,,,,,,,
39,19,23,2,,,,,853,,,
0,19,23,0,,,,,,,,
4,19,24,1,,,,,204,,,
12,19,24,0,,,,,,,,
0,19,24,0,,,,,,,,
6,19,25,0,,,,,,,,
7,19,25,2,594,,327,442,,,,
0,19,25,0,,,,,,,,
22,19,26,1,398,731,,,140,,,
14,19,26,0,,,,,,,,
0,19,26,0,,,,,,,,
13,19,27,0,,,,,,,,
20,19,27,2,739,1110,,,,,,
0,19,27,0,,,,,,,,
5,19,28,1,,,,,,,,
0,19,28,0,,,,,,,,
0,19,28,0,,,,,,,,
0,19,29,0,,,,,,,,
3,19,29,2,,,,,,,,
0,19,29,0,,,,,,,,
13,19,30,1,,,,,,,,
0,19,30,0,,,,,,,,
0,19,30,0,,,,,,,,
0,19,31,0,,,,,,,,
10,19,31,2,,,255,,,,,
0,19,31,0,,,,,,,,
11,19,32,1,,,,,1551,,,
0,19,32,0,,,,,,,,
0,19,32,0,,,,,,,,
0,20,1,0,,,,,,,,
0,20,1,0,,,,,,,,
4,20,1,2,1025,1130,656,760,1592,,,
28,20,2,1,3430,1168,,,,,,
0,20,2,0,,,,,,,,
7,20,2,0,,,,,,,,
0,20,3,0,,,,,,,,
0,20,3,0,,,,,,,,
20,20,3,2,,,,,223,,,
41,20,4,1,1544,1495,,,,,,
0,20,4,0,,,,,,,,
0,20,4,0,,,,,,,,
0,20,5,0,,,,,,,,
0,20,5,0,,,,,,,,
38,20,5,2,582,610,627,380,369,,,
11,20,6,1,816,458,,,,,,
0,20,6,0,,,,,,,,
0,20,6,0,,,,,,,,
9,20,7,0,,,,,,,,
0,20,7,0,,,,,,,,
34,20,7,2,1009,175,,,,,,
6,20,8,1,352,,,,,,,
0,20,8,0,,,,,,,,
0,20,8,0,,,,,,,,
0,20,9,0,,,,,,,,
0,20,9,0,,,,,,,,
17,20,9,2,,1170,882,,,,,
15,20,10,1,,,198,,397,,,
0,20,10,0,,,,,,,,
0,20,10,0,,,,,,,,
4,20,11,0,,,,,,,,
40,20,11,2,283,676,,,,,,
0,20,11,0,,,,,,,,
25,20,12,1,,,,352,325,,,
3,20,12,0,,,,,,,,
0,20,12,0,,,,,,,,
0,20,13,0,,,,,,,,
13,20,13,2,1069,1077,488,,,,,
0,20,13,0,,,,,,,,
1,20,14,1,1065,,,,,,,
2,20,14,0,,,,,,,,
0,20,14,0,,,,,,,,
5,20,15,0,,,,,,,,
30,20,15,2,326,,337,,,,,
0,20,15,0,,,,,,,,
37,20,16,1,114,178,,,,,,
0,20,16,0,,,,,,,,
0,20,16,0,,,,,,,,
0,20,17,0,,,,,,,,
10,20,17,2,773,748,576,826,770,,,
0,20,17,0,,,,,,,,
14,20,18,1,420,651,,,,,,
11,20,18,0,,,,,,,,
0,20,18,0,,,,,,,,
0,20,19,0,,,,,,,,
2,20,19,2,869,1113,1224,,,,,
0,20,19,0,,,,,,,,
32,20,20,1,426,216,,,,,,
0,20,20,0,,,,,,,,
0,20,20,0,,,,,,,,
0,20,21,0,,,,,,,,
27,20,21,2,,,,,,,,
0,20,21,0,,,,,,,,
23,20,22,1,,252,,,,,,
0,20,22,0,,,,,,,,
0,20,22,0,,,,,,,,
1,20,23,0,,,,,,,,
19,20,23,2,753,637,979,575,154,,,
0,20,23,0,,,,,,,,
24,20,24,1,279,,,,237,,,
12,20,24,0,,,,,,,,
0,20,24,0,,,,,,,,
6,20,25,0,,,,,,,,
33,20,25,2,1128,1495,872,,,,,
0,20,25,0,,,,,,,,
3,20,26,1,752,1083,162,,,,,
14,20,26,0,,,,,,,,
0,20,26,0,,,,,,,,
13,20,27,0,,,,,,,,
9,20,27,2,658,528,856,1320,377,,,
0,20,27,0,,,,,,,,
36,20,28,1,2230,1434,1291,758,950,,,
0,20,28,0,,,,,,,,
0,20,28,0,,,,,,,,
0,20,29,0,,,,,,,,
26,20,29,2,227,224,322,344,,,,
0,20,29,0,,,,,,,,
8,20,30,1,1432,,,,,,,
0,20,30,0,,,,,,,,
0,20,30,0,,,,,,,,
0,20,31,0,,,,,,,,
22,20,31,2,1822,1318,949,382,606,,,
0,20,31,0,,,,,,,,
31,20,32,1,,,,,112,,,
0,20,32,0,,,,,,,,
0,20,32,0,,,,,,,,
