seq,subj,item,cond,R1,R2,R3,R4,R5,R6,R7,R8
0,1,1,0,,,,,,,,
0,1,1,0,,,,,,,,
21,1,1,2,752,894,1289,2096,1322,,,
34,1,2,1,694,1062,,,356,,,
0,1,2,0,,,,,,,,
0,1,2,0,,,,,,,,
0,1,3,0,,,,,,,,
0,1,3,0,,,,,,,,
3,1,3,2,1588,628,,1657,670,,,
29,1,4,1,13947,,1325,,,,,
0,1,4,0,,,,,,,,
0,1,4,0,,,,,,,,
0,1,5,0,,,,,,,,
0,1,5,0,,,,,,,,
19,1,5,2,,,1348,771,,,,
14,1,6,1,1375,145,,1305,903,,,
0,1,6,0,,,,,,,,
0,1,6,0,,,,,,,,
0,1,7,0,,,,,,,,
0,1,7,0,,,,,,,,
32,1,7,2,3135,3649,4287,2580,593,,,
24,1,8,1,906,2265,2381,835,846,,,
0,1,8,0,,,,,,,,
0,1,8,0,,,,,,,,
0,1,9,0,,,,,,,,
0,1,9,0,,,,,,,,
11,1,9,2,858,1912,2003,2458,532,,,
5,1,10,1,1675,625,1256,,1113,,,
0,1,10,0,,,,,,,,
0,1,10,0,,,,,,,,
0,1,11,0,,,,,,,,
28,1,11,2,825,2103,479,260,537,,,
0,1,11,0,,,,,,,,
17,1,12,1,772,,1017,504,197,,,
0,1,12,0,,,,,,,,
0,1,12,0,,,,,,,,
0,1,13,0,,,,,,,,
38,1,13,2,418,1027,1003,,169,,,
0,1,13,0,,,,,,,,
26,1,14,1,1127,1006,938,480,574,,,
0,1,14,0,,,,,,,,
0,1,14,0,,,,,,,,
0,1,15,0,,,,,,,,
9,1,15,2,267,1759,604,913,,,,
0,1,15,0,,,,,,,,
41,1,16,1,2083,610,1392,895,353,,,
0,1,16,0,,,,,,,,
0,1,16,0,,,,,,,,
0,1,17,0,,,,,,,,
8,1,17,2,676,743,1747,3612,,,,
0,1,17,0,,,,,,,,
7,1,18,1,489,,404,632,469,,,
0,1,18,0,,,,,,,,
0,1,18,0,,,,,,,,
0,1,19,0,,,,,,,,
10,1,19,2,9777,812,1596,,,,,
0,1,19,0,,,,,,,,
43,1,20,1,,,599,1974,553,,,
0,1,20,0,,,,,,,,
0,1,20,0,,,,,,,,
0,1,21,0,,,,,,,,
36,1,21,2,,604,512,1303,689,,,
0,1,21,0,,,,,,,,
39,1,22,1,239,477,741,986,374,,,
0,1,22,0,,,,,,,,
0,1,22,0,,,,,,,,
0,1,23,0,,,,,,,,
1,1,23,2,532,,1238,,643,,,
0,1,23,0,,,,,,,,
42,1,24,1,6707,341,1363,443,,,,
0,1,24,0,,,,,,,,
0,1,24,0,,,,,,,,
0,1,25,0,,,,,,,,
2,1,25,2,1287,720,730,1117,,,,
0,1,25,0,,,,,,,,
37,1,26,1,,1387,433,,,,,
0,1,26,0,,,,,,,,
0,1,26,0,,,,,,,,
0,1,27,0,,,,,,,,
13,1,27,2,356,,2657,572,,,,
0,1,27,0,,,,,,,,
23,1,28,1,2207,1272,709,,284,,,
0,1,28,0,,,,,,,,
0,1,28,0,,,,,,,,
0,1,29,0,,,,,,,,
40,1,29,2,2636,1135,1785,1195,1026,,,
0,1,29,0,,,,,,,,
27,1,30,1,1112,816,203,743,1142,,,
0,1,30,0,,,,,,,,
0,1,30,0,,,,,,,,
0,1,31,0,,,,,,,,
16,1,31,2,1785,3104,3469,1829,1267,,,
0,1,31,0,,,,,,,,
18,1,32,1,473,571,,1087,220,,,
0,1,32,0,,,,,,,,
0,1,32,0,,,,,,,,
14,2,1,1,3269,1089,231,736,138,,,
0,2,1,0,,,,,,,,
21,2,1,0,,,,,,,,
34,2,2,0,,,,,,,,
0,2,2,0,,,,,,,,
28,2,2,2,,275,,327,281,,,
36,2,3,1,,,109,,,,,
0,2,3,0,,,,,,,,
3,2,3,0,,,,,,,,
29,2,4,0,,,,,,,,
0,2,4,0,,,,,,,,
12,2,4,2,1651,1456,1049,815,228,,,
20,2,5,1,,322,263,,183,,,
0,2,5,0,,,,,,,,
19,2,5,0,,,,,,,,
14,2,6,0,,,,,,,,
0,2,6,0,,,,,,,,
6,2,6,2,631,,179,,,,,
2,2,7,1,1831,1003,434,,103,,,
0,2,7,0,,,,,,,,
32,2,7,0,,,,,,,,
24,2,8,0,,,,,,,,
0,2,8,0,,,,,,,,
10,2,8,2,,240,,341,1812,,,
16,2,9,1,,,,,,,,
0,2,9,0,,,,,,,,
11,2,9,0,,,,,,,,
5,2,10,0,,,,,,,,
0,2,10,0,,,,,,,,
25,2,10,2,429,,,,200,,,
8,2,11,1,,,118,1228,1175,,,
28,2,11,0,,,,,,,,
0,2,11,0,,,,,,,,
17,2,12,0,,,,,,,,
39,2,12,2,,,166,,236,,,
0,2,12,0,,,,,,,,
22,2,13,1,513,,,,357,,,
38,2,13,0,,,,,,,,
0,2,13,0,,,,,,,,
26,2,14,0,,,,,,,,
42,2,14,2,1389,791,1196,1006,624,,,
0,2,14,0,,,,,,,,
40,2,15,1,212,165,1108,1116,623,,,
9,2,15,0,,,,,,,,
0,2,15,0,,,,,,,,
41,2,16,0,,,,,,,,
41,2,16,2,,1241,,133,126,,,
0,2,16,0,,,,,,,,
4,2,17,1,,203,,,,,,
8,2,17,0,,,,,,,,
0,2,17,0,,,,,,,,
7,2,18,0,,,,,,,,
31,2,18,2,,,,117,,,,
0,2,18,0,,,,,,,,
24,2,19,1,,,,308,,,,
10,2,19,0,,,,,,,,
0,2,19,0,,,,,,,,
43,2,20,0,,,,,,,,
19,2,20,2,,,,966,1844,,,
0,2,20,0,,,,,,,,
33,2,21,1,,,,713,,,,
36,2,21,0,,,,,,,,
0,2,21,0,,,,,,,,
39,2,22,0,,,,,,,,
1,2,22,2,1896,1699,1059,499,426,,,
0,2,22,0,,,,,,,,
23,2,23,1,,,,299,484,,,
1,2,23,0,,,,,,,,
0,2,23,0,,,,,,,,
42,2,24,0,,,,,,,,
34,2,24,2,,449,702,515,443,,,
0,2,24,0,,,,,,,,
35,2,25,1,1744,1487,362,949,330,,,
2,2,25,0,,,,,,,,
0,2,25,0,,,,,,,,
37,2,26,0,,,,,,,,
9,2,26,2,214,,257,,283,,,
0,2,26,0,,,,,,,,
38,2,27,1,,,180,864,,,,
13,2,27,0,,,,,,,,
0,2,27,0,,,,,,,,
23,2,28,0,,,,,,,,
32,2,28,2,,,1753,272,644,,,
0,2,28,0,,,,,,,,
30,2,29,1,,,,,423,,,
40,2,29,0,,,,,,,,
0,2,29,0,,,,,,,,
27,2,30,0,,,,,,,,
27,2,30,2,785,1223,757,769,589,,,
0,2,30,0,,,,,,,,
5,2,31,1,,174,,,181,,,
16,2,31,0,,,,,,,,
0,2,31,0,,,,,,,,
18,2,32,0,,,,,,,,
18,2,32,2,854,441,1061,,,,,
0,2,32,0,,,,,,,,
14,3,1,0,,,,,,,,
0,3,1,0,,,,,,,,
29,3,1,2,,145,,264,,,,
40,3,2,1,354,,,,,,,
0,3,2,0,,,,,,,,
28,3,2,0,,,,,,,,
36,3,3,0,,,,,,,,
0,3,3,0,,,,,,,,
11,3,3,2,,287,,,324,,,
1,3,4,1,,,,,384,,,
0,3,4,0,,,,,,,,
12,3,4,0,,,,,,,,
20,3,5,0,,,,,,,,
0,3,5,0,,,,,,,,
7,3,5,2,,577,275,,,,,
22,3,6,1,172,293,,,,,,
0,3,6,0,,,,,,,,
6,3,6,0,,,,,,,,
2,3,7,0,,,,,,,,
0,3,7,0,,,,,,,,
34,3,7,2,,,154,,,,,
14,3,8,1,,,200,,291,,,
0,3,8,0,,,,,,,,
10,3,8,0,,,,,,,,
16,3,9,0,,,,,,,,
0,3,9,0,,,,,,,,
42,3,9,2,,,,620,,,,
18,3,10,1,639,345,,,,,,
0,3,10,0,,,,,,,,
25,3,10,0,,,,,,,,
8,3,11,0,,,,,,,,
33,3,11,2,,,,,,,,
0,3,11,0,,,,,,,,
13,3,12,1,1307,1744,866,,,,,
39,3,12,0,,,,,,,,
0,3,12,0,,,,,,,,
22,3,13,0,,,,,,,,
27,3,13,2,321,,,,,,,
0,3,13,0,,,,,,,,
24,3,14,1,740,1196,,,,,,
42,3,14,0,,,,,,,,
0,3,14,0,,,,,,,,
40,3,15,0,,,,,,,,
37,3,15,2,,536,,475,404,,,
0,3,15,0,,,,,,,,
9,3,16,1,,251,,,,,,
41,3,16,0,,,,,,,,
0,3,16,0,,,,,,,,
4,3,17,0,,,,,,,,
21,3,17,2,211,411,,,,,,
0,3,17,0,,,,,,,,
26,3,18,1,2074,5224,,,311,,,
31,3,18,0,,,,,,,,
0,3,18,0,,,,,,,,
24,3,19,0,,,,,,,,
36,3,19,2,568,976,,,,,,
0,3,19,0,,,,,,,,
28,3,20,1,,,,,,,,
19,3,20,0,,,,,,,,
0,3,20,0,,,,,,,,
33,3,21,0,,,,,,,,
16,3,21,2,,668,,,,,,
0,3,21,0,,,,,,,,
25,3,22,1,,,,,,,,
1,3,22,0,,,,,,,,
0,3,22,0,,,,,,,,
23,3,23,0,,,,,,,,
3,3,23,2,1145,,,,,,,
0,3,23,0,,,,,,,,
20,3,24,1,501,651,,804,,,,
34,3,24,0,,,,,,,,
0,3,24,0,,,,,,,,
35,3,25,0,,,,,,,,
10,3,25,2,118,,408,,,,,
0,3,25,0,,,,,,,,
4,3,26,1,,363,,,,,,
9,3,26,0,,,,,,,,
0,3,26,0,,,,,,,,
38,3,27,0,,,,,,,,
38,3,27,2,,,,,,,,
0,3,27,0,,,,,,,,
6,3,28,1,1211,108,,,,,,
32,3,28,0,,,,,,,,
0,3,28,0,,,,,,,,
30,3,29,0,,,,,,,,
31,3,29,2,,,,,,,,
0,3,29,0,,,,,,,,
32,3,30,1,255,,1032,,,,,
27,3,30,0,,,,,,,,
0,3,30,0,,,,,,,,
5,3,31,0,,,,,,,,
39,3,31,2,,,,199,406,,,
0,3,31,0,,,,,,,,
5,3,32,1,1373,2900,,,,,,
18,3,32,0,,,,,,,,
0,3,32,0,,,,,,,,
18,4,1,1,985,370,,,,,,
0,4,1,0,,,,,,,,
29,4,1,0,,,,,,,,
40,4,2,0,,,,,,,,
0,4,2,0,,,,,,,,
7,4,2,2,265,,,,812,,,
28,4,3,1,304,,,,,,,
0,4,3,0,,,,,,,,
11,4,3,0,,,,,,,,
1,4,4,0,,,,,,,,
0,4,4,0,,,,,,,,
9,4,4,2,577,,,,1331,,,
1,4,5,1,,,,,,,,
0,4,5,0,,,,,,,,
7,4,5,0,,,,,,,,
22,4,6,0,,,,,,,,
0,4,6,0,,,,,,,,
5,4,6,2,832,511,,134,,,,
31,4,7,1,305,,,,,,,
0,4,7,0,,,,,,,,
34,4,7,0,,,,,,,,
14,4,8,0,,,,,,,,
0,4,8,0,,,,,,,,
13,4,8,2,,,,,1042,,,
33,4,9,1,562,,,,,,,
0,4,9,0,,,,,,,,
42,4,9,0,,,,,,,,
18,4,10,0,,,,,,,,
0,4,10,0,,,,,,,,
36,4,10,2,445,,,,133,,,
38,4,11,1,,,,,,,,
33,4,11,0,,,,,,,,
0,4,11,0,,,,,,,,
13,4,12,0,,,,,,,,
39,4,12,2,448,,,,,,,
0,4,12,0,,,,,,,,
44,4,13,1,,,,111,,,,
27,4,13,0,,,,,,,,
0,4,13,0,,,,,,,,
24,4,14,0,,,,,,,,
12,4,14,2,698,184,,211,724,,,
0,4,14,0,,,,,,,,
24,4,15,1,438,108,,,,,,
37,4,15,0,,,,,,,,
0,4,15,0,,,,,,,,
9,4,16,0,,,,,,,,
3,4,16,2,,,,,176,,,
0,4,16,0,,,,,,,,
25,4,17,1,,,,,389,,,
21,4,17,0,,,,,,,,
0,4,17,0,,,,,,,,
26,4,18,0,,,,,,,,
42,4,18,2,,,,,720,,,
0,4,18,0,,,,,,,,
41,4,19,1,1970,315,,939,,,,
36,4,19,0,,,,,,,,
0,4,19,0,,,,,,,,
28,4,20,0,,,,,,,,
30,4,20,2,,110,120,,,,,
0,4,20,0,,,,,,,,
16,4,21,1,,,,,,,,
16,4,21,0,,,,,,,,
0,4,21,0,,,,,,,,
25,4,22,0,,,,,,,,
21,4,22,2,247,226,183,198,,,,
0,4,22,0,,,,,,,,
35,4,23,1,136,,,,,,,
3,4,23,0,,,,,,,,
0,4,23,0,,,,,,,,
20,4,24,0,,,,,,,,
17,4,24,2,,,150,188,,,,
0,4,24,0,,,,,,,,
27,4,25,1,848,,369,,577,,,
10,4,25,0,,,,,,,,
0,4,25,0,,,,,,,,
4,4,26,0,,,,,,,,
4,4,26,2,547,342,373,,,,,
0,4,26,0,,,,,,,,
22,4,27,1,84,775,,460,,,,
38,4,27,0,,,,,,,,
0,4,27,0,,,,,,,,
6,4,28,0,,,,,,,,
11,4,28,2,1456,217,402,227,,,,
0,4,28,0,,,,,,,,
20,4,29,1,563,168,,1217,255,,,
31,4,29,0,,,,,,,,
0,4,29,0,,,,,,,,
32,4,30,0,,,,,,,,
23,4,30,2,,,,,,,,
0,4,30,0,,,,,,,,
40,4,31,1,,,,,121,,,
39,4,31,0,,,,,,,,
0,4,31,0,,,,,,,,
5,4,32,0,,,,,,,,
43,4,32,2,,,,,,,,
0,4,32,0,,,,,,,,
18,5,1,0,,,,,,,,
0,5,1,0,,,,,,,,
14,5,1,2,,202,,,,,,
3,5,2,1,,,,,,,,
0,5,2,0,,,,,,,,
7,5,2,0,,,,,,,,
28,5,3,0,,,,,,,,
0,5,3,0,,,,,,,,
22,5,3,2,,,,,,,,
12,5,4,1,,,,,,,,
0,5,4,0,,,,,,,,
9,5,4,0,,,,,,,,
1,5,5,0,,,,,,,,
0,5,5,0,,,,,,,,
7,5,5,2,,,,,,,,
25,5,6,1,2116,,,,,,,
0,5,6,0,,,,,,,,
5,5,6,0,,,,,,,,
31,5,7,0,,,,,,,,
0,5,7,0,,,,,,,,
20,5,7,2,834,,197,287,,,,
39,5,8,1,,335,232,,,,,
0,5,8,0,,,,,,,,
13,5,8,0,,,,,,,,
33,5,9,0,,,,,,,,
0,5,9,0,,,,,,,,
28,5,9,2,155,316,167,,,,,
30,5,10,1,,,,,,,,
0,5,10,0,,,,,,,,
36,5,10,0,,,,,,,,
38,5,11,0,,,,,,,,
18,5,11,2,,,,,,,,
0,5,11,0,,,,,,,,
35,5,12,1,,,,,,,,
39,5,12,0,,,,,,,,
0,5,12,0,,,,,,,,
44,5,13,0,,,,,,,,
41,5,13,2,,,,,,,,
0,5,13,0,,,,,,,,
33,5,14,1,,,,,,,,
12,5,14,0,,,,,,,,
0,5,14,0,,,,,,,,
24,5,15,0,,,,,,,,
36,5,15,2,,,,,,,,
0,5,15,0,,,,,,,,
6,5,16,1,,,,,,,,
3,5,16,0,,,,,,,,
0,5,16,0,,,,,,,,
25,5,17,0,,,,,,,,
2,5,17,2,,,,,,,,
0,5,17,0,,,,,,,,
17,5,18,1,,,,605,,,,
42,5,18,0,,,,,,,,
0,5,18,0,,,,,,,,
41,5,19,0,,,,,,,,
32,5,19,2,,164,,,270,,,
0,5,19,0,,,,,,,,
27,5,20,1,,,,,,,,
30,5,20,0,,,,,,,,
0,5,20,0,,,,,,,,
16,5,21,0,,,,,,,,
38,5,21,2,,,,,,,,
0,5,21,0,,,,,,,,
37,5,22,1,,,,,,,,
21,5,22,0,,,,,,,,
0,5,22,0,,,,,,,,
35,5,23,0,,,,,,,,
34,5,23,2,,,,,,,,
0,5,23,0,,,,,,,,
16,5,24,1,,,,,89,,,
17,5,24,0,,,,,,,,
0,5,24,0,,,,,,,,
27,5,25,0,,,,,,,,
42,5,25,2,359,,,151,,,,
0,5,25,0,,,,,,,,
24,5,26,1,,,,,,,,
4,5,26,0,,,,,,,,
0,5,26,0,,,,,,,,
22,5,27,0,,,,,,,,
9,5,27,2,,,,,,,,
0,5,27,0,,,,,,,,
5,5,28,1,1301,119,,,,,,
11,5,28,0,,,,,,,,
0,5,28,0,,,,,,,,
20,5,29,0,,,,,,,,
19,5,29,2,188,2577,,,234,,,
0,5,29,0,,,,,,,,
11,5,30,1,,215,,,,,,
23,5,30,0,,,,,,,,
0,5,30,0,,,,,,,,
40,5,31,0,,,,,,,,
10,5,31,2,,,,,,,,
0,5,31,0,,,,,,,,
1,5,32,1,,,,,,,,
43,5,32,0,,,,,,,,
0,5,32,0,,,,,,,,
20,6,1,1,586,506,,,,,,
0,6,1,0,,,,,,,,
14,6,1,0,,,,,,,,
3,6,2,0,,,,,,,,
0,6,2,0,,,,,,,,
2,6,2,2,4093,1305,1918,534,,,,
15,6,3,1,,805,,,,,,
0,6,3,0,,,,,,,,
22,6,3,0,,,,,,,,
12,6,4,0,,,,,,,,
0,6,4,0,,,,,,,,
8,6,4,2,3214,2382,,1106,624,,,
37,6,5,1,459,863,,240,,,,
0,6,5,0,,,,,,,,
7,6,5,0,,,,,,,,
25,6,6,0,,,,,,,,
0,6,6,0,,,,,,,,
4,6,6,2,2130,855,353,,,,,
31,6,7,1,1170,1248,150,,694,,,
0,6,7,0,,,,,,,,
20,6,7,0,,,,,,,,
39,6,8,0,,,,,,,,
0,6,8,0,,,,,,,,
34,6,8,2,773,,,,,,,
28,6,9,1,897,1069,324,424,645,,,
0,6,9,0,,,,,,,,
28,6,9,0,,,,,,,,
30,6,10,0,,,,,,,,
0,6,10,0,,,,,,,,
24,6,10,2,497,1059,137,,170,,,
23,6,11,1,279,145,395,,,,,
18,6,11,0,,,,,,,,
0,6,11,0,,,,,,,,
35,6,12,0,,,,,,,,
41,6,12,2,,627,221,132,,,,
0,6,12,0,,,,,,,,
19,6,13,1,,420,805,1232,709,,,
41,6,13,0,,,,,,,,
0,6,13,0,,,,,,,,
33,6,14,0,,,,,,,,
39,6,14,2,266,852,,938,926,,,
0,6,14,0,,,,,,,,
33,6,15,1,390,585,609,,277,,,
36,6,15,0,,,,,,,,
0,6,15,0,,,,,,,,
6,6,16,0,,,,,,,,
10,6,16,2,266,814,1369,525,366,,,
0,6,16,0,,,,,,,,
22,6,17,1,799,956,,276,194,,,
2,6,17,0,,,,,,,,
0,6,17,0,,,,,,,,
17,6,18,0,,,,,,,,
11,6,18,2,1109,,,,176,,,
0,6,18,0,,,,,,,,
14,6,19,1,1080,990,163,547,509,,,
32,6,19,0,,,,,,,,
0,6,19,0,,,,,,,,
27,6,20,0,,,,,,,,
30,6,20,2,566,1008,486,,290,,,
0,6,20,0,,,,,,,,
27,6,21,1,,,,,152,,,
38,6,21,0,,,,,,,,
0,6,21,0,,,,,,,,
37,6,22,0,,,,,,,,
12,6,22,2,,1582,,271,,,,
0,6,22,0,,,,,,,,
42,6,23,1,,,,,613,,,
34,6,23,0,,,,,,,,
0,6,23,0,,,,,,,,
16,6,24,0,,,,,,,,
1,6,24,2,1975,1105,844,672,,,,
0,6,24,0,,,,,,,,
36,6,25,1,439,2053,,213,154,,,
42,6,25,0,,,,,,,,
0,6,25,0,,,,,,,,
24,6,26,0,,,,,,,,
17,6,26,2,450,224,,,,,,
0,6,26,0,,,,,,,,
40,6,27,1,2115,3398,239,751,,,,
9,6,27,0,,,,,,,,
0,6,27,0,,,,,,,,
5,6,28,0,,,,,,,,
26,6,28,2,,659,1380,747,186,,,
0,6,28,0,,,,,,,,
7,6,29,1,1244,572,468,1689,209,,,
19,6,29,0,,,,,,,,
0,6,29,0,,,,,,,,
11,6,30,0,,,,,,,,
6,6,30,2,923,1807,1356,1181,175,,,
0,6,30,0,,,,,,,,
18,6,31,1,446,731,,586,,,,
10,6,31,0,,,,,,,,
0,6,31,0,,,,,,,,
1,6,32,0,,,,,,,,
13,6,32,2,938,1256,1427,1491,830,,,
0,6,32,0,,,,,,,,
20,7,1,0,,,,,,,,
0,7,1,0,,,,,,,,
40,7,1,2,,,,,,,,
25,7,2,1,,,,,,,,
0,7,2,0,,,,,,,,
2,7,2,0,,,,,,,,
15,7,3,0,,,,,,,,
0,7,3,0,,,,,,,,
14,7,3,2,,,,,,,,
22,7,4,1,,,,,,,,
0,7,4,0,,,,,,,,
8,7,4,0,,,,,,,,
37,7,5,0,,,,,,,,
0,7,5,0,,,,,,,,
35,7,5,2,,,,,,,,
28,7,6,1,,,,,,,,
0,7,6,0,,,,,,,,
4,7,6,0,,,,,,,,
31,7,7,0,,,,,,,,
0,7,7,0,,,,,,,,
16,7,7,2,,,382,,,,,
9,7,8,1,1266,,,,1006,,,
0,7,8,0,,,,,,,,
34,7,8,0,,,,,,,,
28,7,9,0,,,,,,,,
0,7,9,0,,,,,,,,
33,7,9,2,,,,,,,,
4,7,10,1,107,,,,,,,
0,7,10,0,,,,,,,,
24,7,10,0,,,,,,,,
23,7,11,0,,,,,,,,
38,7,11,2,,,,,,,,
0,7,11,0,,,,,,,,
44,7,12,1,,,,,,,,
41,7,12,0,,,,,,,,
0,7,12,0,,,,,,,,
19,7,13,0,,,,,,,,
2,7,13,2,868,142,,,,,,
0,7,13,0,,,,,,,,
42,7,14,1,,,,,,,,
39,7,14,0,,,,,,,,
0,7,14,0,,,,,,,,
33,7,15,0,,,,,,,,
24,7,15,2,,,,,,,,
0,7,15,0,,,,,,,,
11,7,16,1,,,,,,,,
10,7,16,0,,,,,,,,
0,7,16,0,,,,,,,,
22,7,17,0,,,,,,,,
3,7,17,2,1344,1697,,,,,,
0,7,17,0,,,,,,,,
37,7,18,1,,,,,523,,,
11,7,18,0,,,,,,,,
0,7,18,0,,,,,,,,
14,7,19,0,,,,,,,,
20,7,19,2,,,,,,,,
0,7,19,0,,,,,,,,
43,7,20,1,,,,,,,,
30,7,20,0,,,,,,,,
0,7,20,0,,,,,,,,
27,7,21,0,,,,,,,,
19,7,21,2,,,248,2080,,,,
0,7,21,0,,,,,,,,
7,7,22,1,364,1015,,,,,,
12,7,22,0,,,,,,,,
0,7,22,0,,,,,,,,
42,7,23,0,,,,,,,,
30,7,23,2,,,,,,,,
0,7,23,0,,,,,,,,
18,7,24,1,,,528,171,213,,,
1,7,24,0,,,,,,,,
0,7,24,0,,,,,,,,
36,7,25,0,,,,,,,,
13,7,25,2,,,,601,,,,
0,7,25,0,,,,,,,,
8,7,26,1,,,,,,,,
17,7,26,0,,,,,,,,
0,7,26,0,,,,,,,,
40,7,27,0,,,,,,,,
6,7,27,2,,,,,517,,,
0,7,27,0,,,,,,,,
1,7,28,1,811,346,,,,,,
26,7,28,0,,,,,,,,
0,7,28,0,,,,,,,,
7,7,29,0,,,,,,,,
39,7,29,2,,,,,,,,
0,7,29,0,,,,,,,,
21,7,30,1,,,,,,,,
6,7,30,0,,,,,,,,
0,7,30,0,,,,,,,,
18,7,31,0,,,,,,,,
32,7,31,2,,,,,,,,
0,7,31,0,,,,,,,,
31,7,32,1,,1300,,,,,,
13,7,32,0,,,,,,,,
0,7,32,0,,,,,,,,
29,8,1,1,540,,,,,,,
0,8,1,0,,,,,,,,
40,8,1,0,,,,,,,,
25,8,2,0,,,,,,,,
0,8,2,0,,,,,,,,
1,8,2,2,234,,,,672,,,
4,8,3,1,1646,397,,456,,,,
0,8,3,0,,,,,,,,
14,8,3,0,,,,,,,,
22,8,4,0,,,,,,,,
0,8,4,0,,,,,,,,
39,8,4,2,360,,,,,,,
22,8,5,1,125,,,,,,,
0,8,5,0,,,,,,,,
35,8,5,0,,,,,,,,
28,8,6,0,,,,,,,,
0,8,6,0,,,,,,,,
12,8,6,2,269,,,,,,,
27,8,7,1,186,120,,,,,,
0,8,7,0,,,,,,,,
16,8,7,0,,,,,,,,
9,8,8,0,,,,,,,,
0,8,8,0,,,,,,,,
35,8,8,2,,,,,,,,
14,8,9,1,,,,,,,,
0,8,9,0,,,,,,,,
33,8,9,0,,,,,,,,
4,8,10,0,,,,,,,,
0,8,10,0,,,,,,,,
17,8,10,2,,,,195,,,,
25,8,11,1,,,,,,,,
38,8,11,0,,,,,,,,
0,8,11,0,,,,,,,,
44,8,12,0,,,,,,,,
3,8,12,2,1044,,,,,,,
0,8,12,0,,,,,,,,
6,8,13,1,,,,,,,,
2,8,13,0,,,,,,,,
0,8,13,0,,,,,,,,
42,8,14,0,,,,,,,,
7,8,14,2,299,,,,,,,
0,8,14,0,,,,,,,,
24,8,15,1,263,138,461,,,,,
24,8,15,0,,,,,,,,
0,8,15,0,,,,,,,,
11,8,16,0,,,,,,,,
32,8,16,2,603,,,1097,,,,
0,8,16,0,,,,,,,,
11,8,17,1,,936,197,,,,,
3,8,17,0,,,,,,,,
0,8,17,0,,,,,,,,
37,8,18,0,,,,,,,,
21,8,18,2,,,,765,,,,
0,8,18,0,,,,,,,,
41,8,19,1,371,1839,479,,,,,
20,8,19,0,,,,,,,,
0,8,19,0,,,,,,,,
43,8,20,0,,,,,,,,
8,8,20,2,,,,,,,,
0,8,20,0,,,,,,,,
33,8,21,1,,,,,683,,,
19,8,21,0,,,,,,,,
0,8,21,0,,,,,,,,
7,8,22,0,,,,,,,,
34,8,22,2,,,,,,,,
0,8,22,0,,,,,,,,
20,8,23,1,,,,,,,,
30,8,23,0,,,,,,,,
0,8,23,0,,,,,,,,
18,8,24,0,,,,,,,,
38,8,24,2,,173,,,,,,
0,8,24,0,,,,,,,,
16,8,25,1,,,,,,,,
13,8,25,0,,,,,,,,
0,8,25,0,,,,,,,,
8,8,26,0,,,,,,,,
31,8,26,2,543,,,,,,,
0,8,26,0,,,,,,,,
10,8,27,1,1471,147,,,233,,,
6,8,27,0,,,,,,,,
0,8,27,0,,,,,,,,
1,8,28,0,,,,,,,,
26,8,28,2,1266,,,,,,,
0,8,28,0,,,,,,,,
9,8,29,1,1293,,,,1041,,,
39,8,29,0,,,,,,,,
0,8,29,0,,,,,,,,
21,8,30,0,,,,,,,,
37,8,30,2,,,,,,,,
0,8,30,0,,,,,,,,
19,8,31,1,,,,710,,,,
32,8,31,0,,,,,,,,
0,8,31,0,,,,,,,,
31,8,32,0,,,,,,,,
42,8,32,2,,115,,,,,,
0,8,32,0,,,,,,,,
29,9,1,0,,,,,,,,
0,9,1,0,,,,,,,,
8,9,1,2,296,1355,377,1194,,,,
3,9,2,1,570,656,979,934,,,,
0,9,2,0,,,,,,,,
1,9,2,0,,,,,,,,
4,9,3,0,,,,,,,,
0,9,3,0,,,,,,,,
5,9,3,2,,1332,,1254,346,,,
14,9,4,1,957,1346,,,,,,
0,9,4,0,,,,,,,,
39,9,4,0,,,,,,,,
22,9,5,0,,,,,,,,
0,9,5,0,,,,,,,,
21,9,5,2,2010,191,278,541,489,,,
23,9,6,1,1036,135,217,651,1445,,,
0,9,6,0,,,,,,,,
12,9,6,0,,,,,,,,
27,9,7,0,,,,,,,,
0,9,7,0,,,,,,,,
42,9,7,2,1077,900,439,706,617,,,
11,9,8,1,950,1290,159,125,,,,
0,9,8,0,,,,,,,,
35,9,8,0,,,,,,,,
14,9,9,0,,,,,,,,
0,9,9,0,,,,,,,,
39,9,9,2,1075,215,,,,,,
16,9,10,1,,510,756,185,372,,,
0,9,10,0,,,,,,,,
17,9,10,0,,,,,,,,
25,9,11,0,,,,,,,,
18,9,11,2,1101,227,,,,,,
0,9,11,0,,,,,,,,
19,9,12,1,1571,513,,,,,,
3,9,12,0,,,,,,,,
0,9,12,0,,,,,,,,
6,9,13,0,,,,,,,,
7,9,13,2,1352,955,2043,2943,848,,,
0,9,13,0,,,,,,,,
38,9,14,1,,244,279,1028,258,,,
7,9,14,0,,,,,,,,
0,9,14,0,,,,,,,,
24,9,15,0,,,,,,,,
30,9,15,2,1492,309,,,,,,
0,9,15,0,,,,,,,,
2,9,16,1,1470,945,,,,,,
32,9,16,0,,,,,,,,
0,9,16,0,,,,,,,,
11,9,17,0,,,,,,,,
36,9,17,2,627,679,323,675,,,,
0,9,17,0,,,,,,,,
26,9,18,1,1495,,1241,514,,,,
21,9,18,0,,,,,,,,
0,9,18,0,,,,,,,,
41,9,19,0,,,,,,,,
33,9,19,2,240,336,960,235,,,,
0,9,19,0,,,,,,,,
28,9,20,1,,179,,759,,,,
8,9,20,0,,,,,,,,
0,9,20,0,,,,,,,,
33,9,21,0,,,,,,,,
13,9,21,2,1511,1936,,,395,,,
0,9,21,0,,,,,,,,
27,9,22,1,223,360,,,,,,
34,9,22,0,,,,,,,,
0,9,22,0,,,,,,,,
20,9,23,0,,,,,,,,
34,9,23,2,1151,652,640,138,,,,
0,9,23,0,,,,,,,,
35,9,24,1,,506,691,,530,,,
38,9,24,0,,,,,,,,
0,9,24,0,,,,,,,,
16,9,25,0,,,,,,,,
1,9,25,2,266,,752,,156,,,
0,9,25,0,,,,,,,,
29,9,26,1,,,,,,,,
31,9,26,0,,,,,,,,
0,9,26,0,,,,,,,,
10,9,27,0,,,,,,,,
41,9,27,2,,,1592,,,,,
0,9,27,0,,,,,,,,
20,9,28,1,1359,1487,1221,,607,,,
26,9,28,0,,,,,,,,
0,9,28,0,,,,,,,,
9,9,29,0,,,,,,,,
31,9,29,2,1958,352,,,425,,,
0,9,29,0,,,,,,,,
32,9,30,1,383,,,1150,,,,
37,9,30,0,,,,,,,,
0,9,30,0,,,,,,,,
19,9,31,0,,,,,,,,
10,9,31,2,981,,1635,486,260,,,
0,9,31,0,,,,,,,,
37,9,32,1,,,,,,,,
42,9,32,0,,,,,,,,
0,9,32,0,,,,,,,,
39,10,1,1,1116,651,,,,,,
0,10,1,0,,,,,,,,
8,10,1,0,,,,,,,,
3,10,2,0,,,,,,,,
0,10,2,0,,,,,,,,
35,10,2,2,1021,155,,664,198,,,
28,10,3,1,,,,126,315,,,
0,10,3,0,,,,,,,,
5,10,3,0,,,,,,,,
14,10,4,0,,,,,,,,
0,10,4,0,,,,,,,,
16,10,4,2,,,,,,,,
21,10,5,1,,,,,,,,
0,10,5,0,,,,,,,,
21,10,5,0,,,,,,,,
23,10,6,0,,,,,,,,
0,10,6,0,,,,,,,,
25,10,6,2,694,403,108,,,,,
30,10,7,1,,,,205,220,,,
0,10,7,0,,,,,,,,
42,10,7,0,,,,,,,,
11,10,8,0,,,,,,,,
0,10,8,0,,,,,,,,
7,10,8,2,,,314,266,,,,
14,10,9,1,954,1375,879,885,788,,,
0,10,9,0,,,,,,,,
39,10,9,0,,,,,,,,
16,10,10,0,,,,,,,,
0,10,10,0,,,,,,,,
41,10,10,2,,,,,117,,,
2,10,11,1,,167,522,,,,,
18,10,11,0,,,,,,,,
0,10,11,0,,,,,,,,
19,10,12,0,,,,,,,,
5,10,12,2,703,697,150,502,,,,
0,10,12,0,,,,,,,,
43,10,13,1,594,692,180,,,,,
7,10,13,0,,,,,,,,
0,10,13,0,,,,,,,,
38,10,14,0,,,,,,,,
33,10,14,2,289,586,124,243,,,,
0,10,14,0,,,,,,,,
9,10,15,1,,,,216,,,,
30,10,15,0,,,,,,,,
0,10,15,0,,,,,,,,
2,10,16,0,,,,,,,,
11,10,16,2,,1096,,,,,,
0,10,16,0,,,,,,,,
34,10,17,1,507,339,180,,207,,,
36,10,17,0,,,,,,,,
0,10,17,0,,,,,,,,
26,10,18,0,,,,,,,,
23,10,18,2,290,,247,,396,,,
0,10,18,0,,,,,,,,
1,10,19,1,1035,,,,,,,
33,10,19,0,,,,,,,,
0,10,19,0,,,,,,,,
28,10,20,0,,,,,,,,
10,10,20,2,,,,,,,,
0,10,20,0,,,,,,,,
20,10,21,1,,,,,,,,
13,10,21,0,,,,,,,,
0,10,21,0,,,,,,,,
27,10,22,0,,,,,,,,
38,10,22,2,720,,,,413,,,
0,10,22,0,,,,,,,,
24,10,23,1,,290,,,306,,,
34,10,23,0,,,,,,,,
0,10,23,0,,,,,,,,
35,10,24,0,,,,,,,,
37,10,24,2,,365,811,1232,621,,,
0,10,24,0,,,,,,,,
13,10,25,1,662,229,130,584,543,,,
1,10,25,0,,,,,,,,
0,10,25,0,,,,,,,,
29,10,26,0,,,,,,,,
19,10,26,2,231,,,,,,,
0,10,26,0,,,,,,,,
3,10,27,1,2563,,,,,,,
41,10,27,0,,,,,,,,
0,10,27,0,,,,,,,,
20,10,28,0,,,,,,,,
12,10,28,2,848,504,910,,288,,,
0,10,28,0,,,,,,,,
18,10,29,1,1134,757,358,248,,,,
31,10,29,0,,,,,,,,
0,10,29,0,,,,,,,,
32,10,30,0,,,,,,,,
4,10,30,2,1844,1334,1607,691,628,,,
0,10,30,0,,,,,,,,
6,10,31,1,178,,,200,,,,
10,10,31,0,,,,,,,,
0,10,31,0,,,,,,,,
37,10,32,0,,,,,,,,
32,10,32,2,504,,,,,,,
0,10,32,0,,,,,,,,
39,11,1,0,,,,,,,,
0,11,1,0,,,,,,,,
25,11,1,2,3594,604,1382,803,647,,,
12,11,2,1,1610,,167,821,1260,,,
0,11,2,0,,,,,,,,
35,11,2,0,,,,,,,,
28,11,3,0,,,,,,,,
0,11,3,0,,,,,,,,
27,11,3,2,641,271,717,320,,,,
40,11,4,1,909,219,2205,1444,1490,,,
0,11,4,0,,,,,,,,
16,11,4,0,,,,,,,,
21,11,5,0,,,,,,,,
0,11,5,0,,,,,,,,
22,11,5,2,2686,3005,680,1662,590,,,
7,11,6,1,1091,171,800,608,863,,,
0,11,6,0,,,,,,,,
25,11,6,0,,,,,,,,
30,11,7,0,,,,,,,,
0,11,7,0,,,,,,,,
10,11,7,2,421,857,440,,329,,,
14,11,8,1,674,654,,110,,,,
0,11,8,0,,,,,,,,
7,11,8,0,,,,,,,,
14,11,9,0,,,,,,,,
0,11,9,0,,,,,,,,
4,11,9,2,1784,2154,196,1556,,,,
29,11,10,1,700,518,524,941,841,,,
0,11,10,0,,,,,,,,
41,11,10,0,,,,,,,,
2,11,11,0,,,,,,,,
38,11,11,2,561,1314,256,310,503,,,
0,11,11,0,,,,,,,,
24,11,12,1,1072,1101,471,1256,,,,
5,11,12,0,,,,,,,,
0,11,12,0,,,,,,,,
43,11,13,0,,,,,,,,
9,11,13,2,2943,614,611,138,396,,,
0,11,13,0,,,,,,,,
33,11,14,1,1201,2032,,,,,,
33,11,14,0,,,,,,,,
0,11,14,0,,,,,,,,
9,11,15,0,,,,,,,,
1,11,15,2,461,697,548,641,981,,,
0,11,15,0,,,,,,,,
3,11,16,1,729,2673,,,,,,
11,11,16,0,,,,,,,,
0,11,16,0,,,,,,,,
34,11,17,0,,,,,,,,
16,11,17,2,3690,1500,2641,2419,1004,,,
0,11,17,0,,,,,,,,
32,11,18,1,449,921,1428,592,770,,,
23,11,18,0,,,,,,,,
0,11,18,0,,,,,,,,
1,11,19,0,,,,,,,,
34,11,19,2,862,,421,128,91,,,
0,11,19,0,,,,,,,,
18,11,20,1,425,452,159,,1767,,,
10,11,20,0,,,,,,,,
0,11,20,0,,,,,,,,
20,11,21,0,,,,,,,,
35,11,21,2,1989,1045,596,1778,425,,,
0,11,21,0,,,,,,,,
6,11,22,1,1443,1269,543,155,1012,,,
38,11,22,0,,,,,,,,
0,11,22,0,,,,,,,,
24,11,23,0,,,,,,,,
36,11,23,2,5974,2455,4573,1231,1350,,,
0,11,23,0,,,,,,,,
42,11,24,1,976,336,,,,,,
37,11,24,0,,,,,,,,
0,11,24,0,,,,,,,,
13,11,25,0,,,,,,,,
20,11,25,2,1228,512,517,307,753,,,
0,11,25,0,,,,,,,,
37,11,26,1,619,2293,1574,985,1770,,,
19,11,26,0,,,,,,,,
0,11,26,0,,,,,,,,
3,11,27,0,,,,,,,,
2,11,27,2,,,,,135,,,
0,11,27,0,,,,,,,,
31,11,28,1,2322,1007,1726,,,,,
12,11,28,0,,,,,,,,
0,11,28,0,,,,,,,,
18,11,29,0,,,,,,,,
21,11,29,2,1137,1886,1060,516,,,,
0,11,29,0,,,,,,,,
19,11,30,1,964,,,,,,,
4,11,30,0,,,,,,,,
0,11,30,0,,,,,,,,
6,11,31,0,,,,,,,,
39,11,31,2,532,521,791,761,616,,,
0,11,31,0,,,,,,,,
17,11,32,1,980,791,,,393,,,
32,11,32,0,,,,,,,,
0,11,32,0,,,,,,,,
12,12,1,1,,,,,,,,
0,12,1,0,,,,,,,,
25,12,1,0,,,,,,,,
12,12,2,0,,,,,,,,
0,12,2,0,,,,,,,,
10,12,2,2,,,,,,,,
40,12,3,1,,,,,,,,
0,12,3,0,,,,,,,,
27,12,3,0,,,,,,,,
40,12,4,0,,,,,,,,
0,12,4,0,,,,,,,,
21,12,4,2,126,,,,,,,
35,12,5,1,,,,,,,,
0,12,5,0,,,,,,,,
22,12,5,0,,,,,,,,
7,12,6,0,,,,,,,,
0,12,6,0,,,,,,,,
27,12,6,2,,,,,,,,
38,12,7,1,,,,,,,,
0,12,7,0,,,,,,,,
10,12,7,0,,,,,,,,
14,12,8,0,,,,,,,,
0,12,8,0,,,,,,,,
16,12,8,2,,,,,232,,,
25,12,9,1,,,475,,,,,
0,12,9,0,,,,,,,,
4,12,9,0,,,,,,,,
29,12,10,0,,,,,,,,
0,12,10,0,,,,,,,,
7,12,10,2,,,,,,,,
42,12,11,1,,,,,,,,
38,12,11,0,,,,,,,,
0,12,11,0,,,,,,,,
24,12,12,0,,,,,,,,
14,12,12,2,,,,,,,,
0,12,12,0,,,,,,,,
23,12,13,1,,,,,,,,
9,12,13,0,,,,,,,,
0,12,13,0,,,,,,,,
33,12,14,0,,,,,,,,
37,12,14,2,,,,,,,,
0,12,14,0,,,,,,,,
30,12,15,1,,,,,,,,
1,12,15,0,,,,,,,,
0,12,15,0,,,,,,,,
3,12,16,0,,,,,,,,
20,12,16,2,,,,,,,,
0,12,16,0,,,,,,,,
18,12,17,1,,,,,,,,
16,12,17,0,,,,,,,,
0,12,17,0,,,,,,,,
32,12,18,0,,,,,,,,
29,12,18,2,,,,,,,,
0,12,18,0,,,,,,,,
2,12,19,1,,,,,,,,
34,12,19,0,,,,,,,,
0,12,19,0,,,,,,,,
18,12,20,0,,,,,,,,
9,12,20,2,,,,,,,,
0,12,20,0,,,,,,,,
5,12,21,1,,,,,,,,
35,12,21,0,,,,,,,,
0,12,21,0,,,,,,,,
6,12,22,0,,,,,,,,
19,12,22,2,,,,,,,,
0,12,22,0,,,,,,,,
34,12,23,1,,,,,,,,
36,12,23,0,,,,,,,,
0,12,23,0,,,,,,,,
42,12,24,0,,,,,,,,
32,12,24,2,,,,,,,,
0,12,24,0,,,,,,,,
33,12,25,1,,,,,,,,
20,12,25,0,,,,,,,,
0,12,25,0,,,,,,,,
37,12,26,0,,,,,,,,
1,12,26,2,123,,,,,,,
0,12,26,0,,,,,,,,
4,12,27,1,,,,,,,,
2,12,27,0,,,,,,,,
0,12,27,0,,,,,,,,
31,12,28,0,,,,,,,,
15,12,28,2,,,,,,,,
0,12,28,0,,,,,,,,
31,12,29,1,,,,,,,,
21,12,29,0,,,,,,,,
0,12,29,0,,,,,,,,
19,12,30,0,,,,,,,,
6,12,30,2,,,,,,,,
0,12,30,0,,,,,,,,
3,12,31,1,,87,,,,,,
39,12,31,0,,,,,,,,
0,12,31,0,,,,,,,,
17,12,32,0,,,,,,,,
24,12,32,2,,,,193,,,,
0,12,32,0,,,,,,,,
12,13,1,0,,,,,,,,
0,13,1,0,,,,,,,,
26,13,1,2,158,,,,,,,
12,13,2,1,976,1861,506,,,,,
0,13,2,0,,,,,,,,
10,13,2,0,,,,,,,,
40,13,3,0,,,,,,,,
0,13,3,0,,,,,,,,
28,13,3,2,,,,,,,,
41,13,4,1,,,,,,,,
0,13,4,0,,,,,,,,
21,13,4,0,,,,,,,,
35,13,5,0,,,,,,,,
0,13,5,0,,,,,,,,
22,13,5,2,,,,,,,,
7,13,6,1,,,,,,,,
0,13,6,0,,,,,,,,
27,13,6,0,,,,,,,,
38,13,7,0,,,,,,,,
0,13,7,0,,,,,,,,
10,13,7,2,1525,,,,,,,
14,13,8,1,,,,,,,,
0,13,8,0,,,,,,,,
16,13,8,0,,,,,,,,
25,13,9,0,,,,,,,,
0,13,9,0,,,,,,,,
4,13,9,2,873,180,,,,,,
30,13,10,1,,,,,,,,
0,13,10,0,,,,,,,,
7,13,10,0,,,,,,,,
42,13,11,0,,,,,,,,
39,13,11,2,,,,,,,,
0,13,11,0,,,,,,,,
24,13,12,1,,,,276,,,,
14,13,12,0,,,,,,,,
0,13,12,0,,,,,,,,
23,13,13,0,,,,,,,,
9,13,13,2,1105,299,,,,,,
0,13,13,0,,,,,,,,
34,13,14,1,966,713,,,,,,
37,13,14,0,,,,,,,,
0,13,14,0,,,,,,,,
30,13,15,0,,,,,,,,
1,13,15,2,,,,,,,,
0,13,15,0,,,,,,,,
3,13,16,1,,,,,,,,
20,13,16,0,,,,,,,,
0,13,16,0,,,,,,,,
18,13,17,0,,,,,,,,
16,13,17,2,,,,,,,,
0,13,17,0,,,,,,,,
33,13,18,1,,,,665,,,,
29,13,18,0,,,,,,,,
0,13,18,0,,,,,,,,
2,13,19,0,,,,,,,,
35,13,19,2,459,,,,,,,
0,13,19,0,,,,,,,,
18,13,20,1,,,,,,,,
9,13,20,0,,,,,,,,
0,13,20,0,,,,,,,,
5,13,21,0,,,,,,,,
36,13,21,2,,219,,,,,,
0,13,21,0,,,,,,,,
6,13,22,1,563,,,,,,,
19,13,22,0,,,,,,,,
0,13,22,0,,,,,,,,
34,13,23,0,,,,,,,,
37,13,23,2,718,,,,,,,
0,13,23,0,,,,,,,,
43,13,24,1,,,,,,,,
32,13,24,0,,,,,,,,
0,13,24,0,,,,,,,,
33,13,25,0,,,,,,,,
20,13,25,2,,,,,,,,
0,13,25,0,,,,,,,,
38,13,26,1,,,,,,,,
1,13,26,0,,,,,,,,
0,13,26,0,,,,,,,,
4,13,27,0,,,,,,,,
2,13,27,2,,,,,,,,
0,13,27,0,,,,,,,,
32,13,28,1,,,,,144,,,
15,13,28,0,,,,,,,,
0,13,28,0,,,,,,,,
31,13,29,0,,,,,,,,
21,13,29,2,169,,,,,,,
0,13,29,0,,,,,,,,
19,13,30,1,1473,,112,,,,,
6,13,30,0,,,,,,,,
0,13,30,0,,,,,,,,
3,13,31,0,,,,,,,,
40,13,31,2,,,,940,,,,
0,13,31,0,,,,,,,,
17,13,32,1,,,,,,,,
24,13,32,0,,,,,,,,
0,13,32,0,,,,,,,,
12,14,1,1,756,567,,,1273,,,
0,14,1,0,,,,,,,,
26,14,1,0,,,,,,,,
12,14,2,0,,,,,,,,
0,14,2,0,,,,,,,,
6,14,2,2,,259,,,180,,,
31,14,3,1,911,514,,,,,,
0,14,3,0,,,,,,,,
28,14,3,0,,,,,,,,
41,14,4,0,,,,,,,,
0,14,4,0,,,,,,,,
33,14,4,2,2516,346,,,445,,,
26,14,5,1,123,,247,251,,,,
0,14,5,0,,,,,,,,
22,14,5,0,,,,,,,,
7,14,6,0,,,,,,,,
0,14,6,0,,,,,,,,
10,14,6,2,,,,516,,,,
28,14,7,1,710,292,714,461,,,,
0,14,7,0,,,,,,,,
10,14,7,0,,,,,,,,
14,14,8,0,,,,,,,,
0,14,8,0,,,,,,,,
38,14,8,2,462,394,581,440,,,,
1,14,9,1,513,1137,2075,1305,,,,
0,14,9,0,,,,,,,,
4,14,9,0,,,,,,,,
30,14,10,0,,,,,,,,
0,14,10,0,,,,,,,,
16,14,10,2,,,,,617,,,
25,14,11,1,,,,,,,,
39,14,11,0,,,,,,,,
0,14,11,0,,,,,,,,
24,14,12,0,,,,,,,,
20,14,12,2,377,,,,,,,
0,14,12,0,,,,,,,,
5,14,13,1,,,,,388,,,
9,14,13,0,,,,,,,,
0,14,13,0,,,,,,,,
34,14,14,0,,,,,,,,
42,14,14,2,1962,,,563,,,,
0,14,14,0,,,,,,,,
23,14,15,1,,,,,,,,
1,14,15,0,,,,,,,,
0,14,15,0,,,,,,,,
3,14,16,0,,,,,,,,
4,14,16,2,995,,,,,,,
0,14,16,0,,,,,,,,
36,14,17,1,497,,,,,,,
16,14,17,0,,,,,,,,
0,14,17,0,,,,,,,,
33,14,18,0,,,,,,,,
14,14,18,2,,865,,170,242,,,
0,14,18,0,,,,,,,,
30,14,19,1,886,173,,944,,,,
35,14,19,0,,,,,,,,
0,14,19,0,,,,,,,,
18,14,20,0,,,,,,,,
15,14,20,2,579,479,,,,,,
0,14,20,0,,,,,,,,
8,14,21,1,619,773,834,,,,,
36,14,21,0,,,,,,,,
0,14,21,0,,,,,,,,
6,14,22,0,,,,,,,,
41,14,22,2,329,403,1745,196,,,,
0,14,22,0,,,,,,,,
21,14,23,1,152,285,499,,,,,
37,14,23,0,,,,,,,,
0,14,23,0,,,,,,,,
43,14,24,0,,,,,,,,
19,14,24,2,,,,,,,,
0,14,24,0,,,,,,,,
3,14,25,1,,,,,,,,
20,14,25,0,,,,,,,,
0,14,25,0,,,,,,,,
38,14,26,0,,,,,,,,
40,14,26,2,1417,,,,,,,
0,14,26,0,,,,,,,,
18,14,27,1,270,383,450,,,,,
2,14,27,0,,,,,,,,
0,14,27,0,,,,,,,,
32,14,28,0,,,,,,,,
22,14,28,2,,,499,,168,,,
0,14,28,0,,,,,,,,
24,14,29,1,164,,,,,,,
21,14,29,0,,,,,,,,
0,14,29,0,,,,,,,,
19,14,30,0,,,,,,,,
37,14,30,2,551,,,659,305,,,
0,14,30,0,,,,,,,,
35,14,31,1,465,,,189,,,,
40,14,31,0,,,,,,,,
0,14,31,0,,,,,,,,
17,14,32,0,,,,,,,,
9,14,32,2,440,486,1446,614,,,,
0,14,32,0,,,,,,,,
12,15,1,0,,,,,,,,
0,15,1,0,,,,,,,,
36,15,1,2,401,144,,,,,,
29,15,2,1,,,,,,,,
0,15,2,0,,,,,,,,
6,15,2,0,,,,,,,,
31,15,3,0,,,,,,,,
0,15,3,0,,,,,,,,
1,15,3,2,,,,,,,,
22,15,4,1,,523,2381,109,150,,,
0,15,4,0,,,,,,,,
33,15,4,0,,,,,,,,
26,15,5,0,,,,,,,,
0,15,5,0,,,,,,,,
10,15,5,2,221,143,,218,,,,
5,15,6,1,780,,672,,,,,
0,15,6,0,,,,,,,,
10,15,6,0,,,,,,,,
28,15,7,0,,,,,,,,
0,15,7,0,,,,,,,,
20,15,7,2,619,151,199,,,,,
3,15,8,1,,,,1827,1112,,,
0,15,8,0,,,,,,,,
38,15,8,0,,,,,,,,
1,15,9,0,,,,,,,,
0,15,9,0,,,,,,,,
38,15,9,2,,,400,,,,,
16,15,10,1,261,,,,,,,
0,15,10,0,,,,,,,,
16,15,10,0,,,,,,,,
25,15,11,0,,,,,,,,
28,15,11,2,,,474,,,,,
0,15,11,0,,,,,,,,
43,15,12,1,,211,326,,,,,
20,15,12,0,,,,,,,,
0,15,12,0,,,,,,,,
5,15,13,0,,,,,,,,
27,15,13,2,,,126,,,,,
0,15,13,0,,,,,,,,
26,15,14,1,,,,103,,,,
42,15,14,0,,,,,,,,
0,15,14,0,,,,,,,,
23,15,15,0,,,,,,,,
25,15,15,2,,,,,,,,
0,15,15,0,,,,,,,,
8,15,16,1,1488,,,,,,,
4,15,16,0,,,,,,,,
0,15,16,0,,,,,,,,
36,15,17,0,,,,,,,,
13,15,17,2,393,,,220,,,,
0,15,17,0,,,,,,,,
19,15,18,1,,143,294,,,,,
14,15,18,0,,,,,,,,
0,15,18,0,,,,,,,,
30,15,19,0,,,,,,,,
7,15,19,2,775,299,,,,,,
0,15,19,0,,,,,,,,
33,15,20,1,,,,,,,,
15,15,20,0,,,,,,,,
0,15,20,0,,,,,,,,
8,15,21,0,,,,,,,,
9,15,21,2,441,449,380,262,933,,,
0,15,21,0,,,,,,,,
34,15,22,1,,,,,,,,
41,15,22,0,,,,,,,,
0,15,22,0,,,,,,,,
21,15,23,0,,,,,,,,
14,15,23,2,,,,,,,,
0,15,23,0,,,,,,,,
40,15,24,1,,,,,,,,
19,15,24,0,,,,,,,,
0,15,24,0,,,,,,,,
3,15,25,0,,,,,,,,
41,15,25,2,,,,,190,,,
0,15,25,0,,,,,,,,
31,15,26,1,,,,,,,,
40,15,26,0,,,,,,,,
0,15,26,0,,,,,,,,
18,15,27,0,,,,,,,,
42,15,27,2,,,,,,,,
0,15,27,0,,,,,,,,
15,15,28,1,377,111,,,,,,
22,15,28,0,,,,,,,,
0,15,28,0,,,,,,,,
24,15,29,0,,,,,,,,
12,15,29,2,217,509,,,,,,
0,15,29,0,,,,,,,,
18,15,30,1,,,,,,,,
37,15,30,0,,,,,,,,
0,15,30,0,,,,,,,,
35,15,31,0,,,,,,,,
32,15,31,2,,112,,,,,,
0,15,31,0,,,,,,,,
35,15,32,1,,,,,,,,
9,15,32,0,,,,,,,,
0,15,32,0,,,,,,,,
37,16,1,1,,113,,,286,,,
0,16,1,0,,,,,,,,
36,16,1,0,,,,,,,,
29,16,2,0,,,,,,,,
0,16,2,0,,,,,,,,
16,16,2,2,281,,,,688,,,
25,16,3,1,112,,1326,,,,,
0,16,3,0,,,,,,,,
1,16,3,0,,,,,,,,
22,16,4,0,,,,,,,,
0,16,4,0,,,,,,,,
14,16,4,2,437,,409,,,,,
4,16,5,1,296,,,,,,,
0,16,5,0,,,,,,,,
10,16,5,0,,,,,,,,
5,16,6,0,,,,,,,,
0,16,6,0,,,,,,,,
41,16,6,2,,555,,,,,,
10,16,7,1,208,,,,,,,
0,16,7,0,,,,,,,,
20,16,7,0,,,,,,,,
3,16,8,0,,,,,,,,
0,16,8,0,,,,,,,,
19,16,8,2,,,,,,,,
2,16,9,1,643,,,,203,,,
0,16,9,0,,,,,,,,
38,16,9,0,,,,,,,,
16,16,10,0,,,,,,,,
0,16,10,0,,,,,,,,
35,16,10,2,,,,,,,,
12,16,11,1,1771,806,,,,,,
28,16,11,0,,,,,,,,
0,16,11,0,,,,,,,,
43,16,12,0,,,,,,,,
31,16,12,2,822,,,328,,,,
0,16,12,0,,,,,,,,
28,16,13,1,377,,,,842,,,
27,16,13,0,,,,,,,,
0,16,13,0,,,,,,,,
26,16,14,0,,,,,,,,
18,16,14,2,553,198,,,,,,
0,16,14,0,,,,,,,,
1,16,15,1,292,,184,,,,,
25,16,15,0,,,,,,,,
0,16,15,0,,,,,,,,
8,16,16,0,,,,,,,,
43,16,16,2,,,,,108,,,
0,16,16,0,,,,,,,,
8,16,17,1,105,547,,,,,,
13,16,17,0,,,,,,,,
0,16,17,0,,,,,,,,
19,16,18,0,,,,,,,,
13,16,18,2,194,1783,,,417,,,
0,16,18,0,,,,,,,,
6,16,19,1,,183,,,,,,
7,16,19,0,,,,,,,,
0,16,19,0,,,,,,,,
33,16,20,0,,,,,,,,
23,16,20,2,,,,,,,,
0,16,20,0,,,,,,,,
9,16,21,1,136,81,,,,,,
9,16,21,0,,,,,,,,
0,16,21,0,,,,,,,,
34,16,22,0,,,,,,,,
32,16,22,2,,,,,,,,
0,16,22,0,,,,,,,,
30,16,23,1,309,,,,,,,
14,16,23,0,,,,,,,,
0,16,23,0,,,,,,,,
40,16,24,0,,,,,,,,
24,16,24,2,272,,,1465,,,,
0,16,24,0,,,,,,,,
27,16,25,1,582,,,,,,,
41,16,25,0,,,,,,,,
0,16,25,0,,,,,,,,
31,16,26,0,,,,,,,,
40,16,26,2,,,,,,,,
0,16,26,0,,,,,,,,
39,16,27,1,,,,,,,,
42,16,27,0,,,,,,,,
0,16,27,0,,,,,,,,
15,16,28,0,,,,,,,,
34,16,28,2,474,,,,141,,,
0,16,28,0,,,,,,,,
7,16,29,1,,121,,,,,,
12,16,29,0,,,,,,,,
0,16,29,0,,,,,,,,
18,16,30,0,,,,,,,,
22,16,30,2,381,,,,,,,
0,16,30,0,,,,,,,,
21,16,31,1,,,,,,,,
32,16,31,0,,,,,,,,
0,16,31,0,,,,,,,,
35,16,32,0,,,,,,,,
33,16,32,2,260,185,,,,,,
0,16,32,0,,,,,,,,
37,17,1,0,,,,,,,,
0,17,1,0,,,,,,,,
27,17,1,2,1090,,,,,,,
11,17,2,1,624,2157,,1089,1375,,,
0,17,2,0,,,,,,,,
16,17,2,0,,,,,,,,
25,17,3,0,,,,,,,,
0,17,3,0,,,,,,,,
7,17,3,2,,,,,,,,
36,17,4,1,,,,,,,,
0,17,4,0,,,,,,,,
14,17,4,0,,,,,,,,
4,17,5,0,,,,,,,,
0,17,5,0,,,,,,,,
1,17,5,2,4671,3207,,1165,2169,,,
15,17,6,1,,,,,,,,
0,17,6,0,,,,,,,,
41,17,6,0,,,,,,,,
10,17,7,0,,,,,,,,
0,17,7,0,,,,,,,,
9,17,7,2,1115,1381,1377,,,,,
23,17,8,1,,,,,,,,
0,17,8,0,,,,,,,,
19,17,8,0,,,,,,,,
2,17,9,0,,,,,,,,
0,17,9,0,,,,,,,,
18,17,9,2,544,749,,805,573,,,
30,17,10,1,,,239,,,,,
0,17,10,0,,,,,,,,
35,17,10,0,,,,,,,,
12,17,11,0,,,,,,,,
32,17,11,2,1737,8585,,,,,,
0,17,11,0,,,,,,,,
40,17,12,1,2289,1784,105,610,,,,
31,17,12,0,,,,,,,,
0,17,12,0,,,,,,,,
28,17,13,0,,,,,,,,
20,17,13,2,,,,,711,,,
0,17,13,0,,,,,,,,
42,17,14,1,833,1187,838,1054,,,,
18,17,14,0,,,,,,,,
0,17,14,0,,,,,,,,
1,17,15,0,,,,,,,,
25,17,15,2,,542,,,824,,,
0,17,15,0,,,,,,,,
29,17,16,1,,,,,,,,
43,17,16,0,,,,,,,,
0,17,16,0,,,,,,,,
8,17,17,0,,,,,,,,
34,17,17,2,685,848,851,324,610,,,
0,17,17,0,,,,,,,,
4,17,18,1,1896,,1979,,,,,
13,17,18,0,,,,,,,,
0,17,18,0,,,,,,,,
6,17,19,0,,,,,,,,
5,17,19,2,1277,,3151,127,,,,
0,17,19,0,,,,,,,,
41,17,20,1,3270,6393,473,420,353,,,
23,17,20,0,,,,,,,,
0,17,20,0,,,,,,,,
9,17,21,0,,,,,,,,
26,17,21,2,,,,,,,,
0,17,21,0,,,,,,,,
39,17,22,1,451,1247,,,,,,
32,17,22,0,,,,,,,,
0,17,22,0,,,,,,,,
30,17,23,0,,,,,,,,
38,17,23,2,,,,107,514,,,
0,17,23,0,,,,,,,,
13,17,24,1,,,,,,,,
24,17,24,0,,,,,,,,
0,17,24,0,,,,,,,,
27,17,25,0,,,,,,,,
22,17,25,2,558,3838,1164,1896,,,,
0,17,25,0,,,,,,,,
6,17,26,1,,,303,2547,499,,,
40,17,26,0,,,,,,,,
0,17,26,0,,,,,,,,
39,17,27,0,,,,,,,,
3,17,27,2,,,,1280,544,,,
0,17,27,0,,,,,,,,
21,17,28,1,2354,816,940,,,,,
34,17,28,0,,,,,,,,
0,17,28,0,,,,,,,,
7,17,29,0,,,,,,,,
33,17,29,2,7249,554,,,,,,
0,17,29,0,,,,,,,,
14,17,30,1,448,,,,,,,
22,17,30,0,,,,,,,,
0,17,30,0,,,,,,,,
21,17,31,0,,,,,,,,
17,17,31,2,1727,,,,,,,
0,17,31,0,,,,,,,,
35,17,32,1,,,,,,,,
33,17,32,0,,,,,,,,
0,17,32,0,,,,,,,,
37,18,1,0,,,,,,,,
0,18,1,0,,,,,,,,
7,18,1,2,,187,768,154,,,,
2,18,2,1,1303,1210,,333,672,,,
0,18,2,0,,,,,,,,
16,18,2,0,,,,,,,,
25,18,3,0,,,,,,,,
0,18,3,0,,,,,,,,
38,18,3,2,3870,,238,803,,,,
5,18,4,1,568,,,,708,,,
0,18,4,0,,,,,,,,
14,18,4,0,,,,,,,,
4,18,5,0,,,,,,,,
0,18,5,0,,,,,,,,
35,18,5,2,386,4336,2090,1165,87,,,
40,18,6,1,255,2419,1319,,236,,,
0,18,6,0,,,,,,,,
41,18,6,0,,,,,,,,
10,18,7,0,,,,,,,,
0,18,7,0,,,,,,,,
20,18,7,2,3057,2890,665,184,967,,,
33,18,8,1,456,1548,332,,,,,
0,18,8,0,,,,,,,,
19,18,8,0,,,,,,,,
2,18,9,0,,,,,,,,
0,18,9,0,,,,,,,,
29,18,9,2,,143,977,674,,,,
10,18,10,1,,929,912,611,,,,
0,18,10,0,,,,,,,,
35,18,10,0,,,,,,,,
12,18,11,0,,,,,,,,
27,18,11,2,224,371,480,,,,,
0,18,11,0,,,,,,,,
24,18,12,1,1406,,,,,,,
31,18,12,0,,,,,,,,
0,18,12,0,,,,,,,,
28,18,13,0,,,,,,,,
14,18,13,2,221,,159,655,,,,
0,18,13,0,,,,,,,,
19,18,14,1,2212,355,,330,432,,,
18,18,14,0,,,,,,,,
0,18,14,0,,,,,,,,
1,18,15,0,,,,,,,,
12,18,15,2,2128,4287,4408,2878,2152,,,
0,18,15,0,,,,,,,,
13,18,16,1,3827,7889,5410,,,,,
43,18,16,0,,,,,,,,
0,18,16,0,,,,,,,,
8,18,17,0,,,,,,,,
16,18,17,2,1149,618,1520,380,1349,,,
0,18,17,0,,,,,,,,
28,18,18,1,8898,3127,2516,1830,800,,,
13,18,18,0,,,,,,,,
0,18,18,0,,,,,,,,
6,18,19,0,,,,,,,,
17,18,19,2,739,749,651,,261,,,
0,18,19,0,,,,,,,,
26,18,20,1,341,416,437,,,,,
23,18,20,0,,,,,,,,
0,18,20,0,,,,,,,,
9,18,21,0,,,,,,,,
18,18,21,2,1193,326,,586,,,,
0,18,21,0,,,,,,,,
9,18,22,1,,1529,1666,,,,,
32,18,22,0,,,,,,,,
0,18,22,0,,,,,,,,
30,18,23,0,,,,,,,,
37,18,23,2,2271,381,,,,,,
0,18,23,0,,,,,,,,
22,18,24,1,1522,1126,,333,845,,,
24,18,24,0,,,,,,,,
0,18,24,0,,,,,,,,
27,18,25,0,,,,,,,,
23,18,25,2,640,100,,755,,,,
0,18,25,0,,,,,,,,
25,18,26,1,,,,,,,,
40,18,26,0,,,,,,,,
0,18,26,0,,,,,,,,
39,18,27,0,,,,,,,,
15,18,27,2,240,265,,,621,,,
0,18,27,0,,,,,,,,
42,18,28,1,425,773,1138,,,,,
34,18,28,0,,,,,,,,
0,18,28,0,,,,,,,,
7,18,29,0,,,,,,,,
1,18,29,2,108,1310,846,2493,458,,,
0,18,29,0,,,,,,,,
4,18,30,1,4410,6205,,,,,,
22,18,30,0,,,,,,,,
0,18,30,0,,,,,,,,
21,18,31,0,,,,,,,,
31,18,31,2,1710,460,2860,304,595,,,
0,18,31,0,,,,,,,,
32,18,32,1,3110,6177,,,,,,
33,18,32,0,,,,,,,,
0,18,32,0,,,,,,,,
42,19,1,1,,240,,,,,,
0,19,1,0,,,,,,,,
7,19,1,0,,,,,,,,
2,19,2,0,,,,,,,,
0,19,2,0,,,,,,,,
17,19,2,2,886,1911,565,,,,,
36,19,3,1,,191,1314,,,,,
0,19,3,0,,,,,,,,
38,19,3,0,,,,,,,,
5,19,4,0,,,,,,,,
0,19,4,0,,,,,,,,
1,19,4,2,,,,,,,,
31,19,5,1,,1627,,,,,,
0,19,5,0,,,,,,,,
35,19,5,0,,,,,,,,
40,19,6,0,,,,,,,,
0,19,6,0,,,,,,,,
24,19,6,2,248,,,,,,,
7,19,7,1,2280,1655,830,622,,,,
0,19,7,0,,,,,,,,
20,19,7,0,,,,,,,,
33,19,8,0,,,,,,,,
0,19,8,0,,,,,,,,
3,19,8,2,570,555,543,1416,,,,
39,19,9,1,1248,891,,,,,,
0,19,9,0,,,,,,,,
29,19,9,0,,,,,,,,
10,19,10,0,,,,,,,,
0,19,10,0,,,,,,,,
12,19,10,2,,,,,314,,,
6,19,11,1,,84,,,,,,
27,19,11,0,,,,,,,,
0,19,11,0,,,,,,,,
24,19,12,0,,,,,,,,
22,19,12,2,,,,360,,,,
0,19,12,0,,,,,,,,
34,19,13,1,1287,1007,863,,,,,
14,19,13,0,,,,,,,,
0,19,13,0,,,,,,,,
19,19,14,0,,,,,,,,
41,19,14,2,,295,,,,,,
0,19,14,0,,,,,,,,
9,19,15,1,421,,,,,,,
12,19,15,0,,,,,,,,
0,19,15,0,,,,,,,,
13,19,16,0,,,,,,,,
20,19,16,2,,562,,,566,,,
0,19,16,0,,,,,,,,
26,19,17,1,1515,,,645,,,,
16,19,17,0,,,,,,,,
0,19,17,0,,,,,,,,
28,19,18,0,,,,,,,,
38,19,18,2,612,2014,,,,,,
0,19,18,0,,,,,,,,
19,19,19,1,,,1766,,,,,
17,19,19,0,,,,,,,,
0,19,19,0,,,,,,,,
26,19,20,0,,,,,,,,
15,19,20,2,952,1296,612,,,,,
0,19,20,0,,,,,,,,
35,19,21,1,425,,,,,,,
18,19,21,0,,,,,,,,
0,19,21,0,,,,,,,,
9,19,22,0,,,,,,,,
11,19,22,2,3224,3505,1194,999,548,,,
0,19,22,0,,,,,,,,
29,19,23,1,,,,,,,,
37,19,23,0,,,,,,,,
0,19,23,0,,,,,,,,
22,19,24,0,,,,,,,,
5,19,24,2,1218,902,,,,,,
0,19,24,0,,,,,,,,
30,19,25,1,718,1831,,,,,,
23,19,25,0,,,,,,,,
0,19,25,0,,,,,,,,
25,19,26,0,,,,,,,,
21,19,26,2,1093,1263,1881,,,,,
0,19,26,0,,,,,,,,
27,19,27,1,207,,,,,,,
15,19,27,0,,,,,,,,
0,19,27,0,,,,,,,,
42,19,28,0,,,,,,,,
16,19,28,2,1713,,,,,,,
0,19,28,0,,,,,,,,
33,19,29,1,,,,,,,,
1,19,29,0,,,,,,,,
0,19,29,0,,,,,,,,
4,19,30,0,,,,,,,,
28,19,30,2,,,,,,,,
0,19,30,0,,,,,,,,
10,19,31,1,648,,,,,,,
31,19,31,0,,,,,,,,
0,19,31,0,,,,,,,,
32,19,32,0,,,,,,,,
14,19,32,2,250,,,,,,,
0,19,32,0,,,,,,,,
40,20,1,1,267,,,452,,,,
0,20,1,0,,,,,,,,
7,20,1,0,,,,,,,,
2,20,2,0,,,,,,,,
0,20,2,0,,,,,,,,
14,20,2,2,385,706,209,,,,,
25,20,3,1,,142,,,,,,
0,20,3,0,,,,,,,,
38,20,3,0,,,,,,,,
5,20,4,0,,,,,,,,
0,20,4,0,,,,,,,,
28,20,4,2,,,,,,,,
23,20,5,1,210,234,,,,,,
0,20,5,0,,,,,,,,
35,20,5,0,,,,,,,,
40,20,6,0,,,,,,,,
0,20,6,0,,,,,,,,
6,20,6,2,,,,,,,,
1,20,7,1,955,217,,,,,,
0,20,7,0,,,,,,,,
20,20,7,0,,,,,,,,
33,20,8,0,,,,,,,,
0,20,8,0,,,,,,,,
33,20,8,2,,,,,,,,
37,20,9,1,,,,,,,,
0,20,9,0,,,,,,,,
29,20,9,0,,,,,,,,
10,20,10,0,,,,,,,,
0,20,10,0,,,,,,,,
35,20,10,2,,,,,,,,
42,20,11,1,,,,,,,,
27,20,11,0,,,,,,,,
0,20,11,0,,,,,,,,
24,20,12,0,,,,,,,,
17,20,12,2,1635,665,,,,,,
0,20,12,0,,,,,,,,
19,20,13,1,,,,,271,,,
14,20,13,0,,,,,,,,
0,20,13,0,,,,,,,,
19,20,14,0,,,,,,,,
31,20,14,2,,194,,,,,,
0,20,14,0,,,,,,,,
27,20,15,1,,,,,,,,
12,20,15,0,,,,,,,,
0,20,15,0,,,,,,,,
13,20,16,0,,,,,,,,
10,20,16,2,,275,,,,,,
0,20,16,0,,,,,,,,
4,20,17,1,178,,627,,,,,
16,20,17,0,,,,,,,,
0,20,17,0,,,,,,,,
28,20,18,0,,,,,,,,
22,20,18,2,,,,,,,,
0,20,18,0,,,,,,,,
18,20,19,1,266,,,,,,,
17,20,19,0,,,,,,,,
0,20,19,0,,,,,,,,
26,20,20,0,,,,,,,,
30,20,20,2,,,,,,,,
0,20,20,0,,,,,,,,
9,20,21,1,,,173,,,,,
18,20,21,0,,,,,,,,
0,20,21,0,,,,,,,,
9,20,22,0,,,,,,,,
32,20,22,2,,,,,,,,
0,20,22,0,,,,,,,,
13,20,23,1,248,551,,,,,,
37,20,23,0,,,,,,,,
0,20,23,0,,,,,,,,
22,20,24,0,,,,,,,,
3,20,24,2,733,196,,,166,,,
0,20,24,0,,,,,,,,
8,20,25,1,,,,,,,,
23,20,25,0,,,,,,,,
0,20,25,0,,,,,,,,
25,20,26,0,,,,,,,,
21,20,26,2,,,,,,,,
0,20,26,0,,,,,,,,
5,20,27,1,,,,,,,,
15,20,27,0,,,,,,,,
0,20,27,0,,,,,,,,
42,20,28,0,,,,,,,,
12,20,28,2,,,,,,,,
0,20,28,0,,,,,,,,
11,20,29,1,,217,,,,,,
1,20,29,0,,,,,,,,
0,20,29,0,,,,,,,,
4,20,30,0,,,,,,,,
20,20,30,2,646,,,743,,,,
0,20,30,0,,,,,,,,
39,20,31,1,539,,,,,,,
31,20,31,0,,,,,,,,
0,20,31,0,,,,,,,,
32,20,32,0,,,,,,,,
16,20,32,2,,,,,,,,
0,20,32,0,,,,,,,,
40,21,1,0,,,,,,,,
0,21,1,0,,,,,,,,
21,21,1,2,755,139,,,244,,,
18,21,2,1,,137,,983,1893,,,
0,21,2,0,,,,,,,,
14,21,2,0,,,,,,,,
25,21,3,0,,,,,,,,
0,21,3,0,,,,,,,,
8,21,3,2,,,,410,444,,,
41,21,4,1,532,,,466,,,,
0,21,4,0,,,,,,,,
28,21,4,0,,,,,,,,
23,21,5,0,,,,,,,,
0,21,5,0,,,,,,,,
29,21,5,2,,,,,,,,
1,21,6,1,729,,,,,,,
0,21,6,0,,,,,,,,
6,21,6,0,,,,,,,,
1,21,7,0,,,,,,,,
0,21,7,0,,,,,,,,
5,21,7,2,,,,,,,,
16,21,8,1,,260,,530,520,,,
0,21,8,0,,,,,,,,
33,21,8,0,,,,,,,,
37,21,9,0,,,,,,,,
0,21,9,0,,,,,,,,
13,21,9,2,,,,435,240,,,
31,21,10,1,582,,,,,,,
0,21,10,0,,,,,,,,
35,21,10,0,,,,,,,,
42,21,11,0,,,,,,,,
7,21,11,2,209,556,,,255,,,
0,21,11,0,,,,,,,,
4,21,12,1,332,113,251,377,,,,
17,21,12,0,,,,,,,,
0,21,12,0,,,,,,,,
19,21,13,0,,,,,,,,
26,21,13,2,,,344,,,,,
0,21,13,0,,,,,,,,
40,21,14,1,,,,,,,,
31,21,14,0,,,,,,,,
0,21,14,0,,,,,,,,
27,21,15,0,,,,,,,,
10,21,15,2,,,,,,,,
0,21,15,0,,,,,,,,
24,21,16,1,,,,,,,,
10,21,16,0,,,,,,,,
0,21,16,0,,,,,,,,
4,21,17,0,,,,,,,,
33,21,17,2,340,,112,,633,,,
0,21,17,0,,,,,,,,
34,21,18,1,244,294,,313,195,,,
22,21,18,0,,,,,,,,
0,21,18,0,,,,,,,,
18,21,19,0,,,,,,,,
3,21,19,2,155,,,416,,,,
0,21,19,0,,,,,,,,
12,21,20,1,1427,666,745,501,,,,
30,21,20,0,,,,,,,,
0,21,20,0,,,,,,,,
9,21,21,0,,,,,,,,
37,21,21,2,,,,191,,,,
0,21,21,0,,,,,,,,
35,21,22,1,1213,986,,,,,,
32,21,22,0,,,,,,,,
0,21,22,0,,,,,,,,
13,21,23,0,,,,,,,,
25,21,23,2,1080,1359,358,997,178,,,
0,21,23,0,,,,,,,,
23,21,24,1,838,158,,,242,,,
3,21,24,0,,,,,,,,
0,21,24,0,,,,,,,,
8,21,25,0,,,,,,,,
11,21,25,2,210,,,913,565,,,
0,21,25,0,,,,,,,,
20,21,26,1,769,785,748,125,,,,
21,21,26,0,,,,,,,,
0,21,26,0,,,,,,,,
5,21,27,0,,,,,,,,
36,21,27,2,422,,,,,,,
0,21,27,0,,,,,,,,
15,21,28,1,910,,,209,,,,
12,21,28,0,,,,,,,,
0,21,28,0,,,,,,,,
11,21,29,0,,,,,,,,
27,21,29,2,3446,1074,,,349,,,
0,21,29,0,,,,,,,,
38,21,30,1,470,,,,,,,
20,21,30,0,,,,,,,,
0,21,30,0,,,,,,,,
39,21,31,0,,,,,,,,
39,21,31,2,,,,1163,328,,,
0,21,31,0,,,,,,,,
28,21,32,1,702,,,,,,,
16,21,32,0,,,,,,,,
0,21,32,0,,,,,,,,
