seq,subj,item,cond,R1,R2,R3,R4,R5,R6,R7,R8
15,1,1,1,554,,,,,,,
0,1,1,0,,,,,,,,
0,1,1,0,,,,,,,,
0,1,2,0,,,,,,,,
0,1,2,0,,,,,,,,
9,1,2,2,,,,111,432,,,
27,1,3,1,541,,141,,,,,
0,1,3,0,,,,,,,,
0,1,3,0,,,,,,,,
0,1,4,0,,,,,,,,
0,1,4,0,,,,,,,,
31,1,4,2,2034,,,179,,,,
12,1,5,1,,299,676,,,,,
0,1,5,0,,,,,,,,
0,1,5,0,,,,,,,,
0,1,6,0,,,,,,,,
0,1,6,0,,,,,,,,
4,1,6,2,510,194,249,,,,,
22,1,7,1,1053,,,,205,,,
0,1,7,0,,,,,,,,
0,1,7,0,,,,,,,,
0,1,8,0,,,,,,,,
0,1,8,0,,,,,,,,
41,1,8,2,,229,,,,,,
36,1,9,1,,992,,,,,,
0,1,9,0,,,,,,,,
0,1,9,0,,,,,,,,
0,1,10,0,,,,,,,,
0,1,10,0,,,,,,,,
2,1,10,2,286,970,,,,,,
39,1,11,1,192,,,,,,,
0,1,11,0,,,,,,,,
0,1,11,0,,,,,,,,
0,1,12,0,,,,,,,,
8,1,12,2,1466,124,,,,,,
0,1,12,0,,,,,,,,
11,1,13,1,684,124,,,,,,
0,1,13,0,,,,,,,,
0,1,13,0,,,,,,,,
0,1,14,0,,,,,,,,
20,1,14,2,,,,,,,,
0,1,14,0,,,,,,,,
33,1,15,1,,351,,,,,,
0,1,15,0,,,,,,,,
0,1,15,0,,,,,,,,
0,1,16,0,,,,,,,,
14,1,16,2,532,256,,,,,,
0,1,16,0,,,,,,,,
34,1,17,1,590,359,,,108,,,
0,1,17,0,,,,,,,,
0,1,17,0,,,,,,,,
0,1,18,0,,,,,,,,
7,1,18,2,,820,978,689,454,,,
0,1,18,0,,,,,,,,
40,1,19,1,481,250,425,,,,,
0,1,19,0,,,,,,,,
0,1,19,0,,,,,,,,
0,1,20,0,,,,,,,,
19,1,20,2,,,,,,,,
0,1,20,0,,,,,,,,
25,1,21,1,489,790,,333,641,,,
0,1,21,0,,,,,,,,
0,1,21,0,,,,,,,,
0,1,22,0,,,,,,,,
38,1,22,2,1245,,1318,142,,,,
0,1,22,0,,,,,,,,
29,1,23,1,455,157,,,,,,
0,1,23,0,,,,,,,,
0,1,23,0,,,,,,,,
0,1,24,0,,,,,,,,
18,1,24,2,,,149,,,,,
0,1,24,0,,,,,,,,
24,1,25,1,2350,291,,,229,,,
0,1,25,0,,,,,,,,
0,1,25,0,,,,,,,,
0,1,26,0,,,,,,,,
35,1,26,2,,1308,235,,148,,,
0,1,26,0,,,,,,,,
1,1,27,1,971,567,,689,,,,
0,1,27,0,,,,,,,,
0,1,27,0,,,,,,,,
0,1,28,0,,,,,,,,
6,1,28,2,714,250,1082,1583,,,,
0,1,28,0,,,,,,,,
26,1,29,1,,267,,308,,,,
0,1,29,0,,,,,,,,
0,1,29,0,,,,,,,,
0,1,30,0,,,,,,,,
17,1,30,2,,,,,,,,
0,1,30,0,,,,,,,,
21,1,31,1,,,,,137,,,
0,1,31,0,,,,,,,,
0,1,31,0,,,,,,,,
0,1,32,0,,,,,,,,
30,1,32,2,405,1207,,,,,,
0,1,32,0,,,,,,,,
22,2,1,1,,,,,,,,
0,2,1,0,,,,,,,,
0,2,1,0,,,,,,,,
0,2,2,0,,,,,,,,
0,2,2,0,,,,,,,,
2,2,2,2,761,148,,434,,,,
8,2,3,1,,,176,,154,,,
0,2,3,0,,,,,,,,
0,2,3,0,,,,,,,,
0,2,4,0,,,,,,,,
0,2,4,0,,,,,,,,
20,2,4,2,5191,131,,,,,,
35,2,5,1,,,,180,,,,
0,2,5,0,,,,,,,,
0,2,5,0,,,,,,,,
0,2,6,0,,,,,,,,
0,2,6,0,,,,,,,,
10,2,6,2,,,,,,,,
5,2,7,1,156,,,509,1742,,,
0,2,7,0,,,,,,,,
0,2,7,0,,,,,,,,
0,2,8,0,,,,,,,,
0,2,8,0,,,,,,,,
29,2,8,2,,,,,,,,
14,2,9,1,,628,,,,,,
0,2,9,0,,,,,,,,
0,2,9,0,,,,,,,,
0,2,10,0,,,,,,,,
0,2,10,0,,,,,,,,
25,2,10,2,387,,,,,,,
33,2,11,1,,,,,,,,
0,2,11,0,,,,,,,,
0,2,11,0,,,,,,,,
0,2,12,0,,,,,,,,
32,2,12,2,125,,,314,987,,,
0,2,12,0,,,,,,,,
40,2,13,1,,,,,,,,
0,2,13,0,,,,,,,,
0,2,13,0,,,,,,,,
0,2,14,0,,,,,,,,
4,2,14,2,1753,599,,,813,,,
0,2,14,0,,,,,,,,
24,2,15,1,337,,,340,,,,
0,2,15,0,,,,,,,,
0,2,15,0,,,,,,,,
0,2,16,0,,,,,,,,
42,2,16,2,314,116,,,,,,
0,2,16,0,,,,,,,,
28,2,17,1,,,,,,,,
0,2,17,0,,,,,,,,
0,2,17,0,,,,,,,,
0,2,18,0,,,,,,,,
1,2,18,2,686,329,364,1034,1376,,,
0,2,18,0,,,,,,,,
16,2,19,1,,263,,,,,,
0,2,19,0,,,,,,,,
0,2,19,0,,,,,,,,
0,2,20,0,,,,,,,,
12,2,20,2,,,402,,,,,
0,2,20,0,,,,,,,,
17,2,21,1,,,,685,,,,
0,2,21,0,,,,,,,,
0,2,21,0,,,,,,,,
0,2,22,0,,,,,,,,
19,2,22,2,,,,,,,,
0,2,22,0,,,,,,,,
31,2,23,1,381,167,372,,,,,
0,2,23,0,,,,,,,,
0,2,23,0,,,,,,,,
0,2,24,0,,,,,,,,
13,2,24,2,,221,,,,,,
0,2,24,0,,,,,,,,
27,2,25,1,218,134,,,2323,,,
0,2,25,0,,,,,,,,
0,2,25,0,,,,,,,,
0,2,26,0,,,,,,,,
37,2,26,2,,,342,,,,,
0,2,26,0,,,,,,,,
34,2,27,1,346,,,,,,,
0,2,27,0,,,,,,,,
0,2,27,0,,,,,,,,
0,2,28,0,,,,,,,,
7,2,28,2,,,,,,,,
0,2,28,0,,,,,,,,
38,2,29,1,,,,,,,,
0,2,29,0,,,,,,,,
0,2,29,0,,,,,,,,
0,2,30,0,,,,,,,,
39,2,30,2,,,,,,,,
0,2,30,0,,,,,,,,
18,2,31,1,,,,,,,,
0,2,31,0,,,,,,,,
0,2,31,0,,,,,,,,
0,2,32,0,,,,,,,,
41,2,32,2,,,,,,,,
0,2,32,0,,,,,,,,
14,3,1,1,1496,392,150,452,,,,
0,3,1,0,,,,,,,,
0,3,1,0,,,,,,,,
0,3,2,0,,,,,,,,
0,3,2,0,,,,,,,,
16,3,2,2,370,,,,,,,
27,3,3,1,371,461,,,,,,
0,3,3,0,,,,,,,,
0,3,3,0,,,,,,,,
0,3,4,0,,,,,,,,
0,3,4,0,,,,,,,,
18,3,4,2,1671,1571,679,,,,,
11,3,5,1,1549,1105,1300,,,,,
0,3,5,0,,,,,,,,
0,3,5,0,,,,,,,,
0,3,6,0,,,,,,,,
0,3,6,0,,,,,,,,
4,3,6,2,3147,1039,,,,,,
23,3,7,1,739,373,,,,,,
0,3,7,0,,,,,,,,
0,3,7,0,,,,,,,,
0,3,8,0,,,,,,,,
0,3,8,0,,,,,,,,
38,3,8,2,356,685,,,,,,
31,3,9,1,,181,,488,,,,
0,3,9,0,,,,,,,,
0,3,9,0,,,,,,,,
0,3,10,0,,,,,,,,
0,3,10,0,,,,,,,,
6,3,10,2,170,,,,,,,
40,3,11,1,,,,,,,,
0,3,11,0,,,,,,,,
0,3,11,0,,,,,,,,
0,3,12,0,,,,,,,,
26,3,12,2,860,729,501,,,,,
0,3,12,0,,,,,,,,
25,3,13,1,1429,608,,,,,,
0,3,13,0,,,,,,,,
0,3,13,0,,,,,,,,
0,3,14,0,,,,,,,,
33,3,14,2,1493,1113,740,,,,,
0,3,14,0,,,,,,,,
22,3,15,1,526,,,,201,,,
0,3,15,0,,,,,,,,
0,3,15,0,,,,,,,,
0,3,16,0,,,,,,,,
30,3,16,2,520,1110,,,,,,
0,3,16,0,,,,,,,,
8,3,17,1,2334,3646,278,,,,,
0,3,17,0,,,,,,,,
0,3,17,0,,,,,,,,
0,3,18,0,,,,,,,,
34,3,18,2,663,133,890,519,,,,
0,3,18,0,,,,,,,,
41,3,19,1,717,537,,,,,,
0,3,19,0,,,,,,,,
0,3,19,0,,,,,,,,
0,3,20,0,,,,,,,,
13,3,20,2,2399,2127,503,,,,,
0,3,20,0,,,,,,,,
3,3,21,1,1631,1918,,,,,,
0,3,21,0,,,,,,,,
0,3,21,0,,,,,,,,
0,3,22,0,,,,,,,,
2,3,22,2,404,1215,,,,,,
0,3,22,0,,,,,,,,
21,3,23,1,699,427,,,138,,,
0,3,23,0,,,,,,,,
0,3,23,0,,,,,,,,
0,3,24,0,,,,,,,,
1,3,24,2,2266,2504,2606,2182,376,,,
0,3,24,0,,,,,,,,
20,3,25,1,951,762,,,,,,
0,3,25,0,,,,,,,,
0,3,25,0,,,,,,,,
0,3,26,0,,,,,,,,
35,3,26,2,552,490,,,,,,
0,3,26,0,,,,,,,,
36,3,27,1,267,268,,,,,,
0,3,27,0,,,,,,,,
0,3,27,0,,,,,,,,
0,3,28,0,,,,,,,,
42,3,28,2,1228,1133,430,220,,,,
0,3,28,0,,,,,,,,
9,3,29,1,,,,,,,,
0,3,29,0,,,,,,,,
0,3,29,0,,,,,,,,
0,3,30,0,,,,,,,,
29,3,30,2,771,269,,,,,,
0,3,30,0,,,,,,,,
10,3,31,1,919,,,,,,,
0,3,31,0,,,,,,,,
0,3,31,0,,,,,,,,
0,3,32,0,,,,,,,,
37,3,32,2,884,,162,,,,,
0,3,32,0,,,,,,,,
25,4,1,1,,126,,,136,,,
0,4,1,0,,,,,,,,
0,4,1,0,,,,,,,,
0,4,2,0,,,,,,,,
0,4,2,0,,,,,,,,
30,4,2,2,,,357,,,,,
15,4,3,1,1795,,,,,,,
0,4,3,0,,,,,,,,
0,4,3,0,,,,,,,,
0,4,4,0,,,,,,,,
0,4,4,0,,,,,,,,
20,4,4,2,,,,,,,,
5,4,5,1,,,,,503,,,
0,4,5,0,,,,,,,,
0,4,5,0,,,,,,,,
0,4,6,0,,,,,,,,
0,4,6,0,,,,,,,,
39,4,6,2,678,,,,,,,
12,4,7,1,370,86,,,,,,
0,4,7,0,,,,,,,,
0,4,7,0,,,,,,,,
0,4,8,0,,,,,,,,
0,4,8,0,,,,,,,,
27,4,8,2,,,,,397,,,
41,4,9,1,,,,,,,,
0,4,9,0,,,,,,,,
0,4,9,0,,,,,,,,
0,4,10,0,,,,,,,,
0,4,10,0,,,,,,,,
1,4,10,2,344,,,225,,,,
7,4,11,1,,,,,,,,
0,4,11,0,,,,,,,,
0,4,11,0,,,,,,,,
0,4,12,0,,,,,,,,
44,4,12,2,,,,,,,,
0,4,12,0,,,,,,,,
23,4,13,1,,,,,,,,
0,4,13,0,,,,,,,,
0,4,13,0,,,,,,,,
0,4,14,0,,,,,,,,
33,4,14,2,,,252,,,,,
0,4,14,0,,,,,,,,
17,4,15,1,,,,,,,,
0,4,15,0,,,,,,,,
0,4,15,0,,,,,,,,
0,4,16,0,,,,,,,,
8,4,16,2,,,,,,,,
0,4,16,0,,,,,,,,
34,4,17,1,,,,,,,,
0,4,17,0,,,,,,,,
0,4,17,0,,,,,,,,
0,4,18,0,,,,,,,,
22,4,18,2,,,,,,,,
0,4,18,0,,,,,,,,
38,4,19,1,,,,,,,,
0,4,19,0,,,,,,,,
0,4,19,0,,,,,,,,
0,4,20,0,,,,,,,,
18,4,20,2,,,,,,,,
0,4,20,0,,,,,,,,
29,4,21,1,,,,,,,,
0,4,21,0,,,,,,,,
0,4,21,0,,,,,,,,
0,4,22,0,,,,,,,,
35,4,22,2,310,,,,,,,
0,4,22,0,,,,,,,,
19,4,23,1,,,,,,,,
0,4,23,0,,,,,,,,
0,4,23,0,,,,,,,,
0,4,24,0,,,,,,,,
37,4,24,2,,,,,,,,
0,4,24,0,,,,,,,,
43,4,25,1,,,,,,,,
0,4,25,0,,,,,,,,
0,4,25,0,,,,,,,,
0,4,26,0,,,,,,,,
9,4,26,2,,,,,,,,
0,4,26,0,,,,,,,,
24,4,27,1,,,,441,,,,
0,4,27,0,,,,,,,,
0,4,27,0,,,,,,,,
0,4,28,0,,,,,,,,
36,4,28,2,,,,,,,,
0,4,28,0,,,,,,,,
10,4,29,1,,,,,,,,
0,4,29,0,,,,,,,,
0,4,29,0,,,,,,,,
0,4,30,0,,,,,,,,
4,4,30,2,526,129,431,,,,,
0,4,30,0,,,,,,,,
3,4,31,1,,,,,,,,
0,4,31,0,,,,,,,,
0,4,31,0,,,,,,,,
0,4,32,0,,,,,,,,
32,4,32,2,480,,,,174,,,
0,4,32,0,,,,,,,,
33,5,1,1,1089,202,,,,,,
0,5,1,0,,,,,,,,
0,5,1,0,,,,,,,,
0,5,2,0,,,,,,,,
0,5,2,0,,,,,,,,
8,5,2,2,1559,707,1736,,,,,
39,5,3,1,,238,650,1759,,,,
0,5,3,0,,,,,,,,
0,5,3,0,,,,,,,,
0,5,4,0,,,,,,,,
0,5,4,0,,,,,,,,
2,5,4,2,287,,,,,,,
11,5,5,1,,1035,,,1219,,,
0,5,5,0,,,,,,,,
0,5,5,0,,,,,,,,
0,5,6,0,,,,,,,,
0,5,6,0,,,,,,,,
41,5,6,2,,,453,,,,,
36,5,7,1,,,,,,,,
0,5,7,0,,,,,,,,
0,5,7,0,,,,,,,,
0,5,8,0,,,,,,,,
0,5,8,0,,,,,,,,
24,5,8,2,293,,,,,,,
27,5,9,1,924,198,,,,,,
0,5,9,0,,,,,,,,
0,5,9,0,,,,,,,,
0,5,10,0,,,,,,,,
0,5,10,0,,,,,,,,
29,5,10,2,169,388,840,,,,,
7,5,11,1,765,906,304,279,,,,
0,5,11,0,,,,,,,,
0,5,11,0,,,,,,,,
0,5,12,0,,,,,,,,
32,5,12,2,433,,,,,,,
0,5,12,0,,,,,,,,
16,5,13,1,468,623,,,392,,,
0,5,13,0,,,,,,,,
0,5,13,0,,,,,,,,
0,5,14,0,,,,,,,,
26,5,14,2,1117,958,,149,747,,,
0,5,14,0,,,,,,,,
18,5,15,1,,262,215,,,,,
0,5,15,0,,,,,,,,
0,5,15,0,,,,,,,,
0,5,16,0,,,,,,,,
13,5,16,2,633,1097,,124,,,,
0,5,16,0,,,,,,,,
43,5,17,1,,365,,,,,,
0,5,17,0,,,,,,,,
0,5,17,0,,,,,,,,
0,5,18,0,,,,,,,,
21,5,18,2,,,,,157,,,
0,5,18,0,,,,,,,,
5,5,19,1,1140,566,472,,,,,
0,5,19,0,,,,,,,,
0,5,19,0,,,,,,,,
0,5,20,0,,,,,,,,
31,5,20,2,,,,,,,,
0,5,20,0,,,,,,,,
19,5,21,1,,,,,,,,
0,5,21,0,,,,,,,,
0,5,21,0,,,,,,,,
0,5,22,0,,,,,,,,
23,5,22,2,,,,,,,,
0,5,22,0,,,,,,,,
17,5,23,1,,,693,112,,,,
0,5,23,0,,,,,,,,
0,5,23,0,,,,,,,,
0,5,24,0,,,,,,,,
22,5,24,2,,,,,,,,
0,5,24,0,,,,,,,,
1,5,25,1,,168,541,,464,,,
0,5,25,0,,,,,,,,
0,5,25,0,,,,,,,,
0,5,26,0,,,,,,,,
38,5,26,2,370,,,,,,,
0,5,26,0,,,,,,,,
10,5,27,1,342,631,,,,,,
0,5,27,0,,,,,,,,
0,5,27,0,,,,,,,,
0,5,28,0,,,,,,,,
4,5,28,2,412,2104,1930,918,,,,
0,5,28,0,,,,,,,,
6,5,29,1,3315,791,1028,389,,,,
0,5,29,0,,,,,,,,
0,5,29,0,,,,,,,,
0,5,30,0,,,,,,,,
14,5,30,2,,,,,,,,
0,5,30,0,,,,,,,,
35,5,31,1,,,,,,,,
0,5,31,0,,,,,,,,
0,5,31,0,,,,,,,,
0,5,32,0,,,,,,,,
20,5,32,2,,,,,,,,
0,5,32,0,,,,,,,,
36,6,1,1,,,,,,,,
0,6,1,0,,,,,,,,
0,6,1,0,,,,,,,,
0,6,2,0,,,,,,,,
0,6,2,0,,,,,,,,
18,6,2,2,,,,,,,,
32,6,3,1,,,,,,,,
0,6,3,0,,,,,,,,
0,6,3,0,,,,,,,,
0,6,4,0,,,,,,,,
0,6,4,0,,,,,,,,
8,6,4,2,,,,,,,,
5,6,5,1,,,,,,,,
0,6,5,0,,,,,,,,
0,6,5,0,,,,,,,,
0,6,6,0,,,,,,,,
0,6,6,0,,,,,,,,
30,6,6,2,,,,,,,,
25,6,7,1,,,,,,,,
0,6,7,0,,,,,,,,
0,6,7,0,,,,,,,,
0,6,8,0,,,,,,,,
0,6,8,0,,,,,,,,
15,6,8,2,239,,,,,,,
41,6,9,1,,,,,,,,
0,6,9,0,,,,,,,,
0,6,9,0,,,,,,,,
0,6,10,0,,,,,,,,
0,6,10,0,,,,,,,,
10,6,10,2,,,,,,,,
3,6,11,1,277,,,,,,,
0,6,11,0,,,,,,,,
0,6,11,0,,,,,,,,
0,6,12,0,,,,,,,,
29,6,12,2,,,,,,,,
0,6,12,0,,,,,,,,
34,6,13,1,245,,,,,,,
0,6,13,0,,,,,,,,
0,6,13,0,,,,,,,,
0,6,14,0,,,,,,,,
7,6,14,2,,,,,,,,
0,6,14,0,,,,,,,,
22,6,15,1,,,,,,,,
0,6,15,0,,,,,,,,
0,6,15,0,,,,,,,,
0,6,16,0,,,,,,,,
24,6,16,2,,,,,,,,
0,6,16,0,,,,,,,,
13,6,17,1,,,,,,,,
0,6,17,0,,,,,,,,
0,6,17,0,,,,,,,,
0,6,18,0,,,,,,,,
38,6,18,2,,,,,,,,
0,6,18,0,,,,,,,,
23,6,19,1,,,,,,,,
0,6,19,0,,,,,,,,
0,6,19,0,,,,,,,,
0,6,20,0,,,,,,,,
12,6,20,2,,,,,,,,
0,6,20,0,,,,,,,,
40,6,21,1,,,,,,,,
0,6,21,0,,,,,,,,
0,6,21,0,,,,,,,,
0,6,22,0,,,,,,,,
2,6,22,2,85,,,,,,,
0,6,22,0,,,,,,,,
4,6,23,1,,,,,,,,
0,6,23,0,,,,,,,,
0,6,23,0,,,,,,,,
0,6,24,0,,,,,,,,
39,6,24,2,,,,,,,,
0,6,24,0,,,,,,,,
20,6,25,1,,,,,,,,
0,6,25,0,,,,,,,,
0,6,25,0,,,,,,,,
0,6,26,0,,,,,,,,
14,6,26,2,,,,,,,,
0,6,26,0,,,,,,,,
1,6,27,1,,,,,,,,
0,6,27,0,,,,,,,,
0,6,27,0,,,,,,,,
0,6,28,0,,,,,,,,
27,6,28,2,,,,,,,,
0,6,28,0,,,,,,,,
17,6,29,1,,,,,,,,
0,6,29,0,,,,,,,,
0,6,29,0,,,,,,,,
0,6,30,0,,,,,,,,
21,6,30,2,,,,,,,,
0,6,30,0,,,,,,,,
35,6,31,1,,,,,,,,
0,6,31,0,,,,,,,,
0,6,31,0,,,,,,,,
0,6,32,0,,,,,,,,
28,6,32,2,,,,,,,,
0,6,32,0,,,,,,,,
7,7,1,1,3138,170,,,,,,
0,7,1,0,,,,,,,,
0,7,1,0,,,,,,,,
0,7,2,0,,,,,,,,
0,7,2,0,,,,,,,,
30,7,2,2,,,,,,,,
36,7,3,1,430,,,,,,,
0,7,3,0,,,,,,,,
0,7,3,0,,,,,,,,
0,7,4,0,,,,,,,,
0,7,4,0,,,,,,,,
21,7,4,2,,,,,248,,,
39,7,5,1,,,,,,,,
0,7,5,0,,,,,,,,
0,7,5,0,,,,,,,,
0,7,6,0,,,,,,,,
0,7,6,0,,,,,,,,
23,7,6,2,1114,167,,,,,,
43,7,7,1,,,,,,,,
0,7,7,0,,,,,,,,
0,7,7,0,,,,,,,,
0,7,8,0,,,,,,,,
0,7,8,0,,,,,,,,
18,7,8,2,474,,,555,551,,,
11,7,9,1,,883,,774,648,,,
0,7,9,0,,,,,,,,
0,7,9,0,,,,,,,,
0,7,10,0,,,,,,,,
0,7,10,0,,,,,,,,
13,7,10,2,261,193,,,,,,
28,7,11,1,,213,,,,,,
0,7,11,0,,,,,,,,
0,7,11,0,,,,,,,,
0,7,12,0,,,,,,,,
3,7,12,2,961,744,997,590,273,,,
0,7,12,0,,,,,,,,
45,7,13,1,,,,,,,,
0,7,13,0,,,,,,,,
0,7,13,0,,,,,,,,
0,7,14,0,,,,,,,,
2,7,14,2,1519,3161,,1019,344,,,
0,7,14,0,,,,,,,,
5,7,15,1,504,,,,,,,
0,7,15,0,,,,,,,,
0,7,15,0,,,,,,,,
0,7,16,0,,,,,,,,
20,7,16,2,,,479,392,,,,
0,7,16,0,,,,,,,,
16,7,17,1,,961,1243,,,,,
0,7,17,0,,,,,,,,
0,7,17,0,,,,,,,,
0,7,18,0,,,,,,,,
46,7,18,2,,849,,,,,,
0,7,18,0,,,,,,,,
34,7,19,1,,,,481,,,,
0,7,19,0,,,,,,,,
0,7,19,0,,,,,,,,
0,7,20,0,,,,,,,,
25,7,20,2,1004,3944,2120,3122,,,,
0,7,20,0,,,,,,,,
38,7,21,1,,672,668,460,1058,,,
0,7,21,0,,,,,,,,
0,7,21,0,,,,,,,,
0,7,22,0,,,,,,,,
35,7,22,2,,,,,,,,
0,7,22,0,,,,,,,,
26,7,23,1,,,3757,351,,,,
0,7,23,0,,,,,,,,
0,7,23,0,,,,,,,,
0,7,24,0,,,,,,,,
10,7,24,2,,343,,,,,,
0,7,24,0,,,,,,,,
41,7,25,1,275,,,,,,,
0,7,25,0,,,,,,,,
0,7,25,0,,,,,,,,
0,7,26,0,,,,,,,,
32,7,26,2,,,,,,,,
0,7,26,0,,,,,,,,
33,7,27,1,,,,,265,,,
0,7,27,0,,,,,,,,
0,7,27,0,,,,,,,,
0,7,28,0,,,,,,,,
9,7,28,2,263,1104,,,182,,,
0,7,28,0,,,,,,,,
4,7,29,1,,,,,,,,
0,7,29,0,,,,,,,,
0,7,29,0,,,,,,,,
0,7,30,0,,,,,,,,
6,7,30,2,,259,843,1073,1163,,,
0,7,30,0,,,,,,,,
29,7,31,1,,,,,,,,
0,7,31,0,,,,,,,,
0,7,31,0,,,,,,,,
0,7,32,0,,,,,,,,
42,7,32,2,,3183,,136,,,,
0,7,32,0,,,,,,,,
4,8,1,1,,,,,,,,
0,8,1,0,,,,,,,,
0,8,1,0,,,,,,,,
0,8,2,0,,,,,,,,
0,8,2,0,,,,,,,,
20,8,2,2,178,,,,,,,
34,8,3,1,,237,655,474,,,,
0,8,3,0,,,,,,,,
0,8,3,0,,,,,,,,
0,8,4,0,,,,,,,,
0,8,4,0,,,,,,,,
7,8,4,2,,,,,,,,
25,8,5,1,,,,,,,,
0,8,5,0,,,,,,,,
0,8,5,0,,,,,,,,
0,8,6,0,,,,,,,,
0,8,6,0,,,,,,,,
27,8,6,2,496,,,,,,,
22,8,7,1,,,,,505,,,
0,8,7,0,,,,,,,,
0,8,7,0,,,,,,,,
0,8,8,0,,,,,,,,
0,8,8,0,,,,,,,,
38,8,8,2,,,249,,,,,
10,8,9,1,1651,,,,,,,
0,8,9,0,,,,,,,,
0,8,9,0,,,,,,,,
0,8,10,0,,,,,,,,
0,8,10,0,,,,,,,,
2,8,10,2,,,,,,,,
9,8,11,1,,209,,,,,,
0,8,11,0,,,,,,,,
0,8,11,0,,,,,,,,
0,8,12,0,,,,,,,,
32,8,12,2,,,,,142,,,
0,8,12,0,,,,,,,,
17,8,13,1,1266,825,1223,1587,612,,,
0,8,13,0,,,,,,,,
0,8,13,0,,,,,,,,
0,8,14,0,,,,,,,,
12,8,14,2,351,,,,,,,
0,8,14,0,,,,,,,,
42,8,15,1,,,,,,,,
0,8,15,0,,,,,,,,
0,8,15,0,,,,,,,,
0,8,16,0,,,,,,,,
19,8,16,2,,,,,,,,
0,8,16,0,,,,,,,,
36,8,17,1,2465,,,,,,,
0,8,17,0,,,,,,,,
0,8,17,0,,,,,,,,
0,8,18,0,,,,,,,,
30,8,18,2,,,,,551,,,
0,8,18,0,,,,,,,,
14,8,19,1,,,,345,,,,
0,8,19,0,,,,,,,,
0,8,19,0,,,,,,,,
0,8,20,0,,,,,,,,
24,8,20,2,715,,,,,,,
0,8,20,0,,,,,,,,
31,8,21,1,,,357,755,152,,,
0,8,21,0,,,,,,,,
0,8,21,0,,,,,,,,
0,8,22,0,,,,,,,,
43,8,22,2,,550,,,,,,
0,8,22,0,,,,,,,,
41,8,23,1,,,,,,,,
0,8,23,0,,,,,,,,
0,8,23,0,,,,,,,,
0,8,24,0,,,,,,,,
13,8,24,2,1010,1651,1153,1113,1083,,,
0,8,24,0,,,,,,,,
15,8,25,1,961,1429,1325,1754,1108,,,
0,8,25,0,,,,,,,,
0,8,25,0,,,,,,,,
0,8,26,0,,,,,,,,
29,8,26,2,,710,705,1068,1337,,,
0,8,26,0,,,,,,,,
33,8,27,1,,136,,,,,,
0,8,27,0,,,,,,,,
0,8,27,0,,,,,,,,
0,8,28,0,,,,,,,,
18,8,28,2,1543,1211,1143,655,,,,
0,8,28,0,,,,,,,,
6,8,29,1,,627,,,,,,
0,8,29,0,,,,,,,,
0,8,29,0,,,,,,,,
0,8,30,0,,,,,,,,
40,8,30,2,,,,,,,,
0,8,30,0,,,,,,,,
1,8,31,1,,,,,,,,
0,8,31,0,,,,,,,,
0,8,31,0,,,,,,,,
0,8,32,0,,,,,,,,
16,8,32,2,,,191,,201,,,
0,8,32,0,,,,,,,,
27,9,1,1,,,,,831,,,
0,9,1,0,,,,,,,,
0,9,1,0,,,,,,,,
0,9,2,0,,,,,,,,
0,9,2,0,,,,,,,,
6,9,2,2,2800,,,,,,,
39,9,3,1,,,,,,,,
0,9,3,0,,,,,,,,
0,9,3,0,,,,,,,,
0,9,4,0,,,,,,,,
0,9,4,0,,,,,,,,
12,9,4,2,,,,,,,,
33,9,5,1,643,,,875,,,,
0,9,5,0,,,,,,,,
0,9,5,0,,,,,,,,
0,9,6,0,,,,,,,,
0,9,6,0,,,,,,,,
30,9,6,2,,,,,,,,
21,9,7,1,533,,,809,224,,,
0,9,7,0,,,,,,,,
0,9,7,0,,,,,,,,
0,9,8,0,,,,,,,,
0,9,8,0,,,,,,,,
19,9,8,2,,,754,,446,,,
1,9,9,1,1298,,1043,,,,,
0,9,9,0,,,,,,,,
0,9,9,0,,,,,,,,
0,9,10,0,,,,,,,,
0,9,10,0,,,,,,,,
24,9,10,2,,,,,,,,
5,9,11,1,645,5363,178,,,,,
0,9,11,0,,,,,,,,
0,9,11,0,,,,,,,,
0,9,12,0,,,,,,,,
10,9,12,2,1286,1903,,,,,,
0,9,12,0,,,,,,,,
15,9,13,1,379,,173,,,,,
0,9,13,0,,,,,,,,
0,9,13,0,,,,,,,,
0,9,14,0,,,,,,,,
26,9,14,2,,,,,,,,
0,9,14,0,,,,,,,,
42,9,15,1,,,,,,,,
0,9,15,0,,,,,,,,
0,9,15,0,,,,,,,,
0,9,16,0,,,,,,,,
41,9,16,2,,826,,,777,,,
0,9,16,0,,,,,,,,
14,9,17,1,1679,305,,,,,,
0,9,17,0,,,,,,,,
0,9,17,0,,,,,,,,
0,9,18,0,,,,,,,,
37,9,18,2,246,,,,,,,
0,9,18,0,,,,,,,,
4,9,19,1,,141,,456,,,,
0,9,19,0,,,,,,,,
0,9,19,0,,,,,,,,
0,9,20,0,,,,,,,,
38,9,20,2,,,,,87,,,
0,9,20,0,,,,,,,,
3,9,21,1,,721,,,,,,
0,9,21,0,,,,,,,,
0,9,21,0,,,,,,,,
0,9,22,0,,,,,,,,
9,9,22,2,,997,,,,,,
0,9,22,0,,,,,,,,
32,9,23,1,1163,,1619,611,,,,
0,9,23,0,,,,,,,,
0,9,23,0,,,,,,,,
0,9,24,0,,,,,,,,
36,9,24,2,355,208,,,,,,
0,9,24,0,,,,,,,,
8,9,25,1,,86,,,178,,,
0,9,25,0,,,,,,,,
0,9,25,0,,,,,,,,
0,9,26,0,,,,,,,,
17,9,26,2,336,,1294,,,,,
0,9,26,0,,,,,,,,
23,9,27,1,632,1063,615,376,,,,
0,9,27,0,,,,,,,,
0,9,27,0,,,,,,,,
0,9,28,0,,,,,,,,
11,9,28,2,1314,148,,134,,,,
0,9,28,0,,,,,,,,
29,9,29,1,,,,,,,,
0,9,29,0,,,,,,,,
0,9,29,0,,,,,,,,
0,9,30,0,,,,,,,,
16,9,30,2,1452,895,440,,,,,
0,9,30,0,,,,,,,,
18,9,31,1,2803,2190,5891,,,,,
0,9,31,0,,,,,,,,
0,9,31,0,,,,,,,,
0,9,32,0,,,,,,,,
35,9,32,2,1443,1555,1937,929,597,,,
0,9,32,0,,,,,,,,
7,10,1,1,544,1124,,939,362,,,
0,10,1,0,,,,,,,,
0,10,1,0,,,,,,,,
0,10,2,0,,,,,,,,
0,10,2,0,,,,,,,,
11,10,2,2,637,665,,,,,,
25,10,3,1,,,,,,,,
0,10,3,0,,,,,,,,
0,10,3,0,,,,,,,,
0,10,4,0,,,,,,,,
0,10,4,0,,,,,,,,
30,10,4,2,,,,,,,,
38,10,5,1,,,,,,,,
0,10,5,0,,,,,,,,
0,10,5,0,,,,,,,,
0,10,6,0,,,,,,,,
0,10,6,0,,,,,,,,
22,10,6,2,,,,,,,,
32,10,7,1,631,,,,,,,
0,10,7,0,,,,,,,,
0,10,7,0,,,,,,,,
0,10,8,0,,,,,,,,
0,10,8,0,,,,,,,,
14,10,8,2,,,323,,147,,,
27,10,9,1,,,,,,,,
0,10,9,0,,,,,,,,
0,10,9,0,,,,,,,,
0,10,10,0,,,,,,,,
0,10,10,0,,,,,,,,
4,10,10,2,444,251,,,,,,
42,10,11,1,,,304,159,,,,
0,10,11,0,,,,,,,,
0,10,11,0,,,,,,,,
0,10,12,0,,,,,,,,
35,10,12,2,875,665,1250,1245,272,,,
0,10,12,0,,,,,,,,
24,10,13,1,,,,,785,,,
0,10,13,0,,,,,,,,
0,10,13,0,,,,,,,,
0,10,14,0,,,,,,,,
36,10,14,2,436,,,,136,,,
0,10,14,0,,,,,,,,
34,10,15,1,525,,,,,,,
0,10,15,0,,,,,,,,
0,10,15,0,,,,,,,,
0,10,16,0,,,,,,,,
16,10,16,2,228,,,,,,,
0,10,16,0,,,,,,,,
20,10,17,1,,,,,,,,
0,10,17,0,,,,,,,,
0,10,17,0,,,,,,,,
0,10,18,0,,,,,,,,
6,10,18,2,,,,,,,,
0,10,18,0,,,,,,,,
10,10,19,1,,155,1341,,,,,
0,10,19,0,,,,,,,,
0,10,19,0,,,,,,,,
0,10,20,0,,,,,,,,
19,10,20,2,948,,,,,,,
0,10,20,0,,,,,,,,
1,10,21,1,600,173,,,,,,
0,10,21,0,,,,,,,,
0,10,21,0,,,,,,,,
0,10,22,0,,,,,,,,
9,10,22,2,363,709,,,,,,
0,10,22,0,,,,,,,,
13,10,23,1,708,,,,,,,
0,10,23,0,,,,,,,,
0,10,23,0,,,,,,,,
0,10,24,0,,,,,,,,
18,10,24,2,,,,,,,,
0,10,24,0,,,,,,,,
40,10,25,1,622,425,741,345,,,,
0,10,25,0,,,,,,,,
0,10,25,0,,,,,,,,
0,10,26,0,,,,,,,,
41,10,26,2,771,691,179,,,,,
0,10,26,0,,,,,,,,
29,10,27,1,,,,,,,,
0,10,27,0,,,,,,,,
0,10,27,0,,,,,,,,
0,10,28,0,,,,,,,,
2,10,28,2,1042,173,559,189,137,,,
0,10,28,0,,,,,,,,
37,10,29,1,946,288,,,,,,
0,10,29,0,,,,,,,,
0,10,29,0,,,,,,,,
0,10,30,0,,,,,,,,
21,10,30,2,397,,,,,,,
0,10,30,0,,,,,,,,
3,10,31,1,201,776,,122,,,,
0,10,31,0,,,,,,,,
0,10,31,0,,,,,,,,
0,10,32,0,,,,,,,,
43,10,32,2,975,483,480,245,,,,
0,10,32,0,,,,,,,,
7,11,1,1,953,,,,,,,
0,11,1,0,,,,,,,,
0,11,1,0,,,,,,,,
0,11,2,0,,,,,,,,
0,11,2,0,,,,,,,,
41,11,2,2,1031,180,456,,,,,
32,11,3,1,715,,,,,,,
0,11,3,0,,,,,,,,
0,11,3,0,,,,,,,,
0,11,4,0,,,,,,,,
0,11,4,0,,,,,,,,
30,11,4,2,,,,,,,,
12,11,5,1,872,,,,,,,
0,11,5,0,,,,,,,,
0,11,5,0,,,,,,,,
0,11,6,0,,,,,,,,
0,11,6,0,,,,,,,,
14,11,6,2,,,,,,,,
24,11,7,1,538,,,,,,,
0,11,7,0,,,,,,,,
0,11,7,0,,,,,,,,
0,11,8,0,,,,,,,,
0,11,8,0,,,,,,,,
17,11,8,2,792,,,,207,,,
5,11,9,1,,,,,,,,
0,11,9,0,,,,,,,,
0,11,9,0,,,,,,,,
0,11,10,0,,,,,,,,
0,11,10,0,,,,,,,,
26,11,10,2,259,,,,,,,
21,11,11,1,,,,,,,,
0,11,11,0,,,,,,,,
0,11,11,0,,,,,,,,
0,11,12,0,,,,,,,,
38,11,12,2,486,,,,,,,
0,11,12,0,,,,,,,,
1,11,13,1,506,,,,,,,
0,11,13,0,,,,,,,,
0,11,13,0,,,,,,,,
0,11,14,0,,,,,,,,
2,11,14,2,,,,,,,,
0,11,14,0,,,,,,,,
43,11,15,1,,,,,,,,
0,11,15,0,,,,,,,,
0,11,15,0,,,,,,,,
0,11,16,0,,,,,,,,
29,11,16,2,,,,,,,,
0,11,16,0,,,,,,,,
16,11,17,1,412,738,361,,,,,
0,11,17,0,,,,,,,,
0,11,17,0,,,,,,,,
0,11,18,0,,,,,,,,
22,11,18,2,601,,1463,,,,,
0,11,18,0,,,,,,,,
35,11,19,1,1196,156,,661,,,,
0,11,19,0,,,,,,,,
0,11,19,0,,,,,,,,
0,11,20,0,,,,,,,,
37,11,20,2,,,,,,,,
0,11,20,0,,,,,,,,
39,11,21,1,,,,,,,,
0,11,21,0,,,,,,,,
0,11,21,0,,,,,,,,
0,11,22,0,,,,,,,,
36,11,22,2,558,,,,,,,
0,11,22,0,,,,,,,,
11,11,23,1,,,,,,,,
0,11,23,0,,,,,,,,
0,11,23,0,,,,,,,,
0,11,24,0,,,,,,,,
34,11,24,2,646,,,,,,,
0,11,24,0,,,,,,,,
10,11,25,1,,,,,,,,
0,11,25,0,,,,,,,,
0,11,25,0,,,,,,,,
0,11,26,0,,,,,,,,
40,11,26,2,,,,,,,,
0,11,26,0,,,,,,,,
23,11,27,1,,,,114,,,,
0,11,27,0,,,,,,,,
0,11,27,0,,,,,,,,
0,11,28,0,,,,,,,,
3,11,28,2,,,,,,,,
0,11,28,0,,,,,,,,
20,11,29,1,,,,,,,,
0,11,29,0,,,,,,,,
0,11,29,0,,,,,,,,
0,11,30,0,,,,,,,,
9,11,30,2,109,,,,,,,
0,11,30,0,,,,,,,,
19,11,31,1,,,,,,,,
0,11,31,0,,,,,,,,
0,11,31,0,,,,,,,,
0,11,32,0,,,,,,,,
4,11,32,2,,,,,,,,
0,11,32,0,,,,,,,,
21,12,1,1,672,1150,,,,,,
0,12,1,0,,,,,,,,
0,12,1,0,,,,,,,,
0,12,2,0,,,,,,,,
0,12,2,0,,,,,,,,
32,12,2,2,1603,,665,555,900,,,
42,12,3,1,2747,3988,,,,,,
0,12,3,0,,,,,,,,
0,12,3,0,,,,,,,,
0,12,4,0,,,,,,,,
0,12,4,0,,,,,,,,
12,12,4,2,1617,,,,,,,
35,12,5,1,,,940,,788,,,
0,12,5,0,,,,,,,,
0,12,5,0,,,,,,,,
0,12,6,0,,,,,,,,
0,12,6,0,,,,,,,,
29,12,6,2,770,743,,1118,1550,,,
10,12,7,1,784,,,,715,,,
0,12,7,0,,,,,,,,
0,12,7,0,,,,,,,,
0,12,8,0,,,,,,,,
0,12,8,0,,,,,,,,
5,12,8,2,,,,,,,,
24,12,9,1,,,,,,,,
0,12,9,0,,,,,,,,
0,12,9,0,,,,,,,,
0,12,10,0,,,,,,,,
0,12,10,0,,,,,,,,
18,12,10,2,,,,357,,,,
8,12,11,1,672,,,,,,,
0,12,11,0,,,,,,,,
0,12,11,0,,,,,,,,
0,12,12,0,,,,,,,,
41,12,12,2,340,,,,,,,
0,12,12,0,,,,,,,,
15,12,13,1,210,,,,,,,
0,12,13,0,,,,,,,,
0,12,13,0,,,,,,,,
0,12,14,0,,,,,,,,
9,12,14,2,231,,,,,,,
0,12,14,0,,,,,,,,
23,12,15,1,,819,1277,1308,1722,,,
0,12,15,0,,,,,,,,
0,12,15,0,,,,,,,,
0,12,16,0,,,,,,,,
16,12,16,2,716,1214,1409,853,798,,,
0,12,16,0,,,,,,,,
17,12,17,1,301,905,523,,,,,
0,12,17,0,,,,,,,,
0,12,17,0,,,,,,,,
0,12,18,0,,,,,,,,
38,12,18,2,,,,,,,,
0,12,18,0,,,,,,,,
20,12,19,1,174,,,84,314,,,
0,12,19,0,,,,,,,,
0,12,19,0,,,,,,,,
0,12,20,0,,,,,,,,
2,12,20,2,1474,2625,1910,1209,972,,,
0,12,20,0,,,,,,,,
31,12,21,1,620,,,,,,,
0,12,21,0,,,,,,,,
0,12,21,0,,,,,,,,
0,12,22,0,,,,,,,,
37,12,22,2,1089,1253,1027,200,158,,,
0,12,22,0,,,,,,,,
1,12,23,1,255,569,,89,,,,
0,12,23,0,,,,,,,,
0,12,23,0,,,,,,,,
0,12,24,0,,,,,,,,
28,12,24,2,1632,411,,,,,,
0,12,24,0,,,,,,,,
4,12,25,1,2918,195,,2646,452,,,
0,12,25,0,,,,,,,,
0,12,25,0,,,,,,,,
0,12,26,0,,,,,,,,
34,12,26,2,1367,614,476,850,594,,,
0,12,26,0,,,,,,,,
7,12,27,1,4685,4253,,,,,,
0,12,27,0,,,,,,,,
0,12,27,0,,,,,,,,
0,12,28,0,,,,,,,,
40,12,28,2,1630,1200,403,,,,,
0,12,28,0,,,,,,,,
39,12,29,1,511,2880,1332,1971,1160,,,
0,12,29,0,,,,,,,,
0,12,29,0,,,,,,,,
0,12,30,0,,,,,,,,
3,12,30,2,,,2246,,,,,
0,12,30,0,,,,,,,,
14,12,31,1,,811,2545,1466,,,,
0,12,31,0,,,,,,,,
0,12,31,0,,,,,,,,
0,12,32,0,,,,,,,,
26,12,32,2,392,,,,138,,,
0,12,32,0,,,,,,,,
18,13,1,1,,1919,,,,,,
0,13,1,0,,,,,,,,
0,13,1,0,,,,,,,,
0,13,2,0,,,,,,,,
0,13,2,0,,,,,,,,
33,13,2,2,,,836,112,,,,
16,13,3,1,184,,,,,,,
0,13,3,0,,,,,,,,
0,13,3,0,,,,,,,,
0,13,4,0,,,,,,,,
0,13,4,0,,,,,,,,
7,13,4,2,,,,,,,,
14,13,5,1,,,,,,,,
0,13,5,0,,,,,,,,
0,13,5,0,,,,,,,,
0,13,6,0,,,,,,,,
0,13,6,0,,,,,,,,
5,13,6,2,,,,,,,,
41,13,7,1,,,,,,,,
0,13,7,0,,,,,,,,
0,13,7,0,,,,,,,,
0,13,8,0,,,,,,,,
0,13,8,0,,,,,,,,
26,13,8,2,,,134,,,,,
11,13,9,1,,136,,,,,,
0,13,9,0,,,,,,,,
0,13,9,0,,,,,,,,
0,13,10,0,,,,,,,,
0,13,10,0,,,,,,,,
1,13,10,2,367,,503,,,,,
10,13,11,1,2647,256,502,,,,,
0,13,11,0,,,,,,,,
0,13,11,0,,,,,,,,
0,13,12,0,,,,,,,,
21,13,12,2,299,90,,,,,,
0,13,12,0,,,,,,,,
22,13,13,1,,,,,,,,
0,13,13,0,,,,,,,,
0,13,13,0,,,,,,,,
0,13,14,0,,,,,,,,
9,13,14,2,,,,,,,,
0,13,14,0,,,,,,,,
13,13,15,1,737,,,,,,,
0,13,15,0,,,,,,,,
0,13,15,0,,,,,,,,
0,13,16,0,,,,,,,,
28,13,16,2,,,148,,,,,
0,13,16,0,,,,,,,,
24,13,17,1,143,111,411,,,,,
0,13,17,0,,,,,,,,
0,13,17,0,,,,,,,,
0,13,18,0,,,,,,,,
20,13,18,2,1455,1544,1536,1093,666,,,
0,13,18,0,,,,,,,,
37,13,19,1,,,,,,,,
0,13,19,0,,,,,,,,
0,13,19,0,,,,,,,,
0,13,20,0,,,,,,,,
3,13,20,2,,113,,,,,,
0,13,20,0,,,,,,,,
29,13,21,1,,,,,,,,
0,13,21,0,,,,,,,,
0,13,21,0,,,,,,,,
0,13,22,0,,,,,,,,
31,13,22,2,,,,,,,,
0,13,22,0,,,,,,,,
35,13,23,1,700,977,493,,,,,
0,13,23,0,,,,,,,,
0,13,23,0,,,,,,,,
0,13,24,0,,,,,,,,
23,13,24,2,126,,,,,,,
0,13,24,0,,,,,,,,
40,13,25,1,,,,,,,,
0,13,25,0,,,,,,,,
0,13,25,0,,,,,,,,
0,13,26,0,,,,,,,,
30,13,26,2,1066,,,,,,,
0,13,26,0,,,,,,,,
39,13,27,1,,,,,,,,
0,13,27,0,,,,,,,,
0,13,27,0,,,,,,,,
0,13,28,0,,,,,,,,
32,13,28,2,,,,,,,,
0,13,28,0,,,,,,,,
4,13,29,1,2666,,,,,,,
0,13,29,0,,,,,,,,
0,13,29,0,,,,,,,,
0,13,30,0,,,,,,,,
25,13,30,2,,,,,,,,
0,13,30,0,,,,,,,,
38,13,31,1,1255,2949,,,,,,
0,13,31,0,,,,,,,,
0,13,31,0,,,,,,,,
0,13,32,0,,,,,,,,
36,13,32,2,,,,,,,,
0,13,32,0,,,,,,,,
13,14,1,1,952,1325,,,,,,
0,14,1,0,,,,,,,,
0,14,1,0,,,,,,,,
0,14,2,0,,,,,,,,
0,14,2,0,,,,,,,,
27,14,2,2,,,,1144,347,,,
5,14,3,1,,,114,,,,,
0,14,3,0,,,,,,,,
0,14,3,0,,,,,,,,
0,14,4,0,,,,,,,,
0,14,4,0,,,,,,,,
23,14,4,2,,,,,,,,
15,14,5,1,,,,,,,,
0,14,5,0,,,,,,,,
0,14,5,0,,,,,,,,
0,14,6,0,,,,,,,,
0,14,6,0,,,,,,,,
37,14,6,2,,,,,,,,
33,14,7,1,,,,,,,,
0,14,7,0,,,,,,,,
0,14,7,0,,,,,,,,
0,14,8,0,,,,,,,,
0,14,8,0,,,,,,,,
41,14,8,2,,,,,,,,
10,14,9,1,,,,,,,,
0,14,9,0,,,,,,,,
0,14,9,0,,,,,,,,
0,14,10,0,,,,,,,,
0,14,10,0,,,,,,,,
19,14,10,2,,,,,,,,
30,14,11,1,822,,,381,,,,
0,14,11,0,,,,,,,,
0,14,11,0,,,,,,,,
0,14,12,0,,,,,,,,
32,14,12,2,696,,,,,,,
0,14,12,0,,,,,,,,
2,14,13,1,,,238,,,,,
0,14,13,0,,,,,,,,
0,14,13,0,,,,,,,,
0,14,14,0,,,,,,,,
8,14,14,2,,,,,,,,
0,14,14,0,,,,,,,,
36,14,15,1,1621,,,,,,,
0,14,15,0,,,,,,,,
0,14,15,0,,,,,,,,
0,14,16,0,,,,,,,,
17,14,16,2,,,,,,,,
0,14,16,0,,,,,,,,
25,14,17,1,,,,,,,,
0,14,17,0,,,,,,,,
0,14,17,0,,,,,,,,
0,14,18,0,,,,,,,,
40,14,18,2,,,,,,,,
0,14,18,0,,,,,,,,
1,14,19,1,,102,1166,124,,,,
0,14,19,0,,,,,,,,
0,14,19,0,,,,,,,,
0,14,20,0,,,,,,,,
31,14,20,2,,,,,,,,
0,14,20,0,,,,,,,,
3,14,21,1,,,,,,,,
0,14,21,0,,,,,,,,
0,14,21,0,,,,,,,,
0,14,22,0,,,,,,,,
29,14,22,2,,,,,,,,
0,14,22,0,,,,,,,,
21,14,23,1,3096,,,,,,,
0,14,23,0,,,,,,,,
0,14,23,0,,,,,,,,
0,14,24,0,,,,,,,,
9,14,24,2,,,,,,,,
0,14,24,0,,,,,,,,
7,14,25,1,,,,,,,,
0,14,25,0,,,,,,,,
0,14,25,0,,,,,,,,
0,14,26,0,,,,,,,,
4,14,26,2,,,340,,892,,,
0,14,26,0,,,,,,,,
39,14,27,1,3299,,,,468,,,
0,14,27,0,,,,,,,,
0,14,27,0,,,,,,,,
0,14,28,0,,,,,,,,
12,14,28,2,1846,1201,,,,,,
0,14,28,0,,,,,,,,
35,14,29,1,1301,,,,,,,
0,14,29,0,,,,,,,,
0,14,29,0,,,,,,,,
0,14,30,0,,,,,,,,
26,14,30,2,,472,,,,,,
0,14,30,0,,,,,,,,
18,14,31,1,843,,,,,,,
0,14,31,0,,,,,,,,
0,14,31,0,,,,,,,,
0,14,32,0,,,,,,,,
22,14,32,2,6787,2618,4068,,,,,
0,14,32,0,,,,,,,,
13,15,1,0,,,,,,,,
0,15,1,0,,,,,,,,
34,15,1,2,,,,,,,,
24,15,2,1,,,,,,,,
0,15,2,0,,,,,,,,
27,15,2,0,,,,,,,,
5,15,3,0,,,,,,,,
0,15,3,0,,,,,,,,
19,15,3,2,,,,,,,,
41,15,4,1,,,,,,,,
0,15,4,0,,,,,,,,
23,15,4,0,,,,,,,,
15,15,5,0,,,,,,,,
0,15,5,0,,,,,,,,
28,15,5,2,,,,,,,,
39,15,6,1,,,,,,,,
0,15,6,0,,,,,,,,
37,15,6,0,,,,,,,,
33,15,7,0,,,,,,,,
0,15,7,0,,,,,,,,
43,15,7,2,,,,384,161,,,
10,15,8,1,,,,,,,,
0,15,8,0,,,,,,,,
41,15,8,0,,,,,,,,
10,15,9,0,,,,,,,,
0,15,9,0,,,,,,,,
7,15,9,2,,,,,,,,
14,15,10,1,,,,,,,,
0,15,10,0,,,,,,,,
19,15,10,0,,,,,,,,
30,15,11,0,,,,,,,,
22,15,11,2,,,,,,,,
0,15,11,0,,,,,,,,
13,15,12,1,,,,,,,,
32,15,12,0,,,,,,,,
0,15,12,0,,,,,,,,
2,15,13,0,,,,,,,,
27,15,13,2,,,,,,,,
0,15,13,0,,,,,,,,
21,15,14,1,,,,,,,,
8,15,14,0,,,,,,,,
0,15,14,0,,,,,,,,
36,15,15,0,,,,,,,,
3,15,15,2,,,,,,,,
0,15,15,0,,,,,,,,
12,15,16,1,,,,,,,,
17,15,16,0,,,,,,,,
0,15,16,0,,,,,,,,
25,15,17,0,,,,,,,,
16,15,17,2,,,,,,,,
0,15,17,0,,,,,,,,
17,15,18,1,,,,,,,,
40,15,18,0,,,,,,,,
0,15,18,0,,,,,,,,
1,15,19,0,,,,,,,,
37,15,19,2,,,,,,,,
0,15,19,0,,,,,,,,
23,15,20,1,,,,,,,,
31,15,20,0,,,,,,,,
0,15,20,0,,,,,,,,
3,15,21,0,,,,,,,,
18,15,21,2,,,,,,,,
0,15,21,0,,,,,,,,
31,15,22,1,,,,,,,,
29,15,22,0,,,,,,,,
0,15,22,0,,,,,,,,
21,15,23,0,,,,,,,,
32,15,23,2,,,,,,,,
0,15,23,0,,,,,,,,
5,15,24,1,,,,,,,,
9,15,24,0,,,,,,,,
0,15,24,0,,,,,,,,
7,15,25,0,,,,,,,,
4,15,25,2,,239,,,,,,
0,15,25,0,,,,,,,,
26,15,26,1,,,,,,,,
4,15,26,0,,,,,,,,
0,15,26,0,,,,,,,,
39,15,27,0,,,,,,,,
36,15,27,2,,,,,,,,
0,15,27,0,,,,,,,,
6,15,28,1,,,,,,,,
12,15,28,0,,,,,,,,
0,15,28,0,,,,,,,,
35,15,29,0,,,,,,,,
2,15,29,2,,,,,,,,
0,15,29,0,,,,,,,,
38,15,30,1,,,,,,,,
26,15,30,0,,,,,,,,
0,15,30,0,,,,,,,,
18,15,31,0,,,,,,,,
1,15,31,2,,,402,,,,,
0,15,31,0,,,,,,,,
33,15,32,1,,,,,,,,
22,15,32,0,,,,,,,,
0,15,32,0,,,,,,,,
26,16,1,1,,,254,,,,,
0,16,1,0,,,,,,,,
34,16,1,0,,,,,,,,
24,16,2,0,,,,,,,,
0,16,2,0,,,,,,,,
39,16,2,2,,,,476,478,,,
33,16,3,1,135,,,,,,,
0,16,3,0,,,,,,,,
19,16,3,0,,,,,,,,
41,16,4,0,,,,,,,,
0,16,4,0,,,,,,,,
7,16,4,2,930,744,314,,,,,
5,16,5,1,1312,1467,246,,,,,
0,16,5,0,,,,,,,,
28,16,5,0,,,,,,,,
39,16,6,0,,,,,,,,
0,16,6,0,,,,,,,,
28,16,6,2,195,,,,,,,
31,16,7,1,272,,,,,,,
0,16,7,0,,,,,,,,
43,16,7,0,,,,,,,,
10,16,8,0,,,,,,,,
0,16,8,0,,,,,,,,
11,16,8,2,499,171,151,,,,,
24,16,9,1,,,,,,,,
0,16,9,0,,,,,,,,
7,16,9,0,,,,,,,,
14,16,10,0,,,,,,,,
0,16,10,0,,,,,,,,
19,16,10,2,,,,,174,,,
38,16,11,1,987,1170,,,,,,
22,16,11,0,,,,,,,,
0,16,11,0,,,,,,,,
13,16,12,0,,,,,,,,
41,16,12,2,,,,,,,,
0,16,12,0,,,,,,,,
9,16,13,1,462,,,,320,,,
27,16,13,0,,,,,,,,
0,16,13,0,,,,,,,,
21,16,14,0,,,,,,,,
21,16,14,2,408,,,,,,,
0,16,14,0,,,,,,,,
22,16,15,1,,341,,,,,,
3,16,15,0,,,,,,,,
0,16,15,0,,,,,,,,
12,16,16,0,,,,,,,,
2,16,16,2,713,,,605,,,,
0,16,16,0,,,,,,,,
4,16,17,1,735,133,,,,,,
16,16,17,0,,,,,,,,
0,16,17,0,,,,,,,,
17,16,18,0,,,,,,,,
23,16,18,2,194,,,,314,,,
0,16,18,0,,,,,,,,
18,16,19,1,,,,,,,,
37,16,19,0,,,,,,,,
0,16,19,0,,,,,,,,
23,16,20,0,,,,,,,,
42,16,20,2,891,,,,,,,
0,16,20,0,,,,,,,,
3,16,21,1,,1310,,,,,,
18,16,21,0,,,,,,,,
0,16,21,0,,,,,,,,
31,16,22,0,,,,,,,,
17,16,22,2,135,,,,,,,
0,16,22,0,,,,,,,,
35,16,23,1,539,268,,,,,,
32,16,23,0,,,,,,,,
0,16,23,0,,,,,,,,
5,16,24,0,,,,,,,,
16,16,24,2,1017,115,,,,,,
0,16,24,0,,,,,,,,
10,16,25,1,1008,,,,,,,
4,16,25,0,,,,,,,,
0,16,25,0,,,,,,,,
26,16,26,0,,,,,,,,
30,16,26,2,262,,,,,,,
0,16,26,0,,,,,,,,
37,16,27,1,,,,,,,,
36,16,27,0,,,,,,,,
0,16,27,0,,,,,,,,
6,16,28,0,,,,,,,,
1,16,28,2,,,526,419,345,,,
0,16,28,0,,,,,,,,
13,16,29,1,1532,,,,,,,
2,16,29,0,,,,,,,,
0,16,29,0,,,,,,,,
38,16,30,0,,,,,,,,
36,16,30,2,,1014,,241,,,,
0,16,30,0,,,,,,,,
14,16,31,1,476,958,,,,,,
1,16,31,0,,,,,,,,
0,16,31,0,,,,,,,,
33,16,32,0,,,,,,,,
15,16,32,2,,,,,,,,
0,16,32,0,,,,,,,,
26,17,1,0,,,,,,,,
0,17,1,0,,,,,,,,
19,17,1,2,,295,,,,,,
14,17,2,1,,,,,,,,
0,17,2,0,,,,,,,,
39,17,2,0,,,,,,,,
33,17,3,0,,,,,,,,
0,17,3,0,,,,,,,,
7,17,3,2,,,,,,,,
37,17,4,1,,,,,,,,
0,17,4,0,,,,,,,,
7,17,4,0,,,,,,,,
5,17,5,0,,,,,,,,
0,17,5,0,,,,,,,,
3,17,5,2,,,,,,,,
29,17,6,1,,,928,224,,,,
0,17,6,0,,,,,,,,
28,17,6,0,,,,,,,,
31,17,7,0,,,,,,,,
0,17,7,0,,,,,,,,
17,17,7,2,768,183,,,,,,
12,17,8,1,,,,,,,,
0,17,8,0,,,,,,,,
11,17,8,0,,,,,,,,
24,17,9,0,,,,,,,,
0,17,9,0,,,,,,,,
32,17,9,2,,,,,,,,
35,17,10,1,530,,,134,,,,
0,17,10,0,,,,,,,,
19,17,10,0,,,,,,,,
38,17,11,0,,,,,,,,
39,17,11,2,560,,,,105,,,
0,17,11,0,,,,,,,,
28,17,12,1,,,,,,,,
41,17,12,0,,,,,,,,
0,17,12,0,,,,,,,,
9,17,13,0,,,,,,,,
44,17,13,2,,,,,,,,
0,17,13,0,,,,,,,,
9,17,14,1,,,173,,,,,
21,17,14,0,,,,,,,,
0,17,14,0,,,,,,,,
22,17,15,0,,,,,,,,
16,17,15,2,,,,,595,,,
0,17,15,0,,,,,,,,
5,17,16,1,,,,,,,,
2,17,16,0,,,,,,,,
0,17,16,0,,,,,,,,
4,17,17,0,,,,,,,,
26,17,17,2,1037,808,697,,575,,,
0,17,17,0,,,,,,,,
25,17,18,1,,,,,140,,,
23,17,18,0,,,,,,,,
0,17,18,0,,,,,,,,
18,17,19,0,,,,,,,,
1,17,19,2,,,,,,,,
0,17,19,0,,,,,,,,
43,17,20,1,,,,,,,,
42,17,20,0,,,,,,,,
0,17,20,0,,,,,,,,
3,17,21,0,,,,,,,,
34,17,21,2,,,,,,,,
0,17,21,0,,,,,,,,
23,17,22,1,,,,,,,,
17,17,22,0,,,,,,,,
0,17,22,0,,,,,,,,
35,17,23,0,,,,,,,,
6,17,23,2,613,441,,,,,,
0,17,23,0,,,,,,,,
40,17,24,1,,,,362,970,,,
16,17,24,0,,,,,,,,
0,17,24,0,,,,,,,,
10,17,25,0,,,,,,,,
42,17,25,2,,,,,,,,
0,17,25,0,,,,,,,,
31,17,26,1,583,,,,467,,,
30,17,26,0,,,,,,,,
0,17,26,0,,,,,,,,
37,17,27,0,,,,,,,,
2,17,27,2,,,,,,,,
0,17,27,0,,,,,,,,
27,17,28,1,1277,,,,,,,
1,17,28,0,,,,,,,,
0,17,28,0,,,,,,,,
13,17,29,0,,,,,,,,
10,17,29,2,,,,,,,,
0,17,29,0,,,,,,,,
11,17,30,1,,,,,,,,
36,17,30,0,,,,,,,,
0,17,30,0,,,,,,,,
14,17,31,0,,,,,,,,
41,17,31,2,771,929,1641,1034,599,,,
0,17,31,0,,,,,,,,
24,17,32,1,,,,,,,,
15,17,32,0,,,,,,,,
0,17,32,0,,,,,,,,
12,18,1,1,327,372,,,,,,
0,18,1,0,,,,,,,,
19,18,1,0,,,,,,,,
14,18,2,0,,,,,,,,
0,18,2,0,,,,,,,,
14,18,2,2,760,,231,364,624,,,
22,18,3,1,412,,,,139,,,
0,18,3,0,,,,,,,,
7,18,3,0,,,,,,,,
37,18,4,0,,,,,,,,
0,18,4,0,,,,,,,,
16,18,4,2,,652,554,335,93,,,
2,18,5,1,677,,,181,166,,,
0,18,5,0,,,,,,,,
3,18,5,0,,,,,,,,
29,18,6,0,,,,,,,,
0,18,6,0,,,,,,,,
42,18,6,2,,,,,428,,,
20,18,7,1,1084,,,,,,,
0,18,7,0,,,,,,,,
17,18,7,0,,,,,,,,
12,18,8,0,,,,,,,,
0,18,8,0,,,,,,,,
32,18,8,2,,,,,,,,
35,18,9,1,,,,,,,,
0,18,9,0,,,,,,,,
32,18,9,0,,,,,,,,
35,18,10,0,,,,,,,,
0,18,10,0,,,,,,,,
39,18,10,2,,,240,,493,,,
1,18,11,1,994,360,,350,,,,
39,18,11,0,,,,,,,,
0,18,11,0,,,,,,,,
28,18,12,0,,,,,,,,
24,18,12,2,418,,,,,,,
0,18,12,0,,,,,,,,
10,18,13,1,737,,,,566,,,
44,18,13,0,,,,,,,,
0,18,13,0,,,,,,,,
9,18,14,0,,,,,,,,
29,18,14,2,515,,,,,,,
0,18,14,0,,,,,,,,
38,18,15,1,,,314,,,,,
16,18,15,0,,,,,,,,
0,18,15,0,,,,,,,,
5,18,16,0,,,,,,,,
6,18,16,2,401,,,,,,,
0,18,16,0,,,,,,,,
25,18,17,1,229,319,,133,,,,
26,18,17,0,,,,,,,,
0,18,17,0,,,,,,,,
25,18,18,0,,,,,,,,
9,18,18,2,553,,,,,,,
0,18,18,0,,,,,,,,
41,18,19,1,,,,,182,,,
1,18,19,0,,,,,,,,
0,18,19,0,,,,,,,,
43,18,20,0,,,,,,,,
34,18,20,2,278,,,,,,,
0,18,20,0,,,,,,,,
26,18,21,1,1071,,,,,,,
34,18,21,0,,,,,,,,
0,18,21,0,,,,,,,,
23,18,22,0,,,,,,,,
19,18,22,2,,,,,100,,,
0,18,22,0,,,,,,,,
11,18,23,1,215,,,,,,,
6,18,23,0,,,,,,,,
0,18,23,0,,,,,,,,
40,18,24,0,,,,,,,,
30,18,24,2,,,,,,,,
0,18,24,0,,,,,,,,
44,18,25,1,,,,,,,,
42,18,25,0,,,,,,,,
0,18,25,0,,,,,,,,
31,18,26,0,,,,,,,,
4,18,26,2,815,286,1022,318,197,,,
0,18,26,0,,,,,,,,
8,18,27,1,499,,,638,,,,
2,18,27,0,,,,,,,,
0,18,27,0,,,,,,,,
27,18,28,0,,,,,,,,
18,18,28,2,1305,379,257,,,,,
0,18,28,0,,,,,,,,
7,18,29,1,566,,,,,,,
10,18,29,0,,,,,,,,
0,18,29,0,,,,,,,,
11,18,30,0,,,,,,,,
27,18,30,2,,187,,,794,,,
0,18,30,0,,,,,,,,
28,18,31,1,,686,,,336,,,
41,18,31,0,,,,,,,,
0,18,31,0,,,,,,,,
24,18,32,0,,,,,,,,
37,18,32,2,437,,,,,,,
0,18,32,0,,,,,,,,
1,19,1,1,2722,,152,,,,,
0,19,1,0,,,,,,,,
19,19,1,0,,,,,,,,
14,19,2,0,,,,,,,,
0,19,2,0,,,,,,,,
28,19,2,2,,,,524,,,,
41,19,3,1,,,,1831,322,,,
0,19,3,0,,,,,,,,
7,19,3,0,,,,,,,,
37,19,4,0,,,,,,,,
0,19,4,0,,,,,,,,
3,19,4,2,821,2201,566,,,,,
32,19,5,1,1012,,254,320,340,,,
0,19,5,0,,,,,,,,
3,19,5,0,,,,,,,,
29,19,6,0,,,,,,,,
0,19,6,0,,,,,,,,
38,19,6,2,1386,373,,,,,,
12,19,7,1,,,,706,354,,,
0,19,7,0,,,,,,,,
17,19,7,0,,,,,,,,
12,19,8,0,,,,,,,,
0,19,8,0,,,,,,,,
30,19,8,2,,121,,2182,574,,,
24,19,9,1,679,,2364,,675,,,
0,19,9,0,,,,,,,,
32,19,9,0,,,,,,,,
35,19,10,0,,,,,,,,
0,19,10,0,,,,,,,,
7,19,10,2,659,2180,215,704,450,,,
5,19,11,1,852,,151,,1863,,,
39,19,11,0,,,,,,,,
0,19,11,0,,,,,,,,
28,19,12,0,,,,,,,,
27,19,12,2,747,1060,730,1026,384,,,
0,19,12,0,,,,,,,,
6,19,13,1,596,829,,542,265,,,
44,19,13,0,,,,,,,,
0,19,13,0,,,,,,,,
9,19,14,0,,,,,,,,
15,19,14,2,1190,813,957,522,,,,
0,19,14,0,,,,,,,,
35,19,15,1,,635,2513,2810,,,,
16,19,15,0,,,,,,,,
0,19,15,0,,,,,,,,
5,19,16,0,,,,,,,,
43,19,16,2,,,,3530,,,,
0,19,16,0,,,,,,,,
17,19,17,1,,,,,2616,,,
26,19,17,0,,,,,,,,
0,19,17,0,,,,,,,,
25,19,18,0,,,,,,,,
16,19,18,2,645,1800,1744,762,,,,
0,19,18,0,,,,,,,,
14,19,19,1,,,911,,,,,
1,19,19,0,,,,,,,,
0,19,19,0,,,,,,,,
43,19,20,0,,,,,,,,
23,19,20,2,,,270,,,,,
0,19,20,0,,,,,,,,
22,19,21,1,,,237,,,,,
34,19,21,0,,,,,,,,
0,19,21,0,,,,,,,,
23,19,22,0,,,,,,,,
26,19,22,2,,178,,,,,,
0,19,22,0,,,,,,,,
19,19,23,1,1290,1739,2193,,,,,
6,19,23,0,,,,,,,,
0,19,23,0,,,,,,,,
40,19,24,0,,,,,,,,
36,19,24,2,315,,1058,3052,,,,
0,19,24,0,,,,,,,,
10,19,25,1,,,780,,,,,
42,19,25,0,,,,,,,,
0,19,25,0,,,,,,,,
31,19,26,0,,,,,,,,
37,19,26,2,888,294,174,320,,,,
0,19,26,0,,,,,,,,
21,19,27,1,489,,190,,,,,
2,19,27,0,,,,,,,,
0,19,27,0,,,,,,,,
27,19,28,0,,,,,,,,
34,19,28,2,,184,,,219,,,
0,19,28,0,,,,,,,,
11,19,29,1,,,,213,,,,
10,19,29,0,,,,,,,,
0,19,29,0,,,,,,,,
11,19,30,0,,,,,,,,
40,19,30,2,2472,1309,1903,543,,,,
0,19,30,0,,,,,,,,
44,19,31,1,,819,560,165,,,,
41,19,31,0,,,,,,,,
0,19,31,0,,,,,,,,
24,19,32,0,,,,,,,,
9,19,32,2,1720,,1126,,730,,,
0,19,32,0,,,,,,,,
