seq,subj,item,cond,R1,R2,R3,R4,R5,R6,R7,R8
11,1,1,1,295,,,,502,,,
0,1,1,0,,,,,,,,
0,1,1,0,,,,,,,,
0,1,2,0,,,,,,,,
0,1,2,0,,,,,,,,
13,1,2,2,1526,1397,2161,1332,3300,,,
21,1,3,1,,607,193,,,,,
0,1,3,0,,,,,,,,
0,1,3,0,,,,,,,,
0,1,4,0,,,,,,,,
0,1,4,0,,,,,,,,
15,1,4,2,297,1270,573,914,,,,
2,1,5,1,,,,,,,,
0,1,5,0,,,,,,,,
0,1,5,0,,,,,,,,
0,1,6,0,,,,,,,,
0,1,6,0,,,,,,,,
40,1,6,2,,829,,,,,,
19,1,7,1,1105,1230,869,1331,871,,,
0,1,7,0,,,,,,,,
0,1,7,0,,,,,,,,
0,1,8,0,,,,,,,,
0,1,8,0,,,,,,,,
30,1,8,2,858,389,877,423,500,,,
33,1,9,1,916,528,,,,,,
0,1,9,0,,,,,,,,
0,1,9,0,,,,,,,,
0,1,10,0,,,,,,,,
0,1,10,0,,,,,,,,
37,1,10,2,515,791,1764,158,506,,,
1,1,11,1,,,,,,,,
0,1,11,0,,,,,,,,
0,1,11,0,,,,,,,,
0,1,12,0,,,,,,,,
23,1,12,2,1874,1433,991,1535,614,,,
0,1,12,0,,,,,,,,
9,1,13,1,850,844,719,,,,,
0,1,13,0,,,,,,,,
0,1,13,0,,,,,,,,
0,1,14,0,,,,,,,,
28,1,14,2,94,721,,,,,,
0,1,14,0,,,,,,,,
36,1,15,1,,,,,,,,
0,1,15,0,,,,,,,,
0,1,15,0,,,,,,,,
0,1,16,0,,,,,,,,
5,1,16,2,,,,,,,,
0,1,16,0,,,,,,,,
24,1,17,1,573,1044,970,465,823,,,
0,1,17,0,,,,,,,,
0,1,17,0,,,,,,,,
0,1,18,0,,,,,,,,
8,1,18,2,394,433,459,956,862,,,
0,1,18,0,,,,,,,,
39,1,19,1,724,1046,795,,,,,
0,1,19,0,,,,,,,,
0,1,19,0,,,,,,,,
0,1,20,0,,,,,,,,
32,1,20,2,801,617,,,,,,
0,1,20,0,,,,,,,,
25,1,21,1,,,,893,519,,,
0,1,21,0,,,,,,,,
0,1,21,0,,,,,,,,
0,1,22,0,,,,,,,,
18,1,22,2,961,190,419,,236,,,
0,1,22,0,,,,,,,,
10,1,23,1,,,,,345,,,
0,1,23,0,,,,,,,,
0,1,23,0,,,,,,,,
0,1,24,0,,,,,,,,
29,1,24,2,,,,614,,,,
0,1,24,0,,,,,,,,
42,1,25,1,350,,,,,,,
0,1,25,0,,,,,,,,
0,1,25,0,,,,,,,,
0,1,26,0,,,,,,,,
4,1,26,2,1296,1586,1357,,,,,
0,1,26,0,,,,,,,,
7,1,27,1,,419,130,550,,,,
0,1,27,0,,,,,,,,
0,1,27,0,,,,,,,,
0,1,28,0,,,,,,,,
17,1,28,2,451,522,1679,,,,,
0,1,28,0,,,,,,,,
6,1,29,1,1305,884,955,675,965,,,
0,1,29,0,,,,,,,,
0,1,29,0,,,,,,,,
0,1,30,0,,,,,,,,
26,1,30,2,1796,1367,996,144,,,,
0,1,30,0,,,,,,,,
27,1,31,1,,,,,193,,,
0,1,31,0,,,,,,,,
0,1,31,0,,,,,,,,
0,1,32,0,,,,,,,,
35,1,32,2,938,101,,,150,,,
0,1,32,0,,,,,,,,
11,2,1,0,,,,,,,,
0,2,1,0,,,,,,,,
17,2,1,2,,,,,,,,
36,2,2,1,,,,,,,,
0,2,2,0,,,,,,,,
13,2,2,0,,,,,,,,
21,2,3,0,,,,,,,,
0,2,3,0,,,,,,,,
8,2,3,2,,,,,,,,
6,2,4,1,,,,,,,,
0,2,4,0,,,,,,,,
15,2,4,0,,,,,,,,
2,2,5,0,,,,,,,,
0,2,5,0,,,,,,,,
41,2,5,2,,,,,,,,
24,2,6,1,,,,,,,,
0,2,6,0,,,,,,,,
40,2,6,0,,,,,,,,
19,2,7,0,,,,,,,,
0,2,7,0,,,,,,,,
22,2,7,2,,,,,,,,
1,2,8,1,,,,,608,,,
0,2,8,0,,,,,,,,
30,2,8,0,,,,,,,,
33,2,9,0,,,,,,,,
0,2,9,0,,,,,,,,
3,2,9,2,423,1071,787,,,,,
10,2,10,1,,,,,,,,
0,2,10,0,,,,,,,,
37,2,10,0,,,,,,,,
1,2,11,0,,,,,,,,
31,2,11,2,,,,,,,,
0,2,11,0,,,,,,,,
40,2,12,1,,,,,,,,
23,2,12,0,,,,,,,,
0,2,12,0,,,,,,,,
9,2,13,0,,,,,,,,
30,2,13,2,,,,,1225,,,
0,2,13,0,,,,,,,,
21,2,14,1,,,,,,,,
28,2,14,0,,,,,,,,
0,2,14,0,,,,,,,,
36,2,15,0,,,,,,,,
34,2,15,2,,180,,,,,,
0,2,15,0,,,,,,,,
29,2,16,1,,,,,121,,,
5,2,16,0,,,,,,,,
0,2,16,0,,,,,,,,
24,2,17,0,,,,,,,,
5,2,17,2,,,,,,,,
0,2,17,0,,,,,,,,
14,2,18,1,,,,,,,,
8,2,18,0,,,,,,,,
0,2,18,0,,,,,,,,
39,2,19,0,,,,,,,,
39,2,19,2,,,,,,,,
0,2,19,0,,,,,,,,
26,2,20,1,,,,484,,,,
32,2,20,0,,,,,,,,
0,2,20,0,,,,,,,,
25,2,21,0,,,,,,,,
38,2,21,2,,,,,,,,
0,2,21,0,,,,,,,,
19,2,22,1,,,,,,,,
18,2,22,0,,,,,,,,
0,2,22,0,,,,,,,,
10,2,23,0,,,,,,,,
16,2,23,2,,,,,,,,
0,2,23,0,,,,,,,,
28,2,24,1,,,,,,,,
29,2,24,0,,,,,,,,
0,2,24,0,,,,,,,,
42,2,25,0,,,,,,,,
13,2,25,2,,,,,,,,
0,2,25,0,,,,,,,,
12,2,26,1,,,,,,,,
4,2,26,0,,,,,,,,
0,2,26,0,,,,,,,,
7,2,27,0,,,,,,,,
20,2,27,2,,,,,,,,
0,2,27,0,,,,,,,,
33,2,28,1,,,,,,,,
17,2,28,0,,,,,,,,
0,2,28,0,,,,,,,,
6,2,29,0,,,,,,,,
32,2,29,2,2260,,,,,,,
0,2,29,0,,,,,,,,
15,2,30,1,,,657,,874,,,
26,2,30,0,,,,,,,,
0,2,30,0,,,,,,,,
27,2,31,0,,,,,,,,
35,2,31,2,,,,,,,,
0,2,31,0,,,,,,,,
27,2,32,1,,,,,,,,
35,2,32,0,,,,,,,,
0,2,32,0,,,,,,,,
11,3,1,0,,,,,,,,
0,3,1,0,,,,,,,,
21,3,1,2,1167,,,,,,,
18,3,2,1,3286,,,,,,,
0,3,2,0,,,,,,,,
13,3,2,0,,,,,,,,
21,3,3,0,,,,,,,,
0,3,3,0,,,,,,,,
8,3,3,2,,,,,,,,
41,3,4,1,,,,,,,,
0,3,4,0,,,,,,,,
15,3,4,0,,,,,,,,
2,3,5,0,,,,,,,,
0,3,5,0,,,,,,,,
29,3,5,2,,,,,,,,
1,3,6,1,,,,,337,,,
0,3,6,0,,,,,,,,
40,3,6,0,,,,,,,,
19,3,7,0,,,,,,,,
0,3,7,0,,,,,,,,
5,3,7,2,302,,,,,,,
16,3,8,1,,,,,,,,
0,3,8,0,,,,,,,,
30,3,8,0,,,,,,,,
33,3,9,0,,,,,,,,
0,3,9,0,,,,,,,,
13,3,9,2,,,430,,,,,
31,3,10,1,,,,,,,,
0,3,10,0,,,,,,,,
37,3,10,0,,,,,,,,
1,3,11,0,,,,,,,,
7,3,11,2,93,,,,,,,
0,3,11,0,,,,,,,,
4,3,12,1,,,,,,,,
23,3,12,0,,,,,,,,
0,3,12,0,,,,,,,,
9,3,13,0,,,,,,,,
26,3,13,2,603,803,,431,,,,
0,3,13,0,,,,,,,,
40,3,14,1,1056,809,1250,,,,,
28,3,14,0,,,,,,,,
0,3,14,0,,,,,,,,
36,3,15,0,,,,,,,,
10,3,15,2,426,,,,,,,
0,3,15,0,,,,,,,,
24,3,16,1,,,,,,,,
5,3,16,0,,,,,,,,
0,3,16,0,,,,,,,,
24,3,17,0,,,,,,,,
33,3,17,2,1192,150,118,,,,,
0,3,17,0,,,,,,,,
34,3,18,1,,,,,,,,
8,3,18,0,,,,,,,,
0,3,18,0,,,,,,,,
39,3,19,0,,,,,,,,
3,3,19,2,556,,,,,,,
0,3,19,0,,,,,,,,
12,3,20,1,1918,131,,,,,,
32,3,20,0,,,,,,,,
0,3,20,0,,,,,,,,
25,3,21,0,,,,,,,,
37,3,21,2,325,,,,,,,
0,3,21,0,,,,,,,,
35,3,22,1,,1742,,,,,,
18,3,22,0,,,,,,,,
0,3,22,0,,,,,,,,
10,3,23,0,,,,,,,,
25,3,23,2,,555,,,,,,
0,3,23,0,,,,,,,,
23,3,24,1,,,,,,,,
29,3,24,0,,,,,,,,
0,3,24,0,,,,,,,,
42,3,25,0,,,,,,,,
11,3,25,2,,142,182,2564,,,,
0,3,25,0,,,,,,,,
20,3,26,1,,886,716,113,,,,
4,3,26,0,,,,,,,,
0,3,26,0,,,,,,,,
7,3,27,0,,,,,,,,
36,3,27,2,,,,,,,,
0,3,27,0,,,,,,,,
15,3,28,1,405,1315,597,248,293,,,
17,3,28,0,,,,,,,,
0,3,28,0,,,,,,,,
6,3,29,0,,,,,,,,
27,3,29,2,,,,,,,,
0,3,29,0,,,,,,,,
38,3,30,1,,1418,,,,,,
26,3,30,0,,,,,,,,
0,3,30,0,,,,,,,,
27,3,31,0,,,,,,,,
39,3,31,2,942,1599,2855,1667,,,,
0,3,31,0,,,,,,,,
28,3,32,1,,746,,,,,,
35,3,32,0,,,,,,,,
0,3,32,0,,,,,,,,
21,4,1,1,,212,,,,,,
0,4,1,0,,,,,,,,
21,4,1,0,,,,,,,,
18,4,2,0,,,,,,,,
0,4,2,0,,,,,,,,
31,4,2,2,,,,,,,,
41,4,3,1,,,,,,,,
0,4,3,0,,,,,,,,
8,4,3,0,,,,,,,,
41,4,4,0,,,,,,,,
0,4,4,0,,,,,,,,
12,4,4,2,,118,,,190,,,
34,4,5,1,600,271,,,,,,
0,4,5,0,,,,,,,,
29,4,5,0,,,,,,,,
1,4,6,0,,,,,,,,
0,4,6,0,,,,,,,,
28,4,6,2,,188,,,,,,
10,4,7,1,270,141,,,,,,
0,4,7,0,,,,,,,,
5,4,7,0,,,,,,,,
16,4,8,0,,,,,,,,
0,4,8,0,,,,,,,,
5,4,8,2,,,,,,,,
24,4,9,1,,211,,,,,,
0,4,9,0,,,,,,,,
13,4,9,0,,,,,,,,
31,4,10,0,,,,,,,,
0,4,10,0,,,,,,,,
18,4,10,2,165,,,,,,,
8,4,11,1,394,181,,,,,,
7,4,11,0,,,,,,,,
0,4,11,0,,,,,,,,
4,4,12,0,,,,,,,,
40,4,12,2,160,,,431,,,,
0,4,12,0,,,,,,,,
15,4,13,1,,1227,256,,,,,
26,4,13,0,,,,,,,,
0,4,13,0,,,,,,,,
40,4,14,0,,,,,,,,
9,4,14,2,,668,469,175,,,,
0,4,14,0,,,,,,,,
23,4,15,1,,,,,,,,
10,4,15,0,,,,,,,,
0,4,15,0,,,,,,,,
24,4,16,0,,,,,,,,
16,4,16,2,,146,,,,,,
0,4,16,0,,,,,,,,
17,4,17,1,278,365,364,,146,,,
33,4,17,0,,,,,,,,
0,4,17,0,,,,,,,,
34,4,18,0,,,,,,,,
37,4,18,2,,,,,,,,
0,4,18,0,,,,,,,,
20,4,19,1,118,199,,,,,,
3,4,19,0,,,,,,,,
0,4,19,0,,,,,,,,
12,4,20,0,,,,,,,,
2,4,20,2,,,,982,,,,
0,4,20,0,,,,,,,,
30,4,21,1,,,,,,,,
37,4,21,0,,,,,,,,
0,4,21,0,,,,,,,,
35,4,22,0,,,,,,,,
36,4,22,2,,,,,,,,
0,4,22,0,,,,,,,,
1,4,23,1,,128,259,,339,,,
25,4,23,0,,,,,,,,
0,4,23,0,,,,,,,,
23,4,24,0,,,,,,,,
27,4,24,2,1065,724,219,,,,,
0,4,24,0,,,,,,,,
4,4,25,1,,282,251,,,,,
11,4,25,0,,,,,,,,
0,4,25,0,,,,,,,,
20,4,26,0,,,,,,,,
33,4,26,2,,,,,,,,
0,4,26,0,,,,,,,,
7,4,27,1,507,139,,,319,,,
36,4,27,0,,,,,,,,
0,4,27,0,,,,,,,,
15,4,28,0,,,,,,,,
39,4,28,2,488,624,,,,,,
0,4,28,0,,,,,,,,
38,4,29,1,143,210,,,,,,
27,4,29,0,,,,,,,,
0,4,29,0,,,,,,,,
38,4,30,0,,,,,,,,
3,4,30,2,,86,,,,,,
0,4,30,0,,,,,,,,
14,4,31,1,137,,,,,,,
39,4,31,0,,,,,,,,
0,4,31,0,,,,,,,,
28,4,32,0,,,,,,,,
26,4,32,2,561,774,912,,504,,,
0,4,32,0,,,,,,,,
21,5,1,0,,,,,,,,
0,5,1,0,,,,,,,,
15,5,1,2,1538,293,,108,,,,
35,5,2,1,,89,,145,,,,
0,5,2,0,,,,,,,,
31,5,2,0,,,,,,,,
41,5,3,0,,,,,,,,
0,5,3,0,,,,,,,,
9,5,3,2,223,2018,200,,,,,
13,5,4,1,,3201,1944,738,2152,,,
0,5,4,0,,,,,,,,
12,5,4,0,,,,,,,,
34,5,5,0,,,,,,,,
0,5,5,0,,,,,,,,
1,5,5,2,,2800,3870,,,,,
19,5,6,1,328,132,,,153,,,
0,5,6,0,,,,,,,,
28,5,6,0,,,,,,,,
10,5,7,0,,,,,,,,
0,5,7,0,,,,,,,,
40,5,7,2,422,756,414,,,,,
28,5,8,1,,,,153,1422,,,
0,5,8,0,,,,,,,,
5,5,8,0,,,,,,,,
24,5,9,0,,,,,,,,
0,5,9,0,,,,,,,,
6,5,9,2,1195,610,,,,,,
31,5,10,1,,,,,,,,
0,5,10,0,,,,,,,,
18,5,10,0,,,,,,,,
8,5,11,0,,,,,,,,
24,5,11,2,1480,1021,827,,,,,
0,5,11,0,,,,,,,,
38,5,12,1,607,157,,,,,,
40,5,12,0,,,,,,,,
0,5,12,0,,,,,,,,
15,5,13,0,,,,,,,,
42,5,13,2,2206,1075,,161,1907,,,
0,5,13,0,,,,,,,,
34,5,14,1,532,1101,,,,,,
9,5,14,0,,,,,,,,
0,5,14,0,,,,,,,,
23,5,15,0,,,,,,,,
11,5,15,2,2723,,,,,,,
0,5,15,0,,,,,,,,
30,5,16,1,429,,,,,,,
16,5,16,0,,,,,,,,
0,5,16,0,,,,,,,,
17,5,17,0,,,,,,,,
8,5,17,2,,,,,,,,
0,5,17,0,,,,,,,,
27,5,18,1,,,,,,,,
37,5,18,0,,,,,,,,
0,5,18,0,,,,,,,,
20,5,19,0,,,,,,,,
21,5,19,2,354,1216,1165,,,,,
0,5,19,0,,,,,,,,
23,5,20,1,297,,,,,,,
2,5,20,0,,,,,,,,
0,5,20,0,,,,,,,,
30,5,21,0,,,,,,,,
3,5,21,2,286,,1250,1873,667,,,
0,5,21,0,,,,,,,,
39,5,22,1,,,,,,,,
36,5,22,0,,,,,,,,
0,5,22,0,,,,,,,,
1,5,23,0,,,,,,,,
33,5,23,2,569,946,,,1082,,,
0,5,23,0,,,,,,,,
4,5,24,1,2288,2283,1451,,,,,
27,5,24,0,,,,,,,,
0,5,24,0,,,,,,,,
4,5,25,0,,,,,,,,
37,5,25,2,252,,657,,,,,
0,5,25,0,,,,,,,,
18,5,26,1,,,,,,,,
33,5,26,0,,,,,,,,
0,5,26,0,,,,,,,,
7,5,27,0,,,,,,,,
12,5,27,2,,,,306,716,,,
0,5,27,0,,,,,,,,
26,5,28,1,7087,550,171,,,,,
39,5,28,0,,,,,,,,
0,5,28,0,,,,,,,,
38,5,29,0,,,,,,,,
25,5,29,2,,,,,,,,
0,5,29,0,,,,,,,,
17,5,30,1,,,,,,,,
3,5,30,0,,,,,,,,
0,5,30,0,,,,,,,,
14,5,31,0,,,,,,,,
22,5,31,2,,97,151,,,,,
0,5,31,0,,,,,,,,
5,5,32,1,1966,4690,,,,,,
26,5,32,0,,,,,,,,
0,5,32,0,,,,,,,,
21,6,1,0,,,,,,,,
0,6,1,0,,,,,,,,
7,6,1,2,590,446,208,,,,,
22,6,2,1,1393,2290,,,,,,
0,6,2,0,,,,,,,,
31,6,2,0,,,,,,,,
41,6,3,0,,,,,,,,
0,6,3,0,,,,,,,,
27,6,3,2,,,,,,,,
35,6,4,1,658,1233,1147,,616,,,
0,6,4,0,,,,,,,,
12,6,4,0,,,,,,,,
34,6,5,0,,,,,,,,
0,6,5,0,,,,,,,,
40,6,5,2,,,,,,,,
9,6,6,1,,,,,,,,
0,6,6,0,,,,,,,,
28,6,6,0,,,,,,,,
10,6,7,0,,,,,,,,
0,6,7,0,,,,,,,,
30,6,7,2,195,197,,,,,,
3,6,8,1,466,,,,,,,
0,6,8,0,,,,,,,,
5,6,8,0,,,,,,,,
24,6,9,0,,,,,,,,
0,6,9,0,,,,,,,,
19,6,9,2,439,813,744,873,567,,,
12,6,10,1,,,,,,,,
0,6,10,0,,,,,,,,
18,6,10,0,,,,,,,,
8,6,11,0,,,,,,,,
26,6,11,2,,,,,,,,
0,6,11,0,,,,,,,,
6,6,12,1,1849,1751,,,,,,
40,6,12,0,,,,,,,,
0,6,12,0,,,,,,,,
15,6,13,0,,,,,,,,
21,6,13,2,405,293,,,612,,,
0,6,13,0,,,,,,,,
37,6,14,1,783,643,996,739,358,,,
9,6,14,0,,,,,,,,
0,6,14,0,,,,,,,,
23,6,15,0,,,,,,,,
25,6,15,2,,,,,,,,
0,6,15,0,,,,,,,,
1,6,16,1,539,859,1364,2184,603,,,
16,6,16,0,,,,,,,,
0,6,16,0,,,,,,,,
17,6,17,0,,,,,,,,
17,6,17,2,,,,528,918,,,
0,6,17,0,,,,,,,,
24,6,18,1,522,1295,516,1393,800,,,
37,6,18,0,,,,,,,,
0,6,18,0,,,,,,,,
20,6,19,0,,,,,,,,
34,6,19,2,,,,,,,,
0,6,19,0,,,,,,,,
5,6,20,1,,1162,,1623,831,,,
2,6,20,0,,,,,,,,
0,6,20,0,,,,,,,,
30,6,21,0,,,,,,,,
16,6,21,2,,,505,,,,,
0,6,21,0,,,,,,,,
14,6,22,1,144,204,326,1190,821,,,
36,6,22,0,,,,,,,,
0,6,22,0,,,,,,,,
1,6,23,0,,,,,,,,
32,6,23,2,463,517,238,423,,,,
0,6,23,0,,,,,,,,
11,6,24,1,,,,,,,,
27,6,24,0,,,,,,,,
0,6,24,0,,,,,,,,
4,6,25,0,,,,,,,,
33,6,25,2,,,,,,,,
0,6,25,0,,,,,,,,
43,6,26,1,606,,,,,,,
33,6,26,0,,,,,,,,
0,6,26,0,,,,,,,,
7,6,27,0,,,,,,,,
38,6,27,2,,,343,,,,,
0,6,27,0,,,,,,,,
39,6,28,1,1026,545,1052,173,,,,
39,6,28,0,,,,,,,,
0,6,28,0,,,,,,,,
38,6,29,0,,,,,,,,
42,6,29,2,,,,,,,,
0,6,29,0,,,,,,,,
15,6,30,1,414,1839,1032,,,,,
3,6,30,0,,,,,,,,
0,6,30,0,,,,,,,,
14,6,31,0,,,,,,,,
18,6,31,2,,329,,772,,,,
0,6,31,0,,,,,,,,
29,6,32,1,,,,,,,,
26,6,32,0,,,,,,,,
0,6,32,0,,,,,,,,
21,7,1,0,,,,,,,,
0,7,1,0,,,,,,,,
20,7,1,2,612,,,,,,,
16,7,2,1,139,410,,,,,,
0,7,2,0,,,,,,,,
31,7,2,0,,,,,,,,
41,7,3,0,,,,,,,,
0,7,3,0,,,,,,,,
35,7,3,2,,101,,,,,,
7,7,4,1,207,,,,,,,
0,7,4,0,,,,,,,,
12,7,4,0,,,,,,,,
34,7,5,0,,,,,,,,
0,7,5,0,,,,,,,,
27,7,5,2,107,,,,,,,
42,7,6,1,774,,,,,,,
0,7,6,0,,,,,,,,
28,7,6,0,,,,,,,,
10,7,7,0,,,,,,,,
0,7,7,0,,,,,,,,
3,7,7,2,467,,,,508,,,
12,7,8,1,865,1229,865,672,,,,
0,7,8,0,,,,,,,,
5,7,8,0,,,,,,,,
24,7,9,0,,,,,,,,
0,7,9,0,,,,,,,,
24,7,9,2,,,,,,,,
1,7,10,1,329,,,160,,,,
0,7,10,0,,,,,,,,
18,7,10,0,,,,,,,,
8,7,11,0,,,,,,,,
29,7,11,2,,,,,,,,
0,7,11,0,,,,,,,,
23,7,12,1,303,,,,,,,
40,7,12,0,,,,,,,,
0,7,12,0,,,,,,,,
15,7,13,0,,,,,,,,
15,7,13,2,837,,,,,,,
0,7,13,0,,,,,,,,
18,7,14,1,2035,,,,,,,
9,7,14,0,,,,,,,,
0,7,14,0,,,,,,,,
23,7,15,0,,,,,,,,
41,7,15,2,176,,,,,,,
0,7,15,0,,,,,,,,
38,7,16,1,,,,,,,,
16,7,16,0,,,,,,,,
0,7,16,0,,,,,,,,
17,7,17,0,,,,,,,,
33,7,17,2,713,,414,,,,,
0,7,17,0,,,,,,,,
19,7,18,1,,,,,,,,
37,7,18,0,,,,,,,,
0,7,18,0,,,,,,,,
20,7,19,0,,,,,,,,
10,7,19,2,562,,,,,,,
0,7,19,0,,,,,,,,
5,7,20,1,342,208,,,,,,
2,7,20,0,,,,,,,,
0,7,20,0,,,,,,,,
30,7,21,0,,,,,,,,
11,7,21,2,540,,,,,,,
0,7,21,0,,,,,,,,
40,7,22,1,445,1073,811,,,,,
36,7,22,0,,,,,,,,
0,7,22,0,,,,,,,,
1,7,23,0,,,,,,,,
26,7,23,2,,,,,,,,
0,7,23,0,,,,,,,,
9,7,24,1,1293,,,190,,,,
27,7,24,0,,,,,,,,
0,7,24,0,,,,,,,,
4,7,25,0,,,,,,,,
31,7,25,2,,,,,,,,
0,7,25,0,,,,,,,,
30,7,26,1,,,,,,,,
33,7,26,0,,,,,,,,
0,7,26,0,,,,,,,,
7,7,27,0,,,,,,,,
14,7,27,2,145,,,,,,,
0,7,27,0,,,,,,,,
39,7,28,1,139,,,,,,,
39,7,28,0,,,,,,,,
0,7,28,0,,,,,,,,
38,7,29,0,,,,,,,,
34,7,29,2,,,,,,,,
0,7,29,0,,,,,,,,
32,7,30,1,,,,,,,,
3,7,30,0,,,,,,,,
0,7,30,0,,,,,,,,
14,7,31,0,,,,,,,,
37,7,31,2,719,443,620,,,,,
0,7,31,0,,,,,,,,
6,7,32,1,,,,,,,,
26,7,32,0,,,,,,,,
0,7,32,0,,,,,,,,
21,8,1,0,,,,,,,,
0,8,1,0,,,,,,,,
30,8,1,2,1356,291,,,,,,
7,8,2,1,1525,1922,,,,,,
0,8,2,0,,,,,,,,
31,8,2,0,,,,,,,,
41,8,3,0,,,,,,,,
0,8,3,0,,,,,,,,
21,8,3,2,1283,689,607,,,,,
1,8,4,1,224,,,,,,,
0,8,4,0,,,,,,,,
12,8,4,0,,,,,,,,
34,8,5,0,,,,,,,,
0,8,5,0,,,,,,,,
5,8,5,2,1488,,,,570,,,
41,8,6,1,,,524,,324,,,
0,8,6,0,,,,,,,,
28,8,6,0,,,,,,,,
10,8,7,0,,,,,,,,
0,8,7,0,,,,,,,,
9,8,7,2,987,162,,,,,,
3,8,8,1,330,387,,,,,,
0,8,8,0,,,,,,,,
5,8,8,0,,,,,,,,
24,8,9,0,,,,,,,,
0,8,9,0,,,,,,,,
32,8,9,2,1126,1149,537,164,244,,,
28,8,10,1,2758,,,,,,,
0,8,10,0,,,,,,,,
18,8,10,0,,,,,,,,
8,8,11,0,,,,,,,,
15,8,11,2,1181,1051,217,,1119,,,
0,8,11,0,,,,,,,,
43,8,12,1,672,,,,,,,
40,8,12,0,,,,,,,,
0,8,12,0,,,,,,,,
15,8,13,0,,,,,,,,
18,8,13,2,,,,,,,,
0,8,13,0,,,,,,,,
11,8,14,1,1580,408,,,,,,
9,8,14,0,,,,,,,,
0,8,14,0,,,,,,,,
23,8,15,0,,,,,,,,
12,8,15,2,383,432,,,132,,,
0,8,15,0,,,,,,,,
39,8,16,1,1276,373,,,,,,
16,8,16,0,,,,,,,,
0,8,16,0,,,,,,,,
17,8,17,0,,,,,,,,
44,8,17,2,521,622,834,371,,,,
0,8,17,0,,,,,,,,
36,8,18,1,525,1781,1645,814,682,,,
37,8,18,0,,,,,,,,
0,8,18,0,,,,,,,,
20,8,19,0,,,,,,,,
17,8,19,2,1417,1915,4464,945,877,,,
0,8,19,0,,,,,,,,
26,8,20,1,1028,,,,,,,
2,8,20,0,,,,,,,,
0,8,20,0,,,,,,,,
30,8,21,0,,,,,,,,
25,8,21,2,,199,,,,,,
0,8,21,0,,,,,,,,
20,8,22,1,818,318,,,,,,
36,8,22,0,,,,,,,,
0,8,22,0,,,,,,,,
1,8,23,0,,,,,,,,
34,8,23,2,381,,,,,,,
0,8,23,0,,,,,,,,
16,8,24,1,1031,99,192,,,,,
27,8,24,0,,,,,,,,
0,8,24,0,,,,,,,,
4,8,25,0,,,,,,,,
35,8,25,2,1202,818,1648,324,,,,
0,8,25,0,,,,,,,,
24,8,26,1,,,,,,,,
33,8,26,0,,,,,,,,
0,8,26,0,,,,,,,,
7,8,27,0,,,,,,,,
37,8,27,2,1015,685,103,,,,,
0,8,27,0,,,,,,,,
45,8,28,1,2028,181,,,,,,
39,8,28,0,,,,,,,,
0,8,28,0,,,,,,,,
38,8,29,0,,,,,,,,
38,8,29,2,326,,264,,,,,
0,8,29,0,,,,,,,,
14,8,30,1,1647,1264,1930,,124,,,
3,8,30,0,,,,,,,,
0,8,30,0,,,,,,,,
14,8,31,0,,,,,,,,
13,8,31,2,1100,1513,160,,,,,
0,8,31,0,,,,,,,,
23,8,32,1,130,,,,,,,
26,8,32,0,,,,,,,,
0,8,32,0,,,,,,,,
21,9,1,0,,,,,,,,
0,9,1,0,,,,,,,,
20,9,1,2,1023,124,,,,,,
11,9,2,1,677,1067,,,,,,
0,9,2,0,,,,,,,,
31,9,2,0,,,,,,,,
41,9,3,0,,,,,,,,
0,9,3,0,,,,,,,,
6,9,3,2,,294,,,,,,
8,9,4,1,680,4782,,,,,,
0,9,4,0,,,,,,,,
12,9,4,0,,,,,,,,
34,9,5,0,,,,,,,,
0,9,5,0,,,,,,,,
23,9,5,2,,,,,,,,
13,9,6,1,,,,,,,,
0,9,6,0,,,,,,,,
28,9,6,0,,,,,,,,
10,9,7,0,,,,,,,,
0,9,7,0,,,,,,,,
41,9,7,2,3133,2504,,,,,,
44,9,8,1,,,,,,,,
0,9,8,0,,,,,,,,
5,9,8,0,,,,,,,,
24,9,9,0,,,,,,,,
0,9,9,0,,,,,,,,
25,9,9,2,644,244,573,959,,,,
4,9,10,1,731,,,879,,,,
0,9,10,0,,,,,,,,
18,9,10,0,,,,,,,,
8,9,11,0,,,,,,,,
34,9,11,2,1880,,,,,,,
0,9,11,0,,,,,,,,
10,9,12,1,526,,,,,,,
40,9,12,0,,,,,,,,
0,9,12,0,,,,,,,,
15,9,13,0,,,,,,,,
27,9,13,2,,1481,2513,,,,,
0,9,13,0,,,,,,,,
15,9,14,1,,,,,,,,
9,9,14,0,,,,,,,,
0,9,14,0,,,,,,,,
23,9,15,0,,,,,,,,
18,9,15,2,175,,,,,,,
0,9,15,0,,,,,,,,
29,9,16,1,,,,,,,,
16,9,16,0,,,,,,,,
0,9,16,0,,,,,,,,
17,9,17,0,,,,,,,,
35,9,17,2,918,2481,,,,,,
0,9,17,0,,,,,,,,
36,9,18,1,1387,1294,,,,,,
37,9,18,0,,,,,,,,
0,9,18,0,,,,,,,,
20,9,19,0,,,,,,,,
3,9,19,2,,,,1318,,,,
0,9,19,0,,,,,,,,
31,9,20,1,507,1542,,,,,,
2,9,20,0,,,,,,,,
0,9,20,0,,,,,,,,
30,9,21,0,,,,,,,,
38,9,21,2,,,,,,,,
0,9,21,0,,,,,,,,
43,9,22,1,549,960,1155,,,,,
36,9,22,0,,,,,,,,
0,9,22,0,,,,,,,,
1,9,23,0,,,,,,,,
19,9,23,2,,,,,,,,
0,9,23,0,,,,,,,,
32,9,24,1,,,,,,,,
27,9,24,0,,,,,,,,
0,9,24,0,,,,,,,,
4,9,25,0,,,,,,,,
40,9,25,2,196,,,,,,,
0,9,25,0,,,,,,,,
17,9,26,1,,,,,,,,
33,9,26,0,,,,,,,,
0,9,26,0,,,,,,,,
7,9,27,0,,,,,,,,
37,9,27,2,,,,,,,,
0,9,27,0,,,,,,,,
16,9,28,1,,,,,,,,
39,9,28,0,,,,,,,,
0,9,28,0,,,,,,,,
38,9,29,0,,,,,,,,
39,9,29,2,753,,,,,,,
0,9,29,0,,,,,,,,
28,9,30,1,,,,,,,,
3,9,30,0,,,,,,,,
0,9,30,0,,,,,,,,
14,9,31,0,,,,,,,,
30,9,31,2,3373,925,,,,,,
0,9,31,0,,,,,,,,
33,9,32,1,,,,,,,,
26,9,32,0,,,,,,,,
0,9,32,0,,,,,,,,
21,10,1,0,,,,,,,,
0,10,1,0,,,,,,,,
19,10,1,2,505,496,1230,383,335,,,
22,10,2,1,356,,,,,,,
0,10,2,0,,,,,,,,
31,10,2,0,,,,,,,,
41,10,3,0,,,,,,,,
0,10,3,0,,,,,,,,
41,10,3,2,,520,509,,,,,
1,10,4,1,,,,,,,,
0,10,4,0,,,,,,,,
12,10,4,0,,,,,,,,
34,10,5,0,,,,,,,,
0,10,5,0,,,,,,,,
32,10,5,2,681,408,,,,,,
24,10,6,1,2768,1523,319,,,,,
0,10,6,0,,,,,,,,
28,10,6,0,,,,,,,,
10,10,7,0,,,,,,,,
0,10,7,0,,,,,,,,
17,10,7,2,,,,,254,,,
13,10,8,1,339,,,343,1107,,,
0,10,8,0,,,,,,,,
5,10,8,0,,,,,,,,
24,10,9,0,,,,,,,,
0,10,9,0,,,,,,,,
3,10,9,2,481,223,107,,,,,
38,10,10,1,176,,,,153,,,
0,10,10,0,,,,,,,,
18,10,10,0,,,,,,,,
8,10,11,0,,,,,,,,
11,10,11,2,,,,,,,,
0,10,11,0,,,,,,,,
15,10,12,1,,,,,,,,
40,10,12,0,,,,,,,,
0,10,12,0,,,,,,,,
15,10,13,0,,,,,,,,
12,10,13,2,731,,,,,,,
0,10,13,0,,,,,,,,
37,10,14,1,285,,,,436,,,
9,10,14,0,,,,,,,,
0,10,14,0,,,,,,,,
23,10,15,0,,,,,,,,
28,10,15,2,645,118,,366,138,,,
0,10,15,0,,,,,,,,
7,10,16,1,,,,,,,,
16,10,16,0,,,,,,,,
0,10,16,0,,,,,,,,
17,10,17,0,,,,,,,,
30,10,17,2,,,,,466,,,
0,10,17,0,,,,,,,,
36,10,18,1,,,,125,355,,,
37,10,18,0,,,,,,,,
0,10,18,0,,,,,,,,
20,10,19,0,,,,,,,,
10,10,19,2,,,,,,,,
0,10,19,0,,,,,,,,
29,10,20,1,1356,246,,,,,,
2,10,20,0,,,,,,,,
0,10,20,0,,,,,,,,
30,10,21,0,,,,,,,,
40,10,21,2,321,,339,428,323,,,
0,10,21,0,,,,,,,,
26,10,22,1,578,,,,,,,
36,10,22,0,,,,,,,,
0,10,22,0,,,,,,,,
1,10,23,0,,,,,,,,
31,10,23,2,650,,,,,,,
0,10,23,0,,,,,,,,
8,10,24,1,,136,,,,,,
27,10,24,0,,,,,,,,
0,10,24,0,,,,,,,,
4,10,25,0,,,,,,,,
34,10,25,2,1200,1819,214,488,470,,,
0,10,25,0,,,,,,,,
27,10,26,1,187,176,,,165,,,
33,10,26,0,,,,,,,,
0,10,26,0,,,,,,,,
7,10,27,0,,,,,,,,
6,10,27,2,3211,1925,1550,,,,,
0,10,27,0,,,,,,,,
16,10,28,1,1235,925,557,653,165,,,
39,10,28,0,,,,,,,,
0,10,28,0,,,,,,,,
38,10,29,0,,,,,,,,
5,10,29,2,813,,,,,,,
0,10,29,0,,,,,,,,
9,10,30,1,,,281,,,,,
3,10,30,0,,,,,,,,
0,10,30,0,,,,,,,,
14,10,31,0,,,,,,,,
21,10,31,2,2127,,,,,,,
0,10,31,0,,,,,,,,
35,10,32,1,443,,418,,,,,
26,10,32,0,,,,,,,,
0,10,32,0,,,,,,,,
21,11,1,0,,,,,,,,
0,11,1,0,,,,,,,,
29,11,1,2,,,101,,,,,
11,11,2,1,,1081,,,,,,
0,11,2,0,,,,,,,,
31,11,2,0,,,,,,,,
41,11,3,0,,,,,,,,
0,11,3,0,,,,,,,,
6,11,3,2,,393,,,,,,
18,11,4,1,,,,,,,,
0,11,4,0,,,,,,,,
12,11,4,0,,,,,,,,
34,11,5,0,,,,,,,,
0,11,5,0,,,,,,,,
9,11,5,2,,602,,,,,,
33,11,6,1,,,,,,,,
0,11,6,0,,,,,,,,
28,11,6,0,,,,,,,,
10,11,7,0,,,,,,,,
0,11,7,0,,,,,,,,
40,11,7,2,953,177,,,,,,
35,11,8,1,,,1151,,,,,
0,11,8,0,,,,,,,,
5,11,8,0,,,,,,,,
24,11,9,0,,,,,,,,
0,11,9,0,,,,,,,,
27,11,9,2,735,1601,183,,,,,
2,11,10,1,,,,,,,,
0,11,10,0,,,,,,,,
18,11,10,0,,,,,,,,
8,11,11,0,,,,,,,,
15,11,11,2,145,2887,,,,,,
0,11,11,0,,,,,,,,
31,11,12,1,,,,2028,,,,
40,11,12,0,,,,,,,,
0,11,12,0,,,,,,,,
15,11,13,0,,,,,,,,
20,11,13,2,,,,,,,,
0,11,13,0,,,,,,,,
13,11,14,1,735,1068,,,,,,
9,11,14,0,,,,,,,,
0,11,14,0,,,,,,,,
23,11,15,0,,,,,,,,
5,11,15,2,311,,,,,,,
0,11,15,0,,,,,,,,
26,11,16,1,,,,,,,,
16,11,16,0,,,,,,,,
0,11,16,0,,,,,,,,
17,11,17,0,,,,,,,,
14,11,17,2,633,,,,,,,
0,11,17,0,,,,,,,,
24,11,18,1,,379,,,,,,
37,11,18,0,,,,,,,,
0,11,18,0,,,,,,,,
20,11,19,0,,,,,,,,
25,11,19,2,,,,,,,,
0,11,19,0,,,,,,,,
23,11,20,1,617,609,1039,343,,,,
2,11,20,0,,,,,,,,
0,11,20,0,,,,,,,,
30,11,21,0,,,,,,,,
37,11,21,2,,1116,,,,,,
0,11,21,0,,,,,,,,
21,11,22,1,,,,,,,,
36,11,22,0,,,,,,,,
0,11,22,0,,,,,,,,
1,11,23,0,,,,,,,,
8,11,23,2,,,,,,,,
0,11,23,0,,,,,,,,
32,11,24,1,,,,,,,,
27,11,24,0,,,,,,,,
0,11,24,0,,,,,,,,
4,11,25,0,,,,,,,,
38,11,25,2,,,,,,,,
0,11,25,0,,,,,,,,
22,11,26,1,,,,,,,,
33,11,26,0,,,,,,,,
0,11,26,0,,,,,,,,
7,11,27,0,,,,,,,,
4,11,27,2,308,,,,,,,
0,11,27,0,,,,,,,,
17,11,28,1,,,,94,,,,
39,11,28,0,,,,,,,,
0,11,28,0,,,,,,,,
38,11,29,0,,,,,,,,
1,11,29,2,,839,,,,,,
0,11,29,0,,,,,,,,
39,11,30,1,1249,,,,136,,,
3,11,30,0,,,,,,,,
0,11,30,0,,,,,,,,
14,11,31,0,,,,,,,,
16,11,31,2,,,,1766,287,,,
0,11,31,0,,,,,,,,
42,11,32,1,,,,,,,,
26,11,32,0,,,,,,,,
0,11,32,0,,,,,,,,
21,12,1,0,,,,,,,,
0,12,1,0,,,,,,,,
30,12,1,2,,,,,,,,
39,12,2,1,,,,,,,,
0,12,2,0,,,,,,,,
31,12,2,0,,,,,,,,
41,12,3,0,,,,,,,,
0,12,3,0,,,,,,,,
10,12,3,2,833,128,,,,,,
8,12,4,1,,,,,,,,
0,12,4,0,,,,,,,,
12,12,4,0,,,,,,,,
34,12,5,0,,,,,,,,
0,12,5,0,,,,,,,,
34,12,5,2,,121,,,,,,
3,12,6,1,,,,,,,,
0,12,6,0,,,,,,,,
28,12,6,0,,,,,,,,
10,12,7,0,,,,,,,,
0,12,7,0,,,,,,,,
41,12,7,2,,,,,,,,
18,12,8,1,,,,,,,,
0,12,8,0,,,,,,,,
5,12,8,0,,,,,,,,
24,12,9,0,,,,,,,,
0,12,9,0,,,,,,,,
15,12,9,2,,523,,,,,,
27,12,10,1,398,133,,,,,,
0,12,10,0,,,,,,,,
18,12,10,0,,,,,,,,
8,12,11,0,,,,,,,,
26,12,11,2,,327,268,,,,,
0,12,11,0,,,,,,,,
22,12,12,1,,,166,,,,,
40,12,12,0,,,,,,,,
0,12,12,0,,,,,,,,
15,12,13,0,,,,,,,,
12,12,13,2,,,,,,,,
0,12,13,0,,,,,,,,
21,12,14,1,138,,,,,,,
9,12,14,0,,,,,,,,
0,12,14,0,,,,,,,,
23,12,15,0,,,,,,,,
32,12,15,2,,,,,,,,
0,12,15,0,,,,,,,,
13,12,16,1,,,146,,,,,
16,12,16,0,,,,,,,,
0,12,16,0,,,,,,,,
17,12,17,0,,,,,,,,
17,12,17,2,798,803,,,,,,
0,12,17,0,,,,,,,,
24,12,18,1,,,,,,,,
37,12,18,0,,,,,,,,
0,12,18,0,,,,,,,,
20,12,19,0,,,,,,,,
29,12,19,2,,,693,541,,,,
0,12,19,0,,,,,,,,
2,12,20,1,,,,,,,,
2,12,20,0,,,,,,,,
0,12,20,0,,,,,,,,
30,12,21,0,,,,,,,,
20,12,21,2,,,452,362,,,,
0,12,21,0,,,,,,,,
14,12,22,1,,,,,,,,
36,12,22,0,,,,,,,,
0,12,22,0,,,,,,,,
1,12,23,0,,,,,,,,
36,12,23,2,,,,,,,,
0,12,23,0,,,,,,,,
1,12,24,1,,,,,189,,,
27,12,24,0,,,,,,,,
0,12,24,0,,,,,,,,
4,12,25,0,,,,,,,,
37,12,25,2,1939,1172,837,6343,211,,,
0,12,25,0,,,,,,,,
25,12,26,1,,,,,,,,
33,12,26,0,,,,,,,,
0,12,26,0,,,,,,,,
7,12,27,0,,,,,,,,
38,12,27,2,,,,,,,,
0,12,27,0,,,,,,,,
6,12,28,1,,184,82,497,185,,,
39,12,28,0,,,,,,,,
0,12,28,0,,,,,,,,
38,12,29,0,,,,,,,,
33,12,29,2,848,254,,,,,,
0,12,29,0,,,,,,,,
7,12,30,1,,,164,,,,,
3,12,30,0,,,,,,,,
0,12,30,0,,,,,,,,
14,12,31,0,,,,,,,,
5,12,31,2,,,,,,,,
0,12,31,0,,,,,,,,
23,12,32,1,232,,,,,,,
26,12,32,0,,,,,,,,
0,12,32,0,,,,,,,,
21,13,1,0,,,,,,,,
0,13,1,0,,,,,,,,
14,13,1,2,1380,2228,1215,932,988,,,
7,13,2,1,1952,1660,2356,1253,240,,,
0,13,2,0,,,,,,,,
31,13,2,0,,,,,,,,
41,13,3,0,,,,,,,,
0,13,3,0,,,,,,,,
16,13,3,2,3192,2046,2747,2850,1045,,,
9,13,4,1,1298,2223,2116,2145,1237,,,
0,13,4,0,,,,,,,,
12,13,4,0,,,,,,,,
34,13,5,0,,,,,,,,
0,13,5,0,,,,,,,,
25,13,5,2,1043,1303,1088,1573,843,,,
21,13,6,1,944,2514,1546,874,785,,,
0,13,6,0,,,,,,,,
28,13,6,0,,,,,,,,
10,13,7,0,,,,,,,,
0,13,7,0,,,,,,,,
19,13,7,2,2538,3566,2388,1646,863,,,
2,13,8,1,1329,1652,1267,2308,1532,,,
0,13,8,0,,,,,,,,
5,13,8,0,,,,,,,,
24,13,9,0,,,,,,,,
0,13,9,0,,,,,,,,
31,13,9,2,1024,1830,1017,999,666,,,
35,13,10,1,1106,1153,904,1066,,,,
0,13,10,0,,,,,,,,
18,13,10,0,,,,,,,,
8,13,11,0,,,,,,,,
37,13,11,2,572,885,767,,,,,
0,13,11,0,,,,,,,,
28,13,12,1,2296,3535,2498,1992,994,,,
40,13,12,0,,,,,,,,
0,13,12,0,,,,,,,,
15,13,13,0,,,,,,,,
42,13,13,2,543,1486,1663,,,,,
0,13,13,0,,,,,,,,
34,13,14,1,2369,1219,2591,1027,742,,,
9,13,14,0,,,,,,,,
0,13,14,0,,,,,,,,
23,13,15,0,,,,,,,,
1,13,15,2,1057,1986,1040,1805,1046,,,
0,13,15,0,,,,,,,,
18,13,16,1,1715,2219,1644,1148,1312,,,
16,13,16,0,,,,,,,,
0,13,16,0,,,,,,,,
17,13,17,0,,,,,,,,
27,13,17,2,2161,2278,2438,1588,1282,,,
0,13,17,0,,,,,,,,
39,13,18,1,1403,993,,,,,,
37,13,18,0,,,,,,,,
0,13,18,0,,,,,,,,
20,13,19,0,,,,,,,,
4,13,19,2,1818,3406,2057,2026,252,,,
0,13,19,0,,,,,,,,
13,13,20,1,2722,1856,1444,1220,1303,,,
2,13,20,0,,,,,,,,
0,13,20,0,,,,,,,,
30,13,21,0,,,,,,,,
40,13,21,2,168,1493,883,543,542,,,
0,13,21,0,,,,,,,,
33,13,22,1,815,652,166,,,,,
36,13,22,0,,,,,,,,
0,13,22,0,,,,,,,,
1,13,23,0,,,,,,,,
41,13,23,2,825,1028,1237,717,708,,,
0,13,23,0,,,,,,,,
5,13,24,1,1412,1059,826,1583,1150,,,
27,13,24,0,,,,,,,,
0,13,24,0,,,,,,,,
4,13,25,0,,,,,,,,
12,13,25,2,2899,2314,1658,1585,1101,,,
0,13,25,0,,,,,,,,
38,13,26,1,1036,2122,258,922,,,,
33,13,26,0,,,,,,,,
0,13,26,0,,,,,,,,
7,13,27,0,,,,,,,,
29,13,27,2,625,799,980,2214,931,,,
0,13,27,0,,,,,,,,
24,13,28,1,1116,1141,878,1929,2245,,,
39,13,28,0,,,,,,,,
0,13,28,0,,,,,,,,
38,13,29,0,,,,,,,,
30,13,29,2,223,743,1920,1760,256,,,
0,13,29,0,,,,,,,,
6,13,30,1,1595,1201,1346,1655,1183,,,
3,13,30,0,,,,,,,,
0,13,30,0,,,,,,,,
14,13,31,0,,,,,,,,
23,13,31,2,1542,3250,3525,2390,1594,,,
0,13,31,0,,,,,,,,
11,13,32,1,1644,2298,1405,958,185,,,
26,13,32,0,,,,,,,,
0,13,32,0,,,,,,,,
21,14,1,0,,,,,,,,
0,14,1,0,,,,,,,,
18,14,1,2,,,,,,,,
14,14,2,1,,,,,,,,
0,14,2,0,,,,,,,,
31,14,2,0,,,,,,,,
41,14,3,0,,,,,,,,
0,14,3,0,,,,,,,,
1,14,3,2,154,231,,,,,,
7,14,4,1,,,,,,,,
0,14,4,0,,,,,,,,
12,14,4,0,,,,,,,,
34,14,5,0,,,,,,,,
0,14,5,0,,,,,,,,
29,14,5,2,,,,,,,,
20,14,6,1,,,,,,,,
0,14,6,0,,,,,,,,
28,14,6,0,,,,,,,,
10,14,7,0,,,,,,,,
0,14,7,0,,,,,,,,
12,14,7,2,931,718,1202,993,,,,
22,14,8,1,163,84,,,,,,
0,14,8,0,,,,,,,,
5,14,8,0,,,,,,,,
24,14,9,0,,,,,,,,
0,14,9,0,,,,,,,,
40,14,9,2,,,,,,,,
3,14,10,1,1128,901,,,,,,
0,14,10,0,,,,,,,,
18,14,10,0,,,,,,,,
8,14,11,0,,,,,,,,
5,14,11,2,,,,,,,,
0,14,11,0,,,,,,,,
38,14,12,1,,,,,,,,
40,14,12,0,,,,,,,,
0,14,12,0,,,,,,,,
15,14,13,0,,,,,,,,
34,14,13,2,,,,,,,,
0,14,13,0,,,,,,,,
36,14,14,1,,,,,,,,
9,14,14,0,,,,,,,,
0,14,14,0,,,,,,,,
23,14,15,0,,,,,,,,
17,14,15,2,,,,,,,,
0,14,15,0,,,,,,,,
10,14,16,1,851,480,161,206,148,,,
16,14,16,0,,,,,,,,
0,14,16,0,,,,,,,,
17,14,17,0,,,,,,,,
35,14,17,2,,,,,,,,
0,14,17,0,,,,,,,,
24,14,18,1,,,,868,144,,,
37,14,18,0,,,,,,,,
0,14,18,0,,,,,,,,
20,14,19,0,,,,,,,,
39,14,19,2,,,,,167,,,
0,14,19,0,,,,,,,,
27,14,20,1,,,,,,,,
2,14,20,0,,,,,,,,
0,14,20,0,,,,,,,,
30,14,21,0,,,,,,,,
16,14,21,2,,,,,,,,
0,14,21,0,,,,,,,,
6,14,22,1,,,,,,,,
36,14,22,0,,,,,,,,
0,14,22,0,,,,,,,,
1,14,23,0,,,,,,,,
37,14,23,2,,,,,,,,
0,14,23,0,,,,,,,,
26,14,24,1,461,,,,,,,
27,14,24,0,,,,,,,,
0,14,24,0,,,,,,,,
4,14,25,0,,,,,,,,
9,14,25,2,260,110,,,,,,
0,14,25,0,,,,,,,,
32,14,26,1,244,,,,,,,
33,14,26,0,,,,,,,,
0,14,26,0,,,,,,,,
7,14,27,0,,,,,,,,
42,14,27,2,,,,,,,,
0,14,27,0,,,,,,,,
25,14,28,1,,,,,,,,
39,14,28,0,,,,,,,,
0,14,28,0,,,,,,,,
38,14,29,0,,,,,,,,
11,14,29,2,,,,,,,,
0,14,29,0,,,,,,,,
43,14,30,1,,,,,,,,
3,14,30,0,,,,,,,,
0,14,30,0,,,,,,,,
14,14,31,0,,,,,,,,
28,14,31,2,,,,,,,,
0,14,31,0,,,,,,,,
33,14,32,1,,,,,,,,
26,14,32,0,,,,,,,,
0,14,32,0,,,,,,,,
21,15,1,0,,,,,,,,
0,15,1,0,,,,,,,,
20,15,1,2,,,,,,,,
17,15,2,1,,,,,131,,,
0,15,2,0,,,,,,,,
31,15,2,0,,,,,,,,
41,15,3,0,,,,,,,,
0,15,3,0,,,,,,,,
22,15,3,2,,,,,,,,
39,15,4,1,,,,,,,,
0,15,4,0,,,,,,,,
12,15,4,0,,,,,,,,
34,15,5,0,,,,,,,,
0,15,5,0,,,,,,,,
6,15,5,2,,,,,,,,
42,15,6,1,,,,,134,,,
0,15,6,0,,,,,,,,
28,15,6,0,,,,,,,,
10,15,7,0,,,,,,,,
0,15,7,0,,,,,,,,
37,15,7,2,,,,,,,,
13,15,8,1,,,,209,,,,
0,15,8,0,,,,,,,,
5,15,8,0,,,,,,,,
24,15,9,0,,,,,,,,
0,15,9,0,,,,,,,,
2,15,9,2,923,,,390,,,,
33,15,10,1,,,,,,,,
0,15,10,0,,,,,,,,
18,15,10,0,,,,,,,,
8,15,11,0,,,,,,,,
27,15,11,2,,,,,,,,
0,15,11,0,,,,,,,,
29,15,12,1,,,,,,,,
40,15,12,0,,,,,,,,
0,15,12,0,,,,,,,,
15,15,13,0,,,,,,,,
25,15,13,2,,,,,,,,
0,15,13,0,,,,,,,,
8,15,14,1,,,,113,,,,
9,15,14,0,,,,,,,,
0,15,14,0,,,,,,,,
23,15,15,0,,,,,,,,
15,15,15,2,,,,,,,,
0,15,15,0,,,,,,,,
16,15,16,1,,,,126,,,,
16,15,16,0,,,,,,,,
0,15,16,0,,,,,,,,
17,15,17,0,,,,,,,,
4,15,17,2,,,139,,,,,
0,15,17,0,,,,,,,,
32,15,18,1,,,,,,,,
37,15,18,0,,,,,,,,
0,15,18,0,,,,,,,,
20,15,19,0,,,,,,,,
31,15,19,2,,,,,95,,,
0,15,19,0,,,,,,,,
1,15,20,1,,,,,,,,
2,15,20,0,,,,,,,,
0,15,20,0,,,,,,,,
30,15,21,0,,,,,,,,
11,15,21,2,,,,,,,,
0,15,21,0,,,,,,,,
24,15,22,1,,,,,,,,
36,15,22,0,,,,,,,,
0,15,22,0,,,,,,,,
1,15,23,0,,,,,,,,
30,15,23,2,,,,119,,,,
0,15,23,0,,,,,,,,
19,15,24,1,,,,,,,,
27,15,24,0,,,,,,,,
0,15,24,0,,,,,,,,
4,15,25,0,,,,,,,,
35,15,25,2,,,,,,,,
0,15,25,0,,,,,,,,
5,15,26,1,,,,,,,,
33,15,26,0,,,,,,,,
0,15,26,0,,,,,,,,
7,15,27,0,,,,,,,,
26,15,27,2,,,,,205,,,
0,15,27,0,,,,,,,,
36,15,28,1,591,135,,,187,,,
39,15,28,0,,,,,,,,
0,15,28,0,,,,,,,,
38,15,29,0,,,,,,,,
41,15,29,2,,,,,,,,
0,15,29,0,,,,,,,,
28,15,30,1,,,,,,,,
3,15,30,0,,,,,,,,
0,15,30,0,,,,,,,,
14,15,31,0,,,,,,,,
10,15,31,2,,,,,,,,
0,15,31,0,,,,,,,,
12,15,32,1,,,141,,,,,
26,15,32,0,,,,,,,,
0,15,32,0,,,,,,,,
21,16,1,0,,,,,,,,
0,16,1,0,,,,,,,,
16,16,1,2,741,,,,,,,
8,16,2,1,964,,,,137,,,
0,16,2,0,,,,,,,,
31,16,2,0,,,,,,,,
41,16,3,0,,,,,,,,
0,16,3,0,,,,,,,,
33,16,3,2,,,,,,,,
22,16,4,1,347,801,,,,,,
0,16,4,0,,,,,,,,
12,16,4,0,,,,,,,,
34,16,5,0,,,,,,,,
0,16,5,0,,,,,,,,
30,16,5,2,1278,,,,,,,
11,16,6,1,,187,342,149,,,,
0,16,6,0,,,,,,,,
28,16,6,0,,,,,,,,
10,16,7,0,,,,,,,,
0,16,7,0,,,,,,,,
5,16,7,2,543,,,124,373,,,
13,16,8,1,,,,224,,,,
0,16,8,0,,,,,,,,
5,16,8,0,,,,,,,,
24,16,9,0,,,,,,,,
0,16,9,0,,,,,,,,
41,16,9,2,,798,962,,,,,
2,16,10,1,473,1382,,,,,,
0,16,10,0,,,,,,,,
18,16,10,0,,,,,,,,
8,16,11,0,,,,,,,,
1,16,11,2,640,694,328,,,,,
0,16,11,0,,,,,,,,
18,16,12,1,595,295,,,,,,
40,16,12,0,,,,,,,,
0,16,12,0,,,,,,,,
15,16,13,0,,,,,,,,
10,16,13,2,1086,1307,,,,,,
0,16,13,0,,,,,,,,
35,16,14,1,,,,,,,,
9,16,14,0,,,,,,,,
0,16,14,0,,,,,,,,
23,16,15,0,,,,,,,,
27,16,15,2,,,,,,,,
0,16,15,0,,,,,,,,
36,16,16,1,,134,,,,,,
16,16,16,0,,,,,,,,
0,16,16,0,,,,,,,,
17,16,17,0,,,,,,,,
21,16,17,2,708,124,,,,,,
0,16,17,0,,,,,,,,
29,16,18,1,,,,,,,,
37,16,18,0,,,,,,,,
0,16,18,0,,,,,,,,
20,16,19,0,,,,,,,,
25,16,19,2,249,,378,,,,,
0,16,19,0,,,,,,,,
32,16,20,1,,,,,,,,
2,16,20,0,,,,,,,,
0,16,20,0,,,,,,,,
30,16,21,0,,,,,,,,
26,16,21,2,,,,,,,,
0,16,21,0,,,,,,,,
20,16,22,1,,,,,,,,
36,16,22,0,,,,,,,,
0,16,22,0,,,,,,,,
1,16,23,0,,,,,,,,
38,16,23,2,,,90,,,,,
0,16,23,0,,,,,,,,
15,16,24,1,1064,751,,,517,,,
27,16,24,0,,,,,,,,
0,16,24,0,,,,,,,,
4,16,25,0,,,,,,,,
19,16,25,2,,,,,,,,
0,16,25,0,,,,,,,,
39,16,26,1,,,,,,,,
33,16,26,0,,,,,,,,
0,16,26,0,,,,,,,,
7,16,27,0,,,,,,,,
28,16,27,2,1775,344,202,530,,,,
0,16,27,0,,,,,,,,
24,16,28,1,165,148,152,155,,,,
39,16,28,0,,,,,,,,
0,16,28,0,,,,,,,,
38,16,29,0,,,,,,,,
40,16,29,2,2036,404,,,,,,
0,16,29,0,,,,,,,,
37,16,30,1,,,,,,,,
3,16,30,0,,,,,,,,
0,16,30,0,,,,,,,,
14,16,31,0,,,,,,,,
4,16,31,2,,510,,,,,,
0,16,31,0,,,,,,,,
7,16,32,1,,,,,,,,
26,16,32,0,,,,,,,,
0,16,32,0,,,,,,,,
28,17,1,1,,319,,,,,,
0,17,1,0,,,,,,,,
16,17,1,0,,,,,,,,
8,17,2,0,,,,,,,,
0,17,2,0,,,,,,,,
38,17,2,2,,,,271,143,,,
41,17,3,1,1075,,,,,,,
0,17,3,0,,,,,,,,
33,17,3,0,,,,,,,,
22,17,4,0,,,,,,,,
0,17,4,0,,,,,,,,
6,17,4,2,,,229,,,,,
30,17,5,1,,,,,,,,
0,17,5,0,,,,,,,,
30,17,5,0,,,,,,,,
11,17,6,0,,,,,,,,
0,17,6,0,,,,,,,,
2,17,6,2,,,,,,,,
17,17,7,1,550,,,,,,,
0,17,7,0,,,,,,,,
5,17,7,0,,,,,,,,
13,17,8,0,,,,,,,,
0,17,8,0,,,,,,,,
10,17,8,2,,,,184,,,,
36,17,9,1,1043,,,,,,,
0,17,9,0,,,,,,,,
41,17,9,0,,,,,,,,
2,17,10,0,,,,,,,,
0,17,10,0,,,,,,,,
15,17,10,2,,,,,,,,
40,17,11,1,,155,,,151,,,
1,17,11,0,,,,,,,,
0,17,11,0,,,,,,,,
18,17,12,0,,,,,,,,
22,17,12,2,,,,,,,,
0,17,12,0,,,,,,,,
20,17,13,1,,,,,,,,
10,17,13,0,,,,,,,,
0,17,13,0,,,,,,,,
35,17,14,0,,,,,,,,
19,17,14,2,,,,,,,,
0,17,14,0,,,,,,,,
24,17,15,1,,,,,,,,
27,17,15,0,,,,,,,,
0,17,15,0,,,,,,,,
36,17,16,0,,,,,,,,
33,17,16,2,,,434,,,,,
0,17,16,0,,,,,,,,
34,17,17,1,912,,,,,,,
21,17,17,0,,,,,,,,
0,17,17,0,,,,,,,,
29,17,18,0,,,,,,,,
26,17,18,2,,,,,,,,
0,17,18,0,,,,,,,,
9,17,19,1,,,,,,,,
25,17,19,0,,,,,,,,
0,17,19,0,,,,,,,,
32,17,20,0,,,,,,,,
5,17,20,2,,,,,212,,,
0,17,20,0,,,,,,,,
27,17,21,1,,,,512,,,,
26,17,21,0,,,,,,,,
0,17,21,0,,,,,,,,
20,17,22,0,,,,,,,,
14,17,22,2,,,,,193,,,
0,17,22,0,,,,,,,,
8,17,23,1,,,160,,228,,,
38,17,23,0,,,,,,,,
0,17,23,0,,,,,,,,
15,17,24,0,,,,,,,,
25,17,24,2,,,747,,,,,
0,17,24,0,,,,,,,,
4,17,25,1,,,,,,,,
19,17,25,0,,,,,,,,
0,17,25,0,,,,,,,,
39,17,26,0,,,,,,,,
1,17,26,2,570,667,,,,,,
0,17,26,0,,,,,,,,
43,17,27,1,,380,841,,,,,
28,17,27,0,,,,,,,,
0,17,27,0,,,,,,,,
24,17,28,0,,,,,,,,
12,17,28,2,,537,,,,,,
0,17,28,0,,,,,,,,
32,17,29,1,7446,425,,,,,,
40,17,29,0,,,,,,,,
0,17,29,0,,,,,,,,
37,17,30,0,,,,,,,,
13,17,30,2,,,,247,,,,
0,17,30,0,,,,,,,,
23,17,31,1,,,,,,,,
4,17,31,0,,,,,,,,
0,17,31,0,,,,,,,,
7,17,32,0,,,,,,,,
21,17,32,2,3966,1217,1179,,,,,
0,17,32,0,,,,,,,,
28,18,1,0,,,,,,,,
0,18,1,0,,,,,,,,
37,18,1,2,,,,,197,,,
11,18,2,1,,,,,,,,
0,18,2,0,,,,,,,,
38,18,2,0,,,,,,,,
41,18,3,0,,,,,,,,
0,18,3,0,,,,,,,,
4,18,3,2,,,,,,,,
41,18,4,1,,,,354,196,,,
0,18,4,0,,,,,,,,
6,18,4,0,,,,,,,,
30,18,5,0,,,,,,,,
0,18,5,0,,,,,,,,
6,18,5,2,,,1101,,,,,
21,18,6,1,,,,,,,,
0,18,6,0,,,,,,,,
2,18,6,0,,,,,,,,
17,18,7,0,,,,,,,,
0,18,7,0,,,,,,,,
31,18,7,2,,,,,,,,
34,18,8,1,,,,,,,,
0,18,8,0,,,,,,,,
10,18,8,0,,,,,,,,
36,18,9,0,,,,,,,,
0,18,9,0,,,,,,,,
39,18,9,2,,,,,,,,
13,18,10,1,,,,,435,,,
0,18,10,0,,,,,,,,
15,18,10,0,,,,,,,,
40,18,11,0,,,,,,,,
18,18,11,2,,139,,,,,,
0,18,11,0,,,,,,,,
23,18,12,1,,,,,,,,
22,18,12,0,,,,,,,,
0,18,12,0,,,,,,,,
20,18,13,0,,,,,,,,
43,18,13,2,,,,,,,,
0,18,13,0,,,,,,,,
25,18,14,1,,,,,,,,
19,18,14,0,,,,,,,,
0,18,14,0,,,,,,,,
24,18,15,0,,,,,,,,
15,18,15,2,372,,,,,,,
0,18,15,0,,,,,,,,
17,18,16,1,,,,,,,,
33,18,16,0,,,,,,,,
0,18,16,0,,,,,,,,
34,18,17,0,,,,,,,,
30,18,17,2,,,,,,,,
0,18,17,0,,,,,,,,
9,18,18,1,,809,,,315,,,
26,18,18,0,,,,,,,,
0,18,18,0,,,,,,,,
9,18,19,0,,,,,,,,
29,18,19,2,,218,,,,,,
0,18,19,0,,,,,,,,
33,18,20,1,,,,,,,,
5,18,20,0,,,,,,,,
0,18,20,0,,,,,,,,
27,18,21,0,,,,,,,,
1,18,21,2,,347,771,,288,,,
0,18,21,0,,,,,,,,
2,18,22,1,,,,,,,,
14,18,22,0,,,,,,,,
0,18,22,0,,,,,,,,
8,18,23,0,,,,,,,,
44,18,23,2,,,,,,,,
0,18,23,0,,,,,,,,
24,18,24,1,,,,,,,,
25,18,24,0,,,,,,,,
0,18,24,0,,,,,,,,
4,18,25,0,,,,,,,,
27,18,25,2,,,,,,,,
0,18,25,0,,,,,,,,
20,18,26,1,,,,,,,,
1,18,26,0,,,,,,,,
0,18,26,0,,,,,,,,
43,18,27,0,,,,,,,,
3,18,27,2,,,,,,,,
0,18,27,0,,,,,,,,
16,18,28,1,,,,,161,,,
12,18,28,0,,,,,,,,
0,18,28,0,,,,,,,,
32,18,29,0,,,,,,,,
10,18,29,2,,,,,,,,
0,18,29,0,,,,,,,,
26,18,30,1,,412,,,,,,
13,18,30,0,,,,,,,,
0,18,30,0,,,,,,,,
23,18,31,0,,,,,,,,
28,18,31,2,,,,,,,,
0,18,31,0,,,,,,,,
36,18,32,1,,,,,,,,
21,18,32,0,,,,,,,,
0,18,32,0,,,,,,,,
2,19,1,1,616,324,,,,,,
0,19,1,0,,,,,,,,
37,19,1,0,,,,,,,,
11,19,2,0,,,,,,,,
0,19,2,0,,,,,,,,
15,19,2,2,2510,1345,1002,,,,,
11,19,3,1,257,,,,,,,
0,19,3,0,,,,,,,,
4,19,3,0,,,,,,,,
41,19,4,0,,,,,,,,
0,19,4,0,,,,,,,,
40,19,4,2,,,,,,,,
9,19,5,1,443,,,,,,,
0,19,5,0,,,,,,,,
6,19,5,0,,,,,,,,
21,19,6,0,,,,,,,,
0,19,6,0,,,,,,,,
38,19,6,2,,,392,345,612,,,
27,19,7,1,699,591,1263,822,688,,,
0,19,7,0,,,,,,,,
31,19,7,0,,,,,,,,
34,19,8,0,,,,,,,,
0,19,8,0,,,,,,,,
4,19,8,2,760,557,204,,,,,
22,19,9,1,,,,,,,,
0,19,9,0,,,,,,,,
39,19,9,0,,,,,,,,
13,19,10,0,,,,,,,,
0,19,10,0,,,,,,,,
35,19,10,2,,,,,,,,
18,19,11,1,,,,,,,,
18,19,11,0,,,,,,,,
0,19,11,0,,,,,,,,
23,19,12,0,,,,,,,,
6,19,12,2,656,,,,,,,
0,19,12,0,,,,,,,,
1,19,13,1,151,,,,577,,,
43,19,13,0,,,,,,,,
0,19,13,0,,,,,,,,
25,19,14,0,,,,,,,,
31,19,14,2,1118,662,,567,112,,,
0,19,14,0,,,,,,,,
30,19,15,1,,,,,,,,
15,19,15,0,,,,,,,,
0,19,15,0,,,,,,,,
17,19,16,0,,,,,,,,
20,19,16,2,,,,,,,,
0,19,16,0,,,,,,,,
21,19,17,1,,,,,,,,
30,19,17,0,,,,,,,,
0,19,17,0,,,,,,,,
9,19,18,0,,,,,,,,
42,19,18,2,475,202,,,148,,,
0,19,18,0,,,,,,,,
25,19,19,1,895,1205,,699,,,,
29,19,19,0,,,,,,,,
0,19,19,0,,,,,,,,
33,19,20,0,,,,,,,,
7,19,20,2,654,356,,632,,,,
0,19,20,0,,,,,,,,
37,19,21,1,,,,,,,,
1,19,21,0,,,,,,,,
0,19,21,0,,,,,,,,
2,19,22,0,,,,,,,,
13,19,22,2,,,,,,,,
0,19,22,0,,,,,,,,
8,19,23,1,137,303,,544,,,,
44,19,23,0,,,,,,,,
0,19,23,0,,,,,,,,
24,19,24,0,,,,,,,,
32,19,24,2,,,,,170,,,
0,19,24,0,,,,,,,,
19,19,25,1,,,,,,,,
27,19,25,0,,,,,,,,
0,19,25,0,,,,,,,,
20,19,26,0,,,,,,,,
26,19,26,2,867,1011,962,526,645,,,
0,19,26,0,,,,,,,,
34,19,27,1,722,754,390,492,94,,,
3,19,27,0,,,,,,,,
0,19,27,0,,,,,,,,
16,19,28,0,,,,,,,,
29,19,28,2,612,,,,,,,
0,19,28,0,,,,,,,,
33,19,29,1,911,923,353,,,,,
10,19,29,0,,,,,,,,
0,19,29,0,,,,,,,,
26,19,30,0,,,,,,,,
14,19,30,2,1408,,,,,,,
0,19,30,0,,,,,,,,
24,19,31,1,1266,152,,,,,,
28,19,31,0,,,,,,,,
0,19,31,0,,,,,,,,
36,19,32,0,,,,,,,,
17,19,32,2,389,,,,,,,
0,19,32,0,,,,,,,,
