seq,subj,item,cond,R1,R2,R3,R4,R5,R6,R7,R8
18,1,1,1,2249,1423,1669,1671,1003,1748,,
0,1,1,0,,,,,,,,
0,1,1,0,,,,,,,,
0,1,2,0,,,,,,,,
0,1,2,0,,,,,,,,
33,1,2,2,2431,2582,1346,1013,1441,1201,,
16,1,3,1,2158,1190,1281,1923,1280,1255,,
0,1,3,0,,,,,,,,
0,1,3,0,,,,,,,,
0,1,4,0,,,,,,,,
0,1,4,0,,,,,,,,
7,1,4,2,2522,2140,1644,1501,1471,1817,,
14,1,5,1,5221,1112,1093,701,1327,1053,,
0,1,5,0,,,,,,,,
0,1,5,0,,,,,,,,
0,1,6,0,,,,,,,,
0,1,6,0,,,,,,,,
5,1,6,2,1626,1728,2323,1778,1681,2380,,
41,1,7,1,1815,2340,2773,1216,1378,1275,,
0,1,7,0,,,,,,,,
0,1,7,0,,,,,,,,
0,1,8,0,,,,,,,,
0,1,8,0,,,,,,,,
26,1,8,2,1559,2753,1629,1901,2418,2038,,
11,1,9,1,1039,1496,854,1481,1224,1089,,
0,1,9,0,,,,,,,,
0,1,9,0,,,,,,,,
0,1,10,0,,,,,,,,
0,1,10,0,,,,,,,,
1,1,10,2,2533,1771,1625,2259,2946,1652,,
10,1,11,1,2163,1512,1078,1324,913,1160,,
0,1,11,0,,,,,,,,
0,1,11,0,,,,,,,,
0,1,12,0,,,,,,,,
21,1,12,2,1658,2038,3009,2569,1494,479,,
0,1,12,0,,,,,,,,
22,1,13,1,3939,1428,1915,2133,1262,1196,,
0,1,13,0,,,,,,,,
0,1,13,0,,,,,,,,
0,1,14,0,,,,,,,,
9,1,14,2,3166,1000,1707,1421,1332,1266,,
0,1,14,0,,,,,,,,
13,1,15,1,1016,2099,1019,1241,1265,1046,,
0,1,15,0,,,,,,,,
0,1,15,0,,,,,,,,
0,1,16,0,,,,,,,,
28,1,16,2,3079,1655,1929,734,931,1009,,
0,1,16,0,,,,,,,,
24,1,17,1,2004,2195,1732,1159,2251,1917,,
0,1,17,0,,,,,,,,
0,1,17,0,,,,,,,,
0,1,18,0,,,,,,,,
20,1,18,2,1586,1905,1591,1709,2114,1331,,
0,1,18,0,,,,,,,,
37,1,19,1,2272,2164,2492,1423,1544,1608,,
0,1,19,0,,,,,,,,
0,1,19,0,,,,,,,,
0,1,20,0,,,,,,,,
3,1,20,2,3242,1231,1421,1718,1124,2321,,
0,1,20,0,,,,,,,,
29,1,21,1,1613,3085,2105,2603,1881,2164,,
0,1,21,0,,,,,,,,
0,1,21,0,,,,,,,,
0,1,22,0,,,,,,,,
31,1,22,2,617,2480,1211,961,1686,1623,,
0,1,22,0,,,,,,,,
35,1,23,1,1469,1998,2253,1269,1667,1514,,
0,1,23,0,,,,,,,,
0,1,23,0,,,,,,,,
0,1,24,0,,,,,,,,
23,1,24,2,2793,1461,2208,2468,1805,942,,
0,1,24,0,,,,,,,,
40,1,25,1,785,1671,2582,2370,663,1349,,
0,1,25,0,,,,,,,,
0,1,25,0,,,,,,,,
0,1,26,0,,,,,,,,
30,1,26,2,1791,1471,2300,2251,1472,864,,
0,1,26,0,,,,,,,,
39,1,27,1,2400,1863,1806,3280,850,1092,,
0,1,27,0,,,,,,,,
0,1,27,0,,,,,,,,
0,1,28,0,,,,,,,,
32,1,28,2,4545,1993,2398,1446,1336,1582,,
0,1,28,0,,,,,,,,
4,1,29,1,3161,1670,1595,3079,1505,2043,,
0,1,29,0,,,,,,,,
0,1,29,0,,,,,,,,
0,1,30,0,,,,,,,,
25,1,30,2,1916,2459,2461,2004,1435,2055,,
0,1,30,0,,,,,,,,
38,1,31,1,1353,1826,1604,915,1198,1459,,
0,1,31,0,,,,,,,,
0,1,31,0,,,,,,,,
0,1,32,0,,,,,,,,
36,1,32,2,995,1734,1673,2086,1216,877,,
0,1,32,0,,,,,,,,
13,2,1,1,1680,2856,1199,2409,1813,1618,,
0,2,1,0,,,,,,,,
0,2,1,0,,,,,,,,
0,2,2,0,,,,,,,,
0,2,2,0,,,,,,,,
29,2,2,2,2260,1669,2839,2154,2433,1245,,
5,2,3,1,2644,1417,2103,1882,1802,2028,,
0,2,3,0,,,,,,,,
0,2,3,0,,,,,,,,
0,2,4,0,,,,,,,,
0,2,4,0,,,,,,,,
25,2,4,2,1451,4288,1514,2142,1361,1424,,
15,2,5,1,2310,1843,1444,1803,1550,1455,,
0,2,5,0,,,,,,,,
0,2,5,0,,,,,,,,
0,2,6,0,,,,,,,,
0,2,6,0,,,,,,,,
39,2,6,2,1459,1677,2235,1739,2070,1057,,
35,2,7,1,2471,1500,1811,1622,907,1903,,
0,2,7,0,,,,,,,,
0,2,7,0,,,,,,,,
0,2,8,0,,,,,,,,
0,2,8,0,,,,,,,,
43,2,8,2,2005,2019,1599,1218,1915,2043,,
10,2,9,1,1008,2595,1348,1757,1636,1370,,
0,2,9,0,,,,,,,,
0,2,9,0,,,,,,,,
0,2,10,0,,,,,,,,
0,2,10,0,,,,,,,,
21,2,10,2,1600,1428,1660,1491,1460,2303,,
32,2,11,1,1804,3725,2218,2535,1607,1904,,
0,2,11,0,,,,,,,,
0,2,11,0,,,,,,,,
0,2,12,0,,,,,,,,
34,2,12,2,1174,2659,1350,2024,1587,890,,
0,2,12,0,,,,,,,,
2,2,13,1,3351,1758,2725,4113,1880,1539,,
0,2,13,0,,,,,,,,
0,2,13,0,,,,,,,,
0,2,14,0,,,,,,,,
8,2,14,2,1946,1939,2635,2592,1480,833,,
0,2,14,0,,,,,,,,
38,2,15,1,1257,2318,751,1365,1582,967,,
0,2,15,0,,,,,,,,
0,2,15,0,,,,,,,,
0,2,16,0,,,,,,,,
17,2,16,2,2240,2167,2658,1803,1168,1414,,
0,2,16,0,,,,,,,,
27,2,17,1,1193,1593,2384,1208,1169,2206,,
0,2,17,0,,,,,,,,
0,2,17,0,,,,,,,,
0,2,18,0,,,,,,,,
42,2,18,2,2333,2992,2520,2596,1317,1788,,
0,2,18,0,,,,,,,,
1,2,19,1,3733,2885,2485,1270,1592,2026,,
0,2,19,0,,,,,,,,
0,2,19,0,,,,,,,,
0,2,20,0,,,,,,,,
33,2,20,2,2052,1783,1935,1783,1614,819,,
0,2,20,0,,,,,,,,
3,2,21,1,2834,2218,2543,2256,1560,2101,,
0,2,21,0,,,,,,,,
0,2,21,0,,,,,,,,
0,2,22,0,,,,,,,,
31,2,22,2,1565,1933,2003,1577,1824,2393,,
0,2,22,0,,,,,,,,
23,2,23,1,900,1277,1564,1316,1270,1617,,
0,2,23,0,,,,,,,,
0,2,23,0,,,,,,,,
0,2,24,0,,,,,,,,
9,2,24,2,3304,1990,1838,3263,1851,1775,,
0,2,24,0,,,,,,,,
7,2,25,1,1970,2102,3252,3289,1426,1239,,
0,2,25,0,,,,,,,,
0,2,25,0,,,,,,,,
0,2,26,0,,,,,,,,
4,2,26,2,1906,2102,2175,2910,1822,1499,,
0,2,26,0,,,,,,,,
41,2,27,1,1639,2442,2253,1729,943,1787,,
0,2,27,0,,,,,,,,
0,2,27,0,,,,,,,,
0,2,28,0,,,,,,,,
12,2,28,2,2194,1640,2271,2108,2079,1986,,
0,2,28,0,,,,,,,,
37,2,29,1,2063,1662,1547,1738,1668,1173,,
0,2,29,0,,,,,,,,
0,2,29,0,,,,,,,,
0,2,30,0,,,,,,,,
28,2,30,2,1805,1883,2141,2332,2715,2267,,
0,2,30,0,,,,,,,,
20,2,31,1,1498,1340,2378,2030,1356,1562,,
0,2,31,0,,,,,,,,
0,2,31,0,,,,,,,,
0,2,32,0,,,,,,,,
24,2,32,2,1437,2620,1693,1643,1184,1173,,
0,2,32,0,,,,,,,,
23,3,1,1,3474,1775,1564,1440,1013,739,,
0,3,1,0,,,,,,,,
0,3,1,0,,,,,,,,
0,3,2,0,,,,,,,,
0,3,2,0,,,,,,,,
25,3,2,2,2440,3877,3047,2822,1722,1090,,
5,3,3,1,2070,2123,1857,1215,1200,2515,,
0,3,3,0,,,,,,,,
0,3,3,0,,,,,,,,
0,3,4,0,,,,,,,,
0,3,4,0,,,,,,,,
16,3,4,2,3604,4628,1494,2579,2190,1252,,
31,3,5,1,2124,1251,621,1242,732,749,,
0,3,5,0,,,,,,,,
0,3,5,0,,,,,,,,
0,3,6,0,,,,,,,,
0,3,6,0,,,,,,,,
29,3,6,2,1466,1607,1783,1251,820,825,,
10,3,7,1,2458,2465,2902,2146,1366,1798,,
0,3,7,0,,,,,,,,
0,3,7,0,,,,,,,,
0,3,8,0,,,,,,,,
0,3,8,0,,,,,,,,
20,3,8,2,1096,2085,3391,1243,1253,2244,,
40,3,9,1,2269,2643,1350,1284,1069,1083,,
0,3,9,0,,,,,,,,
0,3,9,0,,,,,,,,
0,3,10,0,,,,,,,,
0,3,10,0,,,,,,,,
33,3,10,2,3204,1708,1579,1244,1155,1571,,
39,3,11,1,5237,5741,975,1059,713,855,,
0,3,11,0,,,,,,,,
0,3,11,0,,,,,,,,
0,3,12,0,,,,,,,,
3,3,12,2,3359,5711,2024,2132,1845,980,,
0,3,12,0,,,,,,,,
15,3,13,1,2458,2201,1752,2256,1365,842,,
0,3,13,0,,,,,,,,
0,3,13,0,,,,,,,,
0,3,14,0,,,,,,,,
37,3,14,2,1736,1694,1703,1208,1700,815,,
0,3,14,0,,,,,,,,
1,3,15,1,1621,1062,1840,2126,1612,1321,,
0,3,15,0,,,,,,,,
0,3,15,0,,,,,,,,
0,3,16,0,,,,,,,,
19,3,16,2,2367,2751,2286,2371,1619,1032,,
0,3,16,0,,,,,,,,
28,3,17,1,1199,1011,1544,962,925,1973,,
0,3,17,0,,,,,,,,
0,3,17,0,,,,,,,,
0,3,18,0,,,,,,,,
2,3,18,2,1176,1929,2070,1194,1402,2747,,
0,3,18,0,,,,,,,,
42,3,19,1,1584,1686,3073,945,948,1379,,
0,3,19,0,,,,,,,,
0,3,19,0,,,,,,,,
0,3,20,0,,,,,,,,
35,3,20,2,1867,1556,2032,1698,976,814,,
0,3,20,0,,,,,,,,
12,3,21,1,1256,1736,1387,1293,1552,1334,,
0,3,21,0,,,,,,,,
0,3,21,0,,,,,,,,
0,3,22,0,,,,,,,,
38,3,22,2,1212,2222,1407,978,2178,1555,,
0,3,22,0,,,,,,,,
8,3,23,1,2931,2320,2900,2663,1357,1433,,
0,3,23,0,,,,,,,,
0,3,23,0,,,,,,,,
0,3,24,0,,,,,,,,
14,3,24,2,1612,892,1207,1883,960,890,,
0,3,24,0,,,,,,,,
36,3,25,1,2106,2060,1686,1522,513,969,,
0,3,25,0,,,,,,,,
0,3,25,0,,,,,,,,
0,3,26,0,,,,,,,,
27,3,26,2,1811,1302,1236,1190,638,1275,,
0,3,26,0,,,,,,,,
22,3,27,1,1638,1262,1249,1947,970,1888,,
0,3,27,0,,,,,,,,
0,3,27,0,,,,,,,,
0,3,28,0,,,,,,,,
18,3,28,2,2542,1949,4407,3049,1580,2482,,
0,3,28,0,,,,,,,,
4,3,29,1,3716,1619,5540,1293,1049,1453,,
0,3,29,0,,,,,,,,
0,3,29,0,,,,,,,,
0,3,30,0,,,,,,,,
13,3,30,2,1740,3721,1543,1574,2351,2531,,
0,3,30,0,,,,,,,,
7,3,31,1,3634,3704,2325,731,1310,2006,,
0,3,31,0,,,,,,,,
0,3,31,0,,,,,,,,
0,3,32,0,,,,,,,,
9,3,32,2,1326,1816,1538,1694,1215,1227,,
0,3,32,0,,,,,,,,
27,4,1,1,4727,2432,1983,1590,1775,1649,,
0,4,1,0,,,,,,,,
0,4,1,0,,,,,,,,
0,4,2,0,,,,,,,,
0,4,2,0,,,,,,,,
33,4,2,2,2333,2304,2116,1561,1662,1075,,
35,4,3,1,1613,884,2043,1267,972,1893,,
0,4,3,0,,,,,,,,
0,4,3,0,,,,,,,,
0,4,4,0,,,,,,,,
0,4,4,0,,,,,,,,
10,4,4,2,2515,3446,1300,1615,1438,1753,,
4,4,5,1,3976,2512,1323,1584,1260,1715,,
0,4,5,0,,,,,,,,
0,4,5,0,,,,,,,,
0,4,6,0,,,,,,,,
0,4,6,0,,,,,,,,
41,4,6,2,2622,1317,1389,2733,2045,1138,,
14,4,7,1,2791,2110,2214,1726,1223,1500,,
0,4,7,0,,,,,,,,
0,4,7,0,,,,,,,,
0,4,8,0,,,,,,,,
0,4,8,0,,,,,,,,
20,4,8,2,2022,2621,1599,1212,1725,1887,,
24,4,9,1,1201,2180,1138,1561,1048,2087,,
0,4,9,0,,,,,,,,
0,4,9,0,,,,,,,,
0,4,10,0,,,,,,,,
0,4,10,0,,,,,,,,
37,4,10,2,1040,1134,1064,1077,1358,1742,,
6,4,11,1,4534,4098,1958,1394,1012,1791,,
0,4,11,0,,,,,,,,
0,4,11,0,,,,,,,,
0,4,12,0,,,,,,,,
18,4,12,2,3198,4222,3917,3314,1386,1659,,
0,4,12,0,,,,,,,,
3,4,13,1,2471,3221,1924,2314,1609,1650,,
0,4,13,0,,,,,,,,
0,4,13,0,,,,,,,,
0,4,14,0,,,,,,,,
29,4,14,2,2191,999,1108,1167,1153,2116,,
0,4,14,0,,,,,,,,
19,4,15,1,1683,1538,1435,1492,1076,2417,,
0,4,15,0,,,,,,,,
0,4,15,0,,,,,,,,
0,4,16,0,,,,,,,,
17,4,16,2,5103,3240,2195,1532,1058,1676,,
0,4,16,0,,,,,,,,
13,4,17,1,6880,3486,2252,956,2403,1695,,
0,4,17,0,,,,,,,,
0,4,17,0,,,,,,,,
0,4,18,0,,,,,,,,
31,4,18,2,1891,4775,3561,2522,1057,1729,,
0,4,18,0,,,,,,,,
26,4,19,1,1627,4344,3093,2388,1128,2419,,
0,4,19,0,,,,,,,,
0,4,19,0,,,,,,,,
0,4,20,0,,,,,,,,
30,4,20,2,2262,1483,2815,2734,1282,1602,,
0,4,20,0,,,,,,,,
32,4,21,1,2904,2532,1696,2824,1185,1752,,
0,4,21,0,,,,,,,,
0,4,21,0,,,,,,,,
0,4,22,0,,,,,,,,
1,4,22,2,1419,2049,2658,1486,3602,1055,,
0,4,22,0,,,,,,,,
16,4,23,1,3272,2373,4002,1421,1270,2241,,
0,4,23,0,,,,,,,,
0,4,23,0,,,,,,,,
0,4,24,0,,,,,,,,
39,4,24,2,2633,2446,1497,1861,890,952,,
0,4,24,0,,,,,,,,
2,4,25,1,2385,2397,2634,2637,1463,1903,,
0,4,25,0,,,,,,,,
0,4,25,0,,,,,,,,
0,4,26,0,,,,,,,,
9,4,26,2,3741,4119,5056,2599,2778,1601,,
0,4,26,0,,,,,,,,
8,4,27,1,1441,1829,1663,2272,1328,1645,,
0,4,27,0,,,,,,,,
0,4,27,0,,,,,,,,
0,4,28,0,,,,,,,,
22,4,28,2,3683,3489,3303,3498,1954,2374,,
0,4,28,0,,,,,,,,
23,4,29,1,2518,2016,1771,1544,1295,2789,,
0,4,29,0,,,,,,,,
0,4,29,0,,,,,,,,
0,4,30,0,,,,,,,,
7,4,30,2,3405,2101,1784,1598,1567,2575,,
0,4,30,0,,,,,,,,
12,4,31,1,5869,5325,2428,1236,1115,2373,,
0,4,31,0,,,,,,,,
0,4,31,0,,,,,,,,
0,4,32,0,,,,,,,,
40,4,32,2,2420,4064,2268,1177,945,1410,,
0,4,32,0,,,,,,,,
41,5,1,1,1358,2454,1314,2052,633,816,,
0,5,1,0,,,,,,,,
0,5,1,0,,,,,,,,
0,5,2,0,,,,,,,,
0,5,2,0,,,,,,,,
17,5,2,2,2202,2248,2237,2380,1828,1040,,
35,5,3,1,2283,1527,1687,755,1182,826,,
0,5,3,0,,,,,,,,
0,5,3,0,,,,,,,,
0,5,4,0,,,,,,,,
0,5,4,0,,,,,,,,
1,5,4,2,2802,5172,1630,2411,2304,1245,,
30,5,5,1,968,2502,730,1075,1182,1411,,
0,5,5,0,,,,,,,,
0,5,5,0,,,,,,,,
0,5,6,0,,,,,,,,
0,5,6,0,,,,,,,,
23,5,6,2,573,1399,1015,916,1002,670,,
7,5,7,1,2273,1145,1829,2228,661,854,,
0,5,7,0,,,,,,,,
0,5,7,0,,,,,,,,
0,5,8,0,,,,,,,,
0,5,8,0,,,,,,,,
3,5,8,2,1698,1976,1487,1239,1738,1221,,
38,5,9,1,1764,2286,1810,817,654,953,,
0,5,9,0,,,,,,,,
0,5,9,0,,,,,,,,
0,5,10,0,,,,,,,,
0,5,10,0,,,,,,,,
12,5,10,2,1211,1168,4301,1354,752,863,,
6,5,11,1,2581,1138,1576,772,985,510,,
0,5,11,0,,,,,,,,
0,5,11,0,,,,,,,,
0,5,12,0,,,,,,,,
22,5,12,2,2435,4777,1352,1519,907,669,,
0,5,12,0,,,,,,,,
33,5,13,1,1698,1038,1588,1766,1814,660,,
0,5,13,0,,,,,,,,
0,5,13,0,,,,,,,,
0,5,14,0,,,,,,,,
40,5,14,2,749,912,1039,2134,2472,822,,
0,5,14,0,,,,,,,,
9,5,15,1,2417,2466,1442,1246,1009,950,,
0,5,15,0,,,,,,,,
0,5,15,0,,,,,,,,
0,5,16,0,,,,,,,,
20,5,16,2,2125,1852,2137,3783,404,889,,
0,5,16,0,,,,,,,,
25,5,17,1,2863,2931,2618,821,1511,1325,,
0,5,17,0,,,,,,,,
0,5,17,0,,,,,,,,
0,5,18,0,,,,,,,,
37,5,18,2,761,1501,1094,729,769,1092,,
0,5,18,0,,,,,,,,
19,5,19,1,2023,2861,2615,1374,1364,1644,,
0,5,19,0,,,,,,,,
0,5,19,0,,,,,,,,
0,5,20,0,,,,,,,,
15,5,20,2,2607,1348,1245,759,1180,1803,,
0,5,20,0,,,,,,,,
34,5,21,1,2080,1358,1574,787,1453,796,,
0,5,21,0,,,,,,,,
0,5,21,0,,,,,,,,
0,5,22,0,,,,,,,,
11,5,22,2,2451,1725,1491,1452,1219,683,,
0,5,22,0,,,,,,,,
28,5,23,1,1714,1670,1109,1025,754,908,,
0,5,23,0,,,,,,,,
0,5,23,0,,,,,,,,
0,5,24,0,,,,,,,,
5,5,24,2,4856,3307,3077,2313,771,834,,
0,5,24,0,,,,,,,,
29,5,25,1,1390,1225,930,1633,872,1475,,
0,5,25,0,,,,,,,,
0,5,25,0,,,,,,,,
0,5,26,0,,,,,,,,
21,5,26,2,2272,2106,2123,1585,1392,994,,
0,5,26,0,,,,,,,,
26,5,27,1,1215,2361,1051,3292,1516,803,,
0,5,27,0,,,,,,,,
0,5,27,0,,,,,,,,
0,5,28,0,,,,,,,,
16,5,28,2,2003,834,2283,1521,868,2096,,
0,5,28,0,,,,,,,,
32,5,29,1,2860,1849,1642,1135,1099,811,,
0,5,29,0,,,,,,,,
0,5,29,0,,,,,,,,
0,5,30,0,,,,,,,,
27,5,30,2,1545,1295,1643,1642,1133,1061,,
0,5,30,0,,,,,,,,
10,5,31,1,1655,1529,1470,964,801,1123,,
0,5,31,0,,,,,,,,
0,5,31,0,,,,,,,,
0,5,32,0,,,,,,,,
14,5,32,2,1189,1869,981,599,941,880,,
0,5,32,0,,,,,,,,
32,6,1,1,2350,3758,2307,1671,921,1253,,
0,6,1,0,,,,,,,,
0,6,1,0,,,,,,,,
0,6,2,0,,,,,,,,
0,6,2,0,,,,,,,,
17,6,2,2,4173,3810,2695,1228,1075,1352,,
22,6,3,1,2152,2430,1576,1229,1104,1166,,
0,6,3,0,,,,,,,,
0,6,3,0,,,,,,,,
0,6,4,0,,,,,,,,
0,6,4,0,,,,,,,,
24,6,4,2,3594,3389,1359,1782,669,640,,
15,6,5,1,923,1640,1514,1270,1703,1401,,
0,6,5,0,,,,,,,,
0,6,5,0,,,,,,,,
0,6,6,0,,,,,,,,
0,6,6,0,,,,,,,,
34,6,6,2,2516,1618,2440,2416,2459,560,,
11,6,7,1,2742,3572,3415,3027,1442,1929,,
0,6,7,0,,,,,,,,
0,6,7,0,,,,,,,,
0,6,8,0,,,,,,,,
0,6,8,0,,,,,,,,
37,6,8,2,1253,2388,2207,1980,2099,1048,,
3,6,9,1,9808,1820,3271,3373,2751,1287,,
0,6,9,0,,,,,,,,
0,6,9,0,,,,,,,,
0,6,10,0,,,,,,,,
0,6,10,0,,,,,,,,
41,6,10,2,781,2932,4041,1138,1126,1022,,
8,6,11,1,1445,2787,1606,1282,2199,758,,
0,6,11,0,,,,,,,,
0,6,11,0,,,,,,,,
0,6,12,0,,,,,,,,
13,6,12,2,3082,11222,5282,2979,1699,686,,
0,6,12,0,,,,,,,,
29,6,13,1,3745,2397,1623,1361,1772,503,,
0,6,13,0,,,,,,,,
0,6,13,0,,,,,,,,
0,6,14,0,,,,,,,,
6,6,14,2,3910,2556,4905,3386,2451,892,,
0,6,14,0,,,,,,,,
39,6,15,1,2873,3778,2420,1391,1360,1040,,
0,6,15,0,,,,,,,,
0,6,15,0,,,,,,,,
0,6,16,0,,,,,,,,
40,6,16,2,2618,2039,2199,1069,1229,530,,
0,6,16,0,,,,,,,,
5,6,17,1,2720,1682,2408,1566,1018,1010,,
0,6,17,0,,,,,,,,
0,6,17,0,,,,,,,,
0,6,18,0,,,,,,,,
2,6,18,2,1976,1447,1599,1378,1484,1240,,
0,6,18,0,,,,,,,,
21,6,19,1,1857,3149,2591,2633,1466,1284,,
0,6,19,0,,,,,,,,
0,6,19,0,,,,,,,,
0,6,20,0,,,,,,,,
7,6,20,2,3304,5102,2230,1199,655,911,,
0,6,20,0,,,,,,,,
30,6,21,1,2376,2640,2120,1572,1320,925,,
0,6,21,0,,,,,,,,
0,6,21,0,,,,,,,,
0,6,22,0,,,,,,,,
20,6,22,2,1120,2158,2167,1181,2636,408,,
0,6,22,0,,,,,,,,
27,6,23,1,2735,1874,1016,1242,1184,820,,
0,6,23,0,,,,,,,,
0,6,23,0,,,,,,,,
0,6,24,0,,,,,,,,
26,6,24,2,2807,1361,2068,1465,738,677,,
0,6,24,0,,,,,,,,
36,6,25,1,3307,3627,1304,2081,667,899,,
0,6,25,0,,,,,,,,
0,6,25,0,,,,,,,,
0,6,26,0,,,,,,,,
43,6,26,2,2825,2277,1273,1208,1298,694,,
0,6,26,0,,,,,,,,
10,6,27,1,2101,2651,1828,4062,1032,813,,
0,6,27,0,,,,,,,,
0,6,27,0,,,,,,,,
0,6,28,0,,,,,,,,
28,6,28,2,4710,2770,5920,4377,1663,1363,,
0,6,28,0,,,,,,,,
31,6,29,1,1612,3248,2978,3029,1688,947,,
0,6,29,0,,,,,,,,
0,6,29,0,,,,,,,,
0,6,30,0,,,,,,,,
9,6,30,2,2380,3406,3259,2544,1257,972,,
0,6,30,0,,,,,,,,
19,6,31,1,2621,3270,3596,3086,1922,1601,,
0,6,31,0,,,,,,,,
0,6,31,0,,,,,,,,
0,6,32,0,,,,,,,,
14,6,32,2,1848,2235,2935,2228,1838,973,,
0,6,32,0,,,,,,,,
37,7,1,1,2297,3394,1451,1090,1023,1097,,
0,7,1,0,,,,,,,,
0,7,1,0,,,,,,,,
0,7,2,0,,,,,,,,
0,7,2,0,,,,,,,,
31,7,2,2,1890,4010,1241,2393,1886,1172,,
39,7,3,1,1833,1208,1871,1187,805,1044,,
0,7,3,0,,,,,,,,
0,7,3,0,,,,,,,,
0,7,4,0,,,,,,,,
0,7,4,0,,,,,,,,
4,7,4,2,1636,4306,1792,2304,1293,2022,,
35,7,5,1,2160,2031,918,1470,737,1122,,
0,7,5,0,,,,,,,,
0,7,5,0,,,,,,,,
0,7,6,0,,,,,,,,
0,7,6,0,,,,,,,,
9,7,6,2,2516,863,1108,929,1580,855,,
12,7,7,1,1361,1452,1414,1165,850,1553,,
0,7,7,0,,,,,,,,
0,7,7,0,,,,,,,,
0,7,8,0,,,,,,,,
0,7,8,0,,,,,,,,
22,7,8,2,991,3025,1148,774,2048,2368,,
6,7,9,1,2719,3833,2633,2715,1223,1529,,
0,7,9,0,,,,,,,,
0,7,9,0,,,,,,,,
0,7,10,0,,,,,,,,
0,7,10,0,,,,,,,,
33,7,10,2,2141,1521,1470,1441,858,1503,,
24,7,11,1,1769,3891,3072,1713,736,1435,,
0,7,11,0,,,,,,,,
0,7,11,0,,,,,,,,
0,7,12,0,,,,,,,,
29,7,12,2,1815,2816,1384,1109,1322,675,,
0,7,12,0,,,,,,,,
42,7,13,1,2017,1418,2673,2403,1072,978,,
0,7,13,0,,,,,,,,
0,7,13,0,,,,,,,,
0,7,14,0,,,,,,,,
18,7,14,2,2485,1918,1694,1807,1605,1234,,
0,7,14,0,,,,,,,,
41,7,15,1,1290,985,1010,1260,832,1374,,
0,7,15,0,,,,,,,,
0,7,15,0,,,,,,,,
0,7,16,0,,,,,,,,
8,7,16,2,4461,1900,2079,1783,948,684,,
0,7,16,0,,,,,,,,
17,7,17,1,2637,1781,2255,813,2087,2356,,
0,7,17,0,,,,,,,,
0,7,17,0,,,,,,,,
0,7,18,0,,,,,,,,
16,7,18,2,2386,2340,1513,1197,1629,2057,,
0,7,18,0,,,,,,,,
21,7,19,1,2009,1548,1553,745,2216,2003,,
0,7,19,0,,,,,,,,
0,7,19,0,,,,,,,,
0,7,20,0,,,,,,,,
3,7,20,2,2547,3806,2639,1738,1420,2011,,
0,7,20,0,,,,,,,,
28,7,21,1,1336,773,2450,1514,1563,912,,
0,7,21,0,,,,,,,,
0,7,21,0,,,,,,,,
0,7,22,0,,,,,,,,
20,7,22,2,1189,2045,2885,1628,1058,1131,,
0,7,22,0,,,,,,,,
26,7,23,1,2923,1085,1690,2229,846,2074,,
0,7,23,0,,,,,,,,
0,7,23,0,,,,,,,,
0,7,24,0,,,,,,,,
25,7,24,2,2351,1284,1029,2029,720,764,,
0,7,24,0,,,,,,,,
30,7,25,1,1965,1011,1530,2630,1037,776,,
0,7,25,0,,,,,,,,
0,7,25,0,,,,,,,,
0,7,26,0,,,,,,,,
14,7,26,2,2629,1193,2264,2035,1478,1443,,
0,7,26,0,,,,,,,,
27,7,27,1,1119,1603,1298,2664,1326,1140,,
0,7,27,0,,,,,,,,
0,7,27,0,,,,,,,,
0,7,28,0,,,,,,,,
1,7,28,2,3203,2226,2313,2294,1477,2616,,
0,7,28,0,,,,,,,,
15,7,29,1,3010,1684,2709,2776,1040,1879,,
0,7,29,0,,,,,,,,
0,7,29,0,,,,,,,,
0,7,30,0,,,,,,,,
11,7,30,2,2949,1711,1788,2058,1285,1260,,
0,7,30,0,,,,,,,,
2,7,31,1,2225,1768,2374,1390,1461,2144,,
0,7,31,0,,,,,,,,
0,7,31,0,,,,,,,,
0,7,32,0,,,,,,,,
19,7,32,2,1747,2045,1117,1132,838,730,,
0,7,32,0,,,,,,,,
43,8,1,1,7563,4343,623,2900,1007,1400,,
0,8,1,0,,,,,,,,
0,8,1,0,,,,,,,,
0,8,2,0,,,,,,,,
0,8,2,0,,,,,,,,
22,8,2,2,5277,1371,2154,1132,2219,893,,
40,8,3,1,5773,1499,1511,1244,1041,2229,,
0,8,3,0,,,,,,,,
0,8,3,0,,,,,,,,
0,8,4,0,,,,,,,,
0,8,4,0,,,,,,,,
24,8,4,2,6423,2856,1399,1894,1281,918,,
29,8,5,1,4792,1967,1598,1927,892,1117,,
0,8,5,0,,,,,,,,
0,8,5,0,,,,,,,,
0,8,6,0,,,,,,,,
0,8,6,0,,,,,,,,
31,8,6,2,6922,1387,2231,1687,2943,819,,
3,8,7,1,4173,3055,2452,1656,976,1131,,
0,8,7,0,,,,,,,,
0,8,7,0,,,,,,,,
0,8,8,0,,,,,,,,
0,8,8,0,,,,,,,,
16,8,8,2,6119,1647,1169,2482,2081,1871,,
37,8,9,1,5583,2374,980,1191,1203,825,,
0,8,9,0,,,,,,,,
0,8,9,0,,,,,,,,
0,8,10,0,,,,,,,,
0,8,10,0,,,,,,,,
13,8,10,2,2279,1902,1149,1182,1592,738,,
10,8,11,1,5060,2239,1435,1438,1363,1189,,
0,8,11,0,,,,,,,,
0,8,11,0,,,,,,,,
0,8,12,0,,,,,,,,
7,8,12,2,4620,3142,942,1557,1351,1057,,
0,8,12,0,,,,,,,,
35,8,13,1,5263,994,1557,1622,1297,1427,,
0,8,13,0,,,,,,,,
0,8,13,0,,,,,,,,
0,8,14,0,,,,,,,,
42,8,14,2,4149,1450,2707,2301,2725,1024,,
0,8,14,0,,,,,,,,
39,8,15,1,3469,1202,1320,1581,1121,1683,,
0,8,15,0,,,,,,,,
0,8,15,0,,,,,,,,
0,8,16,0,,,,,,,,
12,8,16,2,6053,2760,3364,1936,1079,1132,,
0,8,16,0,,,,,,,,
46,8,17,1,6531,2781,1298,1054,1734,1340,,
0,8,17,0,,,,,,,,
0,8,17,0,,,,,,,,
0,8,18,0,,,,,,,,
9,8,18,2,5680,2475,3128,1469,2406,1340,,
0,8,18,0,,,,,,,,
15,8,19,1,3558,1537,2995,1033,1184,1870,,
0,8,19,0,,,,,,,,
0,8,19,0,,,,,,,,
0,8,20,0,,,,,,,,
1,8,20,2,4154,1915,2960,2682,1418,1239,,
0,8,20,0,,,,,,,,
45,8,21,1,2559,2219,1875,1079,1418,1655,,
0,8,21,0,,,,,,,,
0,8,21,0,,,,,,,,
0,8,22,0,,,,,,,,
21,8,22,2,4853,3225,1941,1256,1431,1765,,
0,8,22,0,,,,,,,,
26,8,23,1,2329,1093,2904,1741,1541,2035,,
0,8,23,0,,,,,,,,
0,8,23,0,,,,,,,,
0,8,24,0,,,,,,,,
18,8,24,2,3346,1397,766,2554,914,1769,,
0,8,24,0,,,,,,,,
2,8,25,1,2503,3028,2699,3270,3623,1575,,
0,8,25,0,,,,,,,,
0,8,25,0,,,,,,,,
0,8,26,0,,,,,,,,
33,8,26,2,3377,1501,3002,2103,1478,819,,
0,8,26,0,,,,,,,,
8,8,27,1,6571,1734,3854,2496,1174,2354,,
0,8,27,0,,,,,,,,
0,8,27,0,,,,,,,,
0,8,28,0,,,,,,,,
19,8,28,2,5764,2907,4270,1317,1966,2285,,
0,8,28,0,,,,,,,,
20,8,29,1,4978,1999,1568,1829,1247,1300,,
0,8,29,0,,,,,,,,
0,8,29,0,,,,,,,,
0,8,30,0,,,,,,,,
36,8,30,2,5823,2246,1984,1419,1230,2483,,
0,8,30,0,,,,,,,,
34,8,31,1,11309,1545,2539,2796,1090,947,,
0,8,31,0,,,,,,,,
0,8,31,0,,,,,,,,
0,8,32,0,,,,,,,,
5,8,32,2,6479,2061,1378,948,1026,841,,
0,8,32,0,,,,,,,,
7,9,1,1,3637,5314,1867,1723,1945,1060,,
0,9,1,0,,,,,,,,
0,9,1,0,,,,,,,,
0,9,2,0,,,,,,,,
0,9,2,0,,,,,,,,
39,9,2,2,2664,2949,2898,3984,1821,2021,,
27,9,3,1,3863,1277,2971,2269,1479,2047,,
0,9,3,0,,,,,,,,
0,9,3,0,,,,,,,,
0,9,4,0,,,,,,,,
0,9,4,0,,,,,,,,
13,9,4,2,3662,3100,2984,3391,1345,2386,,
23,9,5,1,3058,1835,1293,1547,2060,2167,,
0,9,5,0,,,,,,,,
0,9,5,0,,,,,,,,
0,9,6,0,,,,,,,,
0,9,6,0,,,,,,,,
15,9,6,2,3115,2275,3433,2748,1937,2068,,
2,9,7,1,1714,1926,2227,2455,1426,2487,,
0,9,7,0,,,,,,,,
0,9,7,0,,,,,,,,
0,9,8,0,,,,,,,,
0,9,8,0,,,,,,,,
29,9,8,2,1707,1781,3083,1543,2075,3760,,
36,9,9,1,2449,2762,1932,2666,1940,1170,,
0,9,9,0,,,,,,,,
0,9,9,0,,,,,,,,
0,9,10,0,,,,,,,,
0,9,10,0,,,,,,,,
21,9,10,2,1773,2232,1420,2392,3205,1562,,
18,9,11,1,3559,3910,1848,1571,1172,1355,,
0,9,11,0,,,,,,,,
0,9,11,0,,,,,,,,
0,9,12,0,,,,,,,,
11,9,12,2,4029,6657,2201,2921,1585,1512,,
0,9,12,0,,,,,,,,
41,9,13,1,2457,1977,1976,5605,1825,2213,,
0,9,13,0,,,,,,,,
0,9,13,0,,,,,,,,
0,9,14,0,,,,,,,,
42,9,14,2,2509,1502,1685,2058,2362,1791,,
0,9,14,0,,,,,,,,
38,9,15,1,1357,2126,1293,1378,1068,1094,,
0,9,15,0,,,,,,,,
0,9,15,0,,,,,,,,
0,9,16,0,,,,,,,,
33,9,16,2,2209,2312,2477,1141,1038,1582,,
0,9,16,0,,,,,,,,
32,9,17,1,1080,2827,2770,2773,1812,2280,,
0,9,17,0,,,,,,,,
0,9,17,0,,,,,,,,
0,9,18,0,,,,,,,,
4,9,18,2,3585,3717,3555,2930,1713,2113,,
0,9,18,0,,,,,,,,
10,9,19,1,2123,2068,2688,1151,2085,1398,,
0,9,19,0,,,,,,,,
0,9,19,0,,,,,,,,
0,9,20,0,,,,,,,,
25,9,20,2,2649,1943,3348,2578,1395,2230,,
0,9,20,0,,,,,,,,
6,9,21,1,2619,1353,1754,2353,1188,886,,
0,9,21,0,,,,,,,,
0,9,21,0,,,,,,,,
0,9,22,0,,,,,,,,
9,9,22,2,1980,2985,2821,2432,1987,2125,,
0,9,22,0,,,,,,,,
35,9,23,1,3120,2558,2014,1462,1421,3319,,
0,9,23,0,,,,,,,,
0,9,23,0,,,,,,,,
0,9,24,0,,,,,,,,
26,9,24,2,3105,1923,2320,2897,1139,2366,,
0,9,24,0,,,,,,,,
19,9,25,1,2452,1305,1548,3285,2069,1581,,
0,9,25,0,,,,,,,,
0,9,25,0,,,,,,,,
0,9,26,0,,,,,,,,
43,9,26,2,4191,3568,2282,2109,2260,2299,,
0,9,26,0,,,,,,,,
34,9,27,1,1765,2871,2171,2783,1374,1894,,
0,9,27,0,,,,,,,,
0,9,27,0,,,,,,,,
0,9,28,0,,,,,,,,
12,9,28,2,3975,1766,3782,3229,2683,2524,,
0,9,28,0,,,,,,,,
31,9,29,1,2166,2988,3279,1828,1475,1837,,
0,9,29,0,,,,,,,,
0,9,29,0,,,,,,,,
0,9,30,0,,,,,,,,
1,9,30,2,3447,2146,2279,2407,2637,4490,,
0,9,30,0,,,,,,,,
5,9,31,1,1694,3165,2128,1441,1832,2012,,
0,9,31,0,,,,,,,,
0,9,31,0,,,,,,,,
0,9,32,0,,,,,,,,
17,9,32,2,1464,2770,3076,2437,1231,1039,,
0,9,32,0,,,,,,,,
19,10,1,1,2111,2137,1696,2979,1620,1362,,
0,10,1,0,,,,,,,,
0,10,1,0,,,,,,,,
0,10,2,0,,,,,,,,
0,10,2,0,,,,,,,,
24,10,2,2,2252,1979,1546,2111,2165,1717,,
14,10,3,1,3121,1465,2505,2167,1063,1657,,
0,10,3,0,,,,,,,,
0,10,3,0,,,,,,,,
0,10,4,0,,,,,,,,
0,10,4,0,,,,,,,,
17,10,4,2,2687,4790,1263,1939,1405,1729,,
8,10,5,1,2518,1608,1515,1578,818,1053,,
0,10,5,0,,,,,,,,
0,10,5,0,,,,,,,,
0,10,6,0,,,,,,,,
0,10,6,0,,,,,,,,
29,10,6,2,1554,1848,2783,2261,1696,869,,
36,10,7,1,2080,1694,1772,1930,1020,719,,
0,10,7,0,,,,,,,,
0,10,7,0,,,,,,,,
0,10,8,0,,,,,,,,
0,10,8,0,,,,,,,,
26,10,8,2,1000,2212,2287,1350,1706,1255,,
41,10,9,1,1038,2541,1479,1235,1027,876,,
0,10,9,0,,,,,,,,
0,10,9,0,,,,,,,,
0,10,10,0,,,,,,,,
0,10,10,0,,,,,,,,
3,10,10,2,1648,2667,1475,1165,1738,1437,,
13,10,11,1,3512,2461,1808,1553,1633,2549,,
0,10,11,0,,,,,,,,
0,10,11,0,,,,,,,,
0,10,12,0,,,,,,,,
21,10,12,2,1338,2740,1502,2303,1650,920,,
0,10,12,0,,,,,,,,
34,10,13,1,2311,1281,1906,2163,1801,768,,
0,10,13,0,,,,,,,,
0,10,13,0,,,,,,,,
0,10,14,0,,,,,,,,
7,10,14,2,3228,1714,4216,2471,2177,2167,,
0,10,14,0,,,,,,,,
39,10,15,1,1438,1847,1745,2348,1718,940,,
0,10,15,0,,,,,,,,
0,10,15,0,,,,,,,,
0,10,16,0,,,,,,,,
35,10,16,2,2088,2629,2701,1176,1303,813,,
0,10,16,0,,,,,,,,
40,10,17,1,1899,1679,1788,1002,2502,1370,,
0,10,17,0,,,,,,,,
0,10,17,0,,,,,,,,
0,10,18,0,,,,,,,,
16,10,18,2,1458,2012,2783,1536,1228,2165,,
0,10,18,0,,,,,,,,
6,10,19,1,2659,3250,1847,1860,1676,1689,,
0,10,19,0,,,,,,,,
0,10,19,0,,,,,,,,
0,10,20,0,,,,,,,,
5,10,20,2,4671,3017,1812,2956,578,1107,,
0,10,20,0,,,,,,,,
28,10,21,1,1807,1552,1526,1480,1341,873,,
0,10,21,0,,,,,,,,
0,10,21,0,,,,,,,,
0,10,22,0,,,,,,,,
11,10,22,2,1422,1867,1438,1165,1907,960,,
0,10,22,0,,,,,,,,
22,10,23,1,2208,2586,1758,1139,1464,1138,,
0,10,23,0,,,,,,,,
0,10,23,0,,,,,,,,
0,10,24,0,,,,,,,,
12,10,24,2,2029,1359,1267,2089,1181,818,,
0,10,24,0,,,,,,,,
23,10,25,1,2222,1802,2522,2371,1215,1274,,
0,10,25,0,,,,,,,,
0,10,25,0,,,,,,,,
0,10,26,0,,,,,,,,
33,10,26,2,1473,2204,2251,924,1650,1134,,
0,10,26,0,,,,,,,,
32,10,27,1,2537,2133,1961,1852,1168,1519,,
0,10,27,0,,,,,,,,
0,10,27,0,,,,,,,,
0,10,28,0,,,,,,,,
38,10,28,2,2034,1958,3031,2317,869,1951,,
0,10,28,0,,,,,,,,
1,10,29,1,2452,2566,1981,2193,1594,1684,,
0,10,29,0,,,,,,,,
0,10,29,0,,,,,,,,
0,10,30,0,,,,,,,,
31,10,30,2,2058,1944,1349,1948,1417,2532,,
0,10,30,0,,,,,,,,
2,10,31,1,3438,5478,3029,1495,1792,1492,,
0,10,31,0,,,,,,,,
0,10,31,0,,,,,,,,
0,10,32,0,,,,,,,,
10,10,32,2,1702,2373,1598,1636,1109,1254,,
0,10,32,0,,,,,,,,
3,11,1,1,3193,1523,1198,1180,1392,1042,,
0,11,1,0,,,,,,,,
0,11,1,0,,,,,,,,
0,11,2,0,,,,,,,,
0,11,2,0,,,,,,,,
11,11,2,2,1624,2625,2818,3547,1158,634,,
36,11,3,1,1300,1098,832,817,481,1526,,
0,11,3,0,,,,,,,,
0,11,3,0,,,,,,,,
0,11,4,0,,,,,,,,
0,11,4,0,,,,,,,,
38,11,4,2,712,2804,1733,1564,1292,1542,,
27,11,5,1,969,1070,768,775,775,747,,
0,11,5,0,,,,,,,,
0,11,5,0,,,,,,,,
0,11,6,0,,,,,,,,
0,11,6,0,,,,,,,,
40,11,6,2,1186,736,2113,684,1284,521,,
7,11,7,1,1348,1543,1787,1435,860,993,,
0,11,7,0,,,,,,,,
0,11,7,0,,,,,,,,
0,11,8,0,,,,,,,,
0,11,8,0,,,,,,,,
1,11,8,2,1398,1943,643,1512,1871,1835,,
16,11,9,1,657,1463,969,1916,1957,1390,,
0,11,9,0,,,,,,,,
0,11,9,0,,,,,,,,
0,11,10,0,,,,,,,,
0,11,10,0,,,,,,,,
25,11,10,2,806,1788,1309,1185,1020,676,,
13,11,11,1,1448,1930,1687,1214,1417,685,,
0,11,11,0,,,,,,,,
0,11,11,0,,,,,,,,
0,11,12,0,,,,,,,,
15,11,12,2,879,1056,1374,1446,1114,876,,
0,11,12,0,,,,,,,,
31,11,13,1,1524,826,1121,780,2020,978,,
0,11,13,0,,,,,,,,
0,11,13,0,,,,,,,,
0,11,14,0,,,,,,,,
32,11,14,2,900,619,1697,1965,744,499,,
0,11,14,0,,,,,,,,
21,11,15,1,764,1341,936,1000,685,821,,
0,11,15,0,,,,,,,,
0,11,15,0,,,,,,,,
0,11,16,0,,,,,,,,
20,11,16,2,1490,1158,2095,1353,1567,968,,
0,11,16,0,,,,,,,,
9,11,17,1,2229,2353,2222,989,1036,937,,
0,11,17,0,,,,,,,,
0,11,17,0,,,,,,,,
0,11,18,0,,,,,,,,
5,11,18,2,1122,1778,3465,2431,1401,1634,,
0,11,18,0,,,,,,,,
10,11,19,1,938,2439,1339,754,1088,1267,,
0,11,19,0,,,,,,,,
0,11,19,0,,,,,,,,
0,11,20,0,,,,,,,,
42,11,20,2,1384,1675,2406,1864,1410,479,,
0,11,20,0,,,,,,,,
19,11,21,1,1220,813,1984,988,1590,707,,
0,11,21,0,,,,,,,,
0,11,21,0,,,,,,,,
0,11,22,0,,,,,,,,
6,11,22,2,1102,1879,1096,1066,1063,744,,
0,11,22,0,,,,,,,,
34,11,23,1,1500,857,1020,1189,819,966,,
0,11,23,0,,,,,,,,
0,11,23,0,,,,,,,,
0,11,24,0,,,,,,,,
14,11,24,2,1558,1977,1475,2417,1294,479,,
0,11,24,0,,,,,,,,
23,11,25,1,1618,1941,1181,935,795,949,,
0,11,25,0,,,,,,,,
0,11,25,0,,,,,,,,
0,11,26,0,,,,,,,,
35,11,26,2,346,507,927,1227,1670,883,,
0,11,26,0,,,,,,,,
30,11,27,1,673,900,688,1024,1127,847,,
0,11,27,0,,,,,,,,
0,11,27,0,,,,,,,,
0,11,28,0,,,,,,,,
29,11,28,2,1960,1071,2394,1345,1052,1523,,
0,11,28,0,,,,,,,,
24,11,29,1,2802,1168,1332,1303,1215,731,,
0,11,29,0,,,,,,,,
0,11,29,0,,,,,,,,
0,11,30,0,,,,,,,,
18,11,30,2,3109,1958,1470,908,1111,669,,
0,11,30,0,,,,,,,,
33,11,31,1,1346,2048,2083,1324,730,727,,
0,11,31,0,,,,,,,,
0,11,31,0,,,,,,,,
0,11,32,0,,,,,,,,
22,11,32,2,410,1441,1663,1283,1047,449,,
0,11,32,0,,,,,,,,
1,12,1,1,3722,2445,1169,1496,2199,1073,,
0,12,1,0,,,,,,,,
0,12,1,0,,,,,,,,
0,12,2,0,,,,,,,,
0,12,2,0,,,,,,,,
30,12,2,2,1885,3288,1377,1122,1219,1420,,
34,12,3,1,1335,1118,1056,1244,811,1148,,
0,12,3,0,,,,,,,,
0,12,3,0,,,,,,,,
0,12,4,0,,,,,,,,
0,12,4,0,,,,,,,,
23,12,4,2,1033,1986,1343,2024,1017,1114,,
20,12,5,1,2886,2696,2678,804,1181,1185,,
0,12,5,0,,,,,,,,
0,12,5,0,,,,,,,,
0,12,6,0,,,,,,,,
0,12,6,0,,,,,,,,
38,12,6,2,1160,1184,1634,1925,2031,1433,,
11,12,7,1,1983,1324,1688,1724,1440,1454,,
0,12,7,0,,,,,,,,
0,12,7,0,,,,,,,,
0,12,8,0,,,,,,,,
0,12,8,0,,,,,,,,
25,12,8,2,2712,1216,894,926,1077,1522,,
16,12,9,1,999,1620,925,1352,1310,1481,,
0,12,9,0,,,,,,,,
0,12,9,0,,,,,,,,
0,12,10,0,,,,,,,,
0,12,10,0,,,,,,,,
7,12,10,2,1858,1153,1644,1221,1325,2124,,
42,12,11,1,1401,3369,2619,1048,786,806,,
0,12,11,0,,,,,,,,
0,12,11,0,,,,,,,,
0,12,12,0,,,,,,,,
6,12,12,2,1105,1713,1272,2129,1990,1135,,
0,12,12,0,,,,,,,,
10,12,13,1,2177,1371,1535,2405,2468,2180,,
0,12,13,0,,,,,,,,
0,12,13,0,,,,,,,,
0,12,14,0,,,,,,,,
27,12,14,2,1356,1697,1909,1464,1430,2823,,
0,12,14,0,,,,,,,,
18,12,15,1,1958,1746,1448,1468,1904,2395,,
0,12,15,0,,,,,,,,
0,12,15,0,,,,,,,,
0,12,16,0,,,,,,,,
22,12,16,2,2353,2344,2559,828,1550,860,,
0,12,16,0,,,,,,,,
32,12,17,1,3072,3252,2187,1301,899,1104,,
0,12,17,0,,,,,,,,
0,12,17,0,,,,,,,,
0,12,18,0,,,,,,,,
28,12,18,2,1044,2360,1459,1494,975,1293,,
0,12,18,0,,,,,,,,
41,12,19,1,1779,1835,1106,931,1359,1693,,
0,12,19,0,,,,,,,,
0,12,19,0,,,,,,,,
0,12,20,0,,,,,,,,
15,12,20,2,2977,1935,1380,1055,1102,1103,,
0,12,20,0,,,,,,,,
37,12,21,1,2488,822,852,1181,860,915,,
0,12,21,0,,,,,,,,
0,12,21,0,,,,,,,,
0,12,22,0,,,,,,,,
3,12,22,2,2336,3627,3409,1159,836,1449,,
0,12,22,0,,,,,,,,
36,12,23,1,1328,975,1826,915,705,1035,,
0,12,23,0,,,,,,,,
0,12,23,0,,,,,,,,
0,12,24,0,,,,,,,,
14,12,24,2,1923,1166,1647,2339,1025,1636,,
0,12,24,0,,,,,,,,
9,12,25,1,2438,1793,1443,1256,1253,2042,,
0,12,25,0,,,,,,,,
0,12,25,0,,,,,,,,
0,12,26,0,,,,,,,,
13,12,26,2,3012,3468,1955,1289,1676,797,,
0,12,26,0,,,,,,,,
19,12,27,1,3959,3294,1525,1554,1666,1330,,
0,12,27,0,,,,,,,,
0,12,27,0,,,,,,,,
0,12,28,0,,,,,,,,
5,12,28,2,2108,2630,1868,1937,2094,2304,,
0,12,28,0,,,,,,,,
4,12,29,1,3130,2646,2517,3217,1615,837,,
0,12,29,0,,,,,,,,
0,12,29,0,,,,,,,,
0,12,30,0,,,,,,,,
40,12,30,2,2462,1795,1760,2948,807,1103,,
0,12,30,0,,,,,,,,
33,12,31,1,1275,1754,2036,1057,945,1142,,
0,12,31,0,,,,,,,,
0,12,31,0,,,,,,,,
0,12,32,0,,,,,,,,
29,12,32,2,2357,3589,1801,1567,1028,832,,
0,12,32,0,,,,,,,,
16,13,1,1,1687,2098,1414,1962,1439,1286,,
0,13,1,0,,,,,,,,
0,13,1,0,,,,,,,,
0,13,2,0,,,,,,,,
0,13,2,0,,,,,,,,
27,13,2,2,1882,4246,5121,4309,3702,1110,,
39,13,3,1,2360,1951,1972,3424,1886,2137,,
0,13,3,0,,,,,,,,
0,13,3,0,,,,,,,,
0,13,4,0,,,,,,,,
0,13,4,0,,,,,,,,
34,13,4,2,1717,2958,1934,3405,1862,1393,,
3,13,5,1,3356,2575,1897,1360,1148,1107,,
0,13,5,0,,,,,,,,
0,13,5,0,,,,,,,,
0,13,6,0,,,,,,,,
0,13,6,0,,,,,,,,
8,13,6,2,2553,3159,1770,1418,1294,1350,,
24,13,7,1,1512,1694,2008,1464,1060,1487,,
0,13,7,0,,,,,,,,
0,13,7,0,,,,,,,,
0,13,8,0,,,,,,,,
0,13,8,0,,,,,,,,
5,13,8,2,3762,1812,1634,1692,1839,2083,,
13,13,9,1,1616,3283,2438,1602,1247,1458,,
0,13,9,0,,,,,,,,
0,13,9,0,,,,,,,,
0,13,10,0,,,,,,,,
0,13,10,0,,,,,,,,
37,13,10,2,1007,1650,1374,1763,1149,1508,,
1,13,11,1,1462,2555,1835,1553,925,1737,,
0,13,11,0,,,,,,,,
0,13,11,0,,,,,,,,
0,13,12,0,,,,,,,,
2,13,12,2,1871,3220,1973,2159,1253,854,,
0,13,12,0,,,,,,,,
36,13,13,1,5027,3107,3418,2401,3340,1454,,
0,13,13,0,,,,,,,,
0,13,13,0,,,,,,,,
0,13,14,0,,,,,,,,
10,13,14,2,1973,1604,2142,2654,1389,862,,
0,13,14,0,,,,,,,,
19,13,15,1,1019,1447,1856,2081,1569,1376,,
0,13,15,0,,,,,,,,
0,13,15,0,,,,,,,,
0,13,16,0,,,,,,,,
18,13,16,2,2062,2212,2819,1639,1062,1176,,
0,13,16,0,,,,,,,,
12,13,17,1,3251,4114,2412,1387,1117,1714,,
0,13,17,0,,,,,,,,
0,13,17,0,,,,,,,,
0,13,18,0,,,,,,,,
30,13,18,2,2058,2406,1258,1326,1337,1525,,
0,13,18,0,,,,,,,,
23,13,19,1,5566,2201,2326,1381,1666,2333,,
0,13,19,0,,,,,,,,
0,13,19,0,,,,,,,,
0,13,20,0,,,,,,,,
43,13,20,2,1684,1895,2664,2668,1251,1921,,
0,13,20,0,,,,,,,,
33,13,21,1,1627,1904,2229,2660,2011,1272,,
0,13,21,0,,,,,,,,
0,13,21,0,,,,,,,,
0,13,22,0,,,,,,,,
20,13,22,2,2028,1833,1961,1191,2098,1200,,
0,13,22,0,,,,,,,,
29,13,23,1,3402,4397,1660,2068,1614,1710,,
0,13,23,0,,,,,,,,
0,13,23,0,,,,,,,,
0,13,24,0,,,,,,,,
32,13,24,2,2268,1929,1885,1997,949,1317,,
0,13,24,0,,,,,,,,
42,13,25,1,2089,1956,3276,1613,1078,1368,,
0,13,25,0,,,,,,,,
0,13,25,0,,,,,,,,
0,13,26,0,,,,,,,,
15,13,26,2,2438,1457,1688,1505,2741,1567,,
0,13,26,0,,,,,,,,
41,13,27,1,1605,2112,1941,2424,1344,1858,,
0,13,27,0,,,,,,,,
0,13,27,0,,,,,,,,
0,13,28,0,,,,,,,,
21,13,28,2,1819,1449,1932,1564,1148,2589,,
0,13,28,0,,,,,,,,
31,13,29,1,1692,2351,1845,1695,1659,1255,,
0,13,29,0,,,,,,,,
0,13,29,0,,,,,,,,
0,13,30,0,,,,,,,,
22,13,30,2,3277,2465,2055,1737,1368,1853,,
0,13,30,0,,,,,,,,
26,13,31,1,1789,1891,2163,2291,1644,1933,,
0,13,31,0,,,,,,,,
0,13,31,0,,,,,,,,
0,13,32,0,,,,,,,,
11,13,32,2,1222,1917,1600,1424,1601,919,,
0,13,32,0,,,,,,,,
26,14,1,1,6381,4815,4146,3032,2109,2323,,
0,14,1,0,,,,,,,,
0,14,1,0,,,,,,,,
0,14,2,0,,,,,,,,
0,14,2,0,,,,,,,,
39,14,2,2,4017,3036,2565,3198,2063,1148,,
33,14,3,1,3337,1506,2701,2249,4700,2436,,
0,14,3,0,,,,,,,,
0,14,3,0,,,,,,,,
0,14,4,0,,,,,,,,
0,14,4,0,,,,,,,,
7,14,4,2,5159,6593,2170,2294,2421,1547,,
5,14,5,1,4818,3615,2550,1677,1818,1345,,
0,14,5,0,,,,,,,,
0,14,5,0,,,,,,,,
0,14,6,0,,,,,,,,
0,14,6,0,,,,,,,,
28,14,6,2,1826,2383,2620,1855,2468,1519,,
31,14,7,1,5010,2866,3107,2355,1702,1788,,
0,14,7,0,,,,,,,,
0,14,7,0,,,,,,,,
0,14,8,0,,,,,,,,
0,14,8,0,,,,,,,,
11,14,8,2,4867,3647,2770,2115,3413,3786,,
24,14,9,1,4971,4189,1632,1924,2150,1808,,
0,14,9,0,,,,,,,,
0,14,9,0,,,,,,,,
0,14,10,0,,,,,,,,
0,14,10,0,,,,,,,,
19,14,10,2,2823,3131,3273,3516,2346,1320,,
38,14,11,1,3214,3733,3160,2094,1453,1756,,
0,14,11,0,,,,,,,,
0,14,11,0,,,,,,,,
0,14,12,0,,,,,,,,
41,14,12,2,3281,3113,2154,2892,2060,954,,
0,14,12,0,,,,,,,,
9,14,13,1,5589,2902,2413,3273,2410,1666,,
0,14,13,0,,,,,,,,
0,14,13,0,,,,,,,,
0,14,14,0,,,,,,,,
21,14,14,2,2743,1564,2994,2018,2182,2056,,
0,14,14,0,,,,,,,,
22,14,15,1,3932,2738,2745,2335,1330,2707,,
0,14,15,0,,,,,,,,
0,14,15,0,,,,,,,,
0,14,16,0,,,,,,,,
2,14,16,2,4171,3613,4416,1794,1761,1617,,
0,14,16,0,,,,,,,,
4,14,17,1,2881,3017,2600,1498,1757,3002,,
0,14,17,0,,,,,,,,
0,14,17,0,,,,,,,,
0,14,18,0,,,,,,,,
23,14,18,2,4904,6283,2281,2292,3335,1703,,
0,14,18,0,,,,,,,,
18,14,19,1,6474,3310,2985,1774,1623,2483,,
0,14,19,0,,,,,,,,
0,14,19,0,,,,,,,,
0,14,20,0,,,,,,,,
42,14,20,2,4058,2906,3126,2250,1315,1330,,
0,14,20,0,,,,,,,,
3,14,21,1,2899,1796,2277,3514,1721,1983,,
0,14,21,0,,,,,,,,
0,14,21,0,,,,,,,,
0,14,22,0,,,,,,,,
17,14,22,2,5076,3858,1899,2991,2669,2491,,
0,14,22,0,,,,,,,,
35,14,23,1,4518,2942,1164,1860,1563,1783,,
0,14,23,0,,,,,,,,
0,14,23,0,,,,,,,,
0,14,24,0,,,,,,,,
16,14,24,2,5022,2225,1531,2897,1266,2627,,
0,14,24,0,,,,,,,,
10,14,25,1,7330,2275,2157,2691,1342,2142,,
0,14,25,0,,,,,,,,
0,14,25,0,,,,,,,,
0,14,26,0,,,,,,,,
30,14,26,2,3163,2919,2053,1544,2352,1756,,
0,14,26,0,,,,,,,,
37,14,27,1,3429,2617,1798,1641,1563,1178,,
0,14,27,0,,,,,,,,
0,14,27,0,,,,,,,,
0,14,28,0,,,,,,,,
1,14,28,2,5533,2970,3069,2707,2343,3600,,
0,14,28,0,,,,,,,,
13,14,29,1,4873,4117,4159,2846,2888,1645,,
0,14,29,0,,,,,,,,
0,14,29,0,,,,,,,,
0,14,30,0,,,,,,,,
36,14,30,2,3349,2594,2842,3569,3022,2060,,
0,14,30,0,,,,,,,,
14,14,31,1,5830,2627,2809,1653,1954,1543,,
0,14,31,0,,,,,,,,
0,14,31,0,,,,,,,,
0,14,32,0,,,,,,,,
15,14,32,2,4086,6443,3989,2607,2008,973,,
0,14,32,0,,,,,,,,
16,15,1,1,1143,1717,1920,869,1321,1360,,
0,15,1,0,,,,,,,,
0,15,1,0,,,,,,,,
0,15,2,0,,,,,,,,
0,15,2,0,,,,,,,,
3,15,2,2,2589,2997,3212,1666,1437,921,,
36,15,3,1,1968,1169,1741,1048,679,1346,,
0,15,3,0,,,,,,,,
0,15,3,0,,,,,,,,
0,15,4,0,,,,,,,,
0,15,4,0,,,,,,,,
7,15,4,2,2507,2130,1047,1581,1103,1368,,
28,15,5,1,3730,2262,1102,1000,644,927,,
0,15,5,0,,,,,,,,
0,15,5,0,,,,,,,,
0,15,6,0,,,,,,,,
0,15,6,0,,,,,,,,
12,15,6,2,725,1437,1185,873,1114,1291,,
18,15,7,1,2853,1635,1725,1426,742,1256,,
0,15,7,0,,,,,,,,
0,15,7,0,,,,,,,,
0,15,8,0,,,,,,,,
0,15,8,0,,,,,,,,
24,15,8,2,786,996,760,788,1466,1420,,
1,15,9,1,1344,1645,1233,1710,1282,1472,,
0,15,9,0,,,,,,,,
0,15,9,0,,,,,,,,
0,15,10,0,,,,,,,,
0,15,10,0,,,,,,,,
9,15,10,2,2012,2548,1426,1154,1479,1055,,
22,15,11,1,1370,1229,1459,753,802,1460,,
0,15,11,0,,,,,,,,
0,15,11,0,,,,,,,,
0,15,12,0,,,,,,,,
30,15,12,2,1806,1503,1412,1502,1379,471,,
0,15,12,0,,,,,,,,
31,15,13,1,1574,1176,1640,1010,2235,860,,
0,15,13,0,,,,,,,,
0,15,13,0,,,,,,,,
0,15,14,0,,,,,,,,
40,15,14,2,463,886,1680,1655,590,2227,,
0,15,14,0,,,,,,,,
11,15,15,1,985,1837,1255,1235,1160,1711,,
0,15,15,0,,,,,,,,
0,15,15,0,,,,,,,,
0,15,16,0,,,,,,,,
27,15,16,2,905,1135,2549,941,1150,1105,,
0,15,16,0,,,,,,,,
20,15,17,1,1073,1127,1064,954,2362,1681,,
0,15,17,0,,,,,,,,
0,15,17,0,,,,,,,,
0,15,18,0,,,,,,,,
26,15,18,2,991,1742,1346,1056,939,1359,,
0,15,18,0,,,,,,,,
6,15,19,1,2368,1865,2956,1126,1398,1689,,
0,15,19,0,,,,,,,,
0,15,19,0,,,,,,,,
0,15,20,0,,,,,,,,
33,15,20,2,1181,1981,2151,1252,1026,1613,,
0,15,20,0,,,,,,,,
39,15,21,1,1501,1025,1350,1423,1361,894,,
0,15,21,0,,,,,,,,
0,15,21,0,,,,,,,,
0,15,22,0,,,,,,,,
41,15,22,2,2495,2920,1375,1284,2120,1340,,
0,15,22,0,,,,,,,,
42,15,23,1,3501,1666,1691,1137,867,1411,,
0,15,23,0,,,,,,,,
0,15,23,0,,,,,,,,
0,15,24,0,,,,,,,,
35,15,24,2,1118,712,1415,1226,563,1278,,
0,15,24,0,,,,,,,,
32,15,25,1,655,954,857,972,762,2228,,
0,15,25,0,,,,,,,,
0,15,25,0,,,,,,,,
0,15,26,0,,,,,,,,
21,15,26,2,1254,1212,1918,1587,1376,2605,,
0,15,26,0,,,,,,,,
38,15,27,1,1990,1332,2191,1971,558,2064,,
0,15,27,0,,,,,,,,
0,15,27,0,,,,,,,,
0,15,28,0,,,,,,,,
5,15,28,2,2363,2199,2216,1790,1282,1516,,
0,15,28,0,,,,,,,,
34,15,29,1,2627,2736,1416,1094,1356,2226,,
0,15,29,0,,,,,,,,
0,15,29,0,,,,,,,,
0,15,30,0,,,,,,,,
14,15,30,2,1557,2646,1708,1646,1629,2364,,
0,15,30,0,,,,,,,,
23,15,31,1,1477,2342,2263,819,1145,1363,,
0,15,31,0,,,,,,,,
0,15,31,0,,,,,,,,
0,15,32,0,,,,,,,,
15,15,32,2,1654,3194,1538,2283,1514,672,,
0,15,32,0,,,,,,,,
40,16,1,1,1061,1414,638,1140,874,1187,,
0,16,1,0,,,,,,,,
0,16,1,0,,,,,,,,
0,16,2,0,,,,,,,,
0,16,2,0,,,,,,,,
14,16,2,2,1224,1029,2260,1457,1365,464,,
25,16,3,1,1205,825,849,870,702,877,,
0,16,3,0,,,,,,,,
0,16,3,0,,,,,,,,
0,16,4,0,,,,,,,,
0,16,4,0,,,,,,,,
28,16,4,2,1053,1941,1402,1257,801,730,,
23,16,5,1,680,653,428,802,741,784,,
0,16,5,0,,,,,,,,
0,16,5,0,,,,,,,,
0,16,6,0,,,,,,,,
0,16,6,0,,,,,,,,
6,16,6,2,1181,1244,1108,1063,929,1163,,
1,16,7,1,1525,889,841,920,1118,1892,,
0,16,7,0,,,,,,,,
0,16,7,0,,,,,,,,
0,16,8,0,,,,,,,,
0,16,8,0,,,,,,,,
33,16,8,2,725,1155,1052,921,1097,1019,,
37,16,9,1,1021,1150,1011,992,897,605,,
0,16,9,0,,,,,,,,
0,16,9,0,,,,,,,,
0,16,10,0,,,,,,,,
0,16,10,0,,,,,,,,
35,16,10,2,1064,2174,1719,1947,1326,918,,
42,16,11,1,1262,2598,2153,1492,838,751,,
0,16,11,0,,,,,,,,
0,16,11,0,,,,,,,,
0,16,12,0,,,,,,,,
17,16,12,2,680,947,894,1947,1348,808,,
0,16,12,0,,,,,,,,
19,16,13,1,1007,673,1063,930,867,1041,,
0,16,13,0,,,,,,,,
0,16,13,0,,,,,,,,
0,16,14,0,,,,,,,,
31,16,14,2,734,571,1192,1188,1049,852,,
0,16,14,0,,,,,,,,
27,16,15,1,595,736,884,874,736,838,,
0,16,15,0,,,,,,,,
0,16,15,0,,,,,,,,
0,16,16,0,,,,,,,,
10,16,16,2,1133,649,2889,794,745,864,,
0,16,16,0,,,,,,,,
4,16,17,1,962,1181,1320,1039,1015,1709,,
0,16,17,0,,,,,,,,
0,16,17,0,,,,,,,,
0,16,18,0,,,,,,,,
22,16,18,2,861,832,1717,1444,953,1100,,
0,16,18,0,,,,,,,,
18,16,19,1,901,1164,1206,1015,1000,1537,,
0,16,19,0,,,,,,,,
0,16,19,0,,,,,,,,
0,16,20,0,,,,,,,,
30,16,20,2,1443,1140,1768,945,859,507,,
0,16,20,0,,,,,,,,
9,16,21,1,1179,1010,870,1333,753,871,,
0,16,21,0,,,,,,,,
0,16,21,0,,,,,,,,
0,16,22,0,,,,,,,,
32,16,22,2,615,1285,1691,1060,832,704,,
0,16,22,0,,,,,,,,
13,16,23,1,967,863,1000,982,744,690,,
0,16,23,0,,,,,,,,
0,16,23,0,,,,,,,,
0,16,24,0,,,,,,,,
3,16,24,2,1479,1135,1352,1491,941,1486,,
0,16,24,0,,,,,,,,
8,16,25,1,2089,1693,1490,1528,1089,960,,
0,16,25,0,,,,,,,,
0,16,25,0,,,,,,,,
0,16,26,0,,,,,,,,
21,16,26,2,1516,1429,1007,777,1089,846,,
0,16,26,0,,,,,,,,
5,16,27,1,1122,1366,937,3116,1107,1136,,
0,16,27,0,,,,,,,,
0,16,27,0,,,,,,,,
0,16,28,0,,,,,,,,
12,16,28,2,1084,1086,2936,1678,1197,990,,
0,16,28,0,,,,,,,,
11,16,29,1,1562,1265,1849,1322,1133,983,,
0,16,29,0,,,,,,,,
0,16,29,0,,,,,,,,
0,16,30,0,,,,,,,,
20,16,30,2,1292,1426,1300,1234,1023,772,,
0,16,30,0,,,,,,,,
39,16,31,1,615,1289,1005,946,945,546,,
0,16,31,0,,,,,,,,
0,16,31,0,,,,,,,,
0,16,32,0,,,,,,,,
16,16,32,2,851,918,2232,1558,1155,665,,
0,16,32,0,,,,,,,,
41,17,1,1,2403,2386,1185,1369,1702,1385,,
0,17,1,0,,,,,,,,
0,17,1,0,,,,,,,,
0,17,2,0,,,,,,,,
0,17,2,0,,,,,,,,
12,17,2,2,1965,2004,1486,2451,2016,1310,,
23,17,3,1,3942,2150,1849,2411,1777,1697,,
0,17,3,0,,,,,,,,
0,17,3,0,,,,,,,,
0,17,4,0,,,,,,,,
0,17,4,0,,,,,,,,
15,17,4,2,1170,2812,1611,1486,1372,1895,,
1,17,5,1,2325,2030,1692,1917,1275,2519,,
0,17,5,0,,,,,,,,
0,17,5,0,,,,,,,,
0,17,6,0,,,,,,,,
0,17,6,0,,,,,,,,
21,17,6,2,1871,2251,1515,1539,2421,3934,,
30,17,7,1,1834,1098,2278,1609,2002,1444,,
0,17,7,0,,,,,,,,
0,17,7,0,,,,,,,,
0,17,8,0,,,,,,,,
0,17,8,0,,,,,,,,
36,17,8,2,1873,1917,996,1587,1765,1456,,
38,17,9,1,1110,1997,993,1368,1260,1304,,
0,17,9,0,,,,,,,,
0,17,9,0,,,,,,,,
0,17,10,0,,,,,,,,
0,17,10,0,,,,,,,,
27,17,10,2,1450,2051,1635,1710,1024,1046,,
8,17,11,1,1623,1740,1702,1579,857,1404,,
0,17,11,0,,,,,,,,
0,17,11,0,,,,,,,,
0,17,12,0,,,,,,,,
26,17,12,2,1417,2501,1492,2624,2568,1664,,
0,17,12,0,,,,,,,,
17,17,13,1,2200,1438,1703,1581,1923,1014,,
0,17,13,0,,,,,,,,
0,17,13,0,,,,,,,,
0,17,14,0,,,,,,,,
7,17,14,2,2116,2085,1224,1689,2307,3230,,
0,17,14,0,,,,,,,,
34,17,15,1,1601,1304,1833,2429,2743,1941,,
0,17,15,0,,,,,,,,
0,17,15,0,,,,,,,,
0,17,16,0,,,,,,,,
3,17,16,2,2374,2137,2807,1721,1180,1641,,
0,17,16,0,,,,,,,,
11,17,17,1,1864,2841,1657,2109,2138,2938,,
0,17,17,0,,,,,,,,
0,17,17,0,,,,,,,,
0,17,18,0,,,,,,,,
35,17,18,2,1452,2595,2613,2014,1727,2696,,
0,17,18,0,,,,,,,,
6,17,19,1,1809,3366,2481,1343,1367,3443,,
0,17,19,0,,,,,,,,
0,17,19,0,,,,,,,,
0,17,20,0,,,,,,,,
14,17,20,2,1972,2136,2007,1928,992,1557,,
0,17,20,0,,,,,,,,
18,17,21,1,2292,1269,2228,1631,1596,1133,,
0,17,21,0,,,,,,,,
0,17,21,0,,,,,,,,
0,17,22,0,,,,,,,,
20,17,22,2,1363,1895,1387,1101,1236,1205,,
0,17,22,0,,,,,,,,
19,17,23,1,2112,1612,1470,1609,1426,2358,,
0,17,23,0,,,,,,,,
0,17,23,0,,,,,,,,
0,17,24,0,,,,,,,,
29,17,24,2,1898,1957,1364,1465,1059,1429,,
0,17,24,0,,,,,,,,
32,17,25,1,1441,1654,1457,2068,970,998,,
0,17,25,0,,,,,,,,
0,17,25,0,,,,,,,,
0,17,26,0,,,,,,,,
40,17,26,2,1633,1279,1350,1258,1162,1373,,
0,17,26,0,,,,,,,,
4,17,27,1,1733,2454,1961,3179,1490,1789,,
0,17,27,0,,,,,,,,
0,17,27,0,,,,,,,,
0,17,28,0,,,,,,,,
33,17,28,2,2561,1276,1416,1574,1291,2235,,
0,17,28,0,,,,,,,,
9,17,29,1,3396,1651,2120,1769,1962,2853,,
0,17,29,0,,,,,,,,
0,17,29,0,,,,,,,,
0,17,30,0,,,,,,,,
5,17,30,2,3117,2192,1976,2420,2292,2959,,
0,17,30,0,,,,,,,,
10,17,31,1,1389,1874,1762,2077,1093,1721,,
0,17,31,0,,,,,,,,
0,17,31,0,,,,,,,,
0,17,32,0,,,,,,,,
25,17,32,2,2480,1969,1675,1369,1017,1242,,
0,17,32,0,,,,,,,,
19,18,1,1,2987,3429,2227,2734,1316,832,,
0,18,1,0,,,,,,,,
0,18,1,0,,,,,,,,
0,18,2,0,,,,,,,,
0,18,2,0,,,,,,,,
12,18,2,0,,,,,,,,
6,18,3,1,2850,2062,1898,1542,1095,1874,,
0,18,3,0,,,,,,,,
0,18,3,0,,,,,,,,
0,18,4,0,,,,,,,,
0,18,4,0,,,,,,,,
22,18,4,2,2955,3426,1287,1421,1348,1403,,
4,18,5,1,2722,1599,1224,1079,750,961,,
0,18,5,0,,,,,,,,
0,18,5,0,,,,,,,,
0,18,6,0,,,,,,,,
0,18,6,0,,,,,,,,
16,18,6,2,1105,1851,1720,1525,1710,842,,
30,18,7,0,,,,,,,,
0,18,7,0,,,,,,,,
0,18,7,0,,,,,,,,
0,18,8,0,,,,,,,,
0,18,8,0,,,,,,,,
13,18,8,2,1829,2316,1342,1696,1336,1739,,
25,18,9,1,2756,1764,1846,967,800,1237,,
0,18,9,0,,,,,,,,
0,18,9,0,,,,,,,,
0,18,10,0,,,,,,,,
0,18,10,0,,,,,,,,
8,18,10,2,2293,2070,2325,1959,1503,2437,,
8,18,11,0,,,,,,,,
0,18,11,0,,,,,,,,
0,18,11,0,,,,,,,,
0,18,12,0,,,,,,,,
26,18,12,0,,,,,,,,
0,18,12,0,,,,,,,,
2,18,13,1,2594,1668,2385,1263,1818,772,,
0,18,13,0,,,,,,,,
0,18,13,0,,,,,,,,
0,18,14,0,,,,,,,,
7,18,14,0,,,,,,,,
0,18,14,0,,,,,,,,
34,18,15,0,,,,,,,,
0,18,15,0,,,,,,,,
0,18,15,0,,,,,,,,
0,18,16,0,,,,,,,,
1,18,16,2,4236,3481,2849,825,913,1035,,
0,18,16,0,,,,,,,,
10,18,17,1,2301,1360,3204,990,1038,1849,,
0,18,17,0,,,,,,,,
0,18,17,0,,,,,,,,
0,18,18,0,,,,,,,,
35,18,18,0,,,,,,,,
0,18,18,0,,,,,,,,
24,18,19,1,2243,2265,2077,918,1304,2024,,
0,18,19,0,,,,,,,,
0,18,19,0,,,,,,,,
0,18,20,0,,,,,,,,
11,18,20,2,4290,3763,1984,1590,913,966,,
0,18,20,0,,,,,,,,
3,18,21,1,2904,1248,1426,2135,2255,1092,,
0,18,21,0,,,,,,,,
0,18,21,0,,,,,,,,
0,18,22,0,,,,,,,,
12,18,22,2,2046,1689,1473,1144,2004,1283,,
0,18,22,0,,,,,,,,
19,18,23,0,,,,,,,,
0,18,23,0,,,,,,,,
0,18,23,0,,,,,,,,
0,18,24,0,,,,,,,,
29,18,24,0,,,,,,,,
0,18,24,0,,,,,,,,
32,18,25,0,,,,,,,,
0,18,25,0,,,,,,,,
0,18,25,0,,,,,,,,
0,18,26,0,,,,,,,,
40,18,26,0,,,,,,,,
0,18,26,0,,,,,,,,
4,18,27,0,,,,,,,,
0,18,27,0,,,,,,,,
0,18,27,0,,,,,,,,
0,18,28,0,,,,,,,,
18,18,28,2,1939,1477,2002,2049,1122,2527,,
0,18,28,0,,,,,,,,
27,18,29,1,2713,2076,1394,1230,1176,1544,,
0,18,29,0,,,,,,,,
0,18,29,0,,,,,,,,
0,18,30,0,,,,,,,,
28,18,30,2,3436,2415,1881,1955,1331,2543,,
0,18,30,0,,,,,,,,
21,18,31,1,2317,2385,1807,1543,996,992,,
0,18,31,0,,,,,,,,
0,18,31,0,,,,,,,,
0,18,32,0,,,,,,,,
15,18,32,2,1422,1872,2255,1943,1373,828,,
0,18,32,0,,,,,,,,
42,19,1,1,2165,2660,1441,1415,851,862,,
0,19,1,0,,,,,,,,
0,19,1,0,,,,,,,,
0,19,2,0,,,,,,,,
0,19,2,0,,,,,,,,
2,19,2,2,3134,2110,4358,1174,1167,773,,
36,19,3,1,3180,820,1383,756,736,2559,,
0,19,3,0,,,,,,,,
0,19,3,0,,,,,,,,
0,19,4,0,,,,,,,,
0,19,4,0,,,,,,,,
19,19,4,2,1706,2907,3558,2899,1082,1052,,
32,19,5,1,2184,1799,1135,1538,599,877,,
0,19,5,0,,,,,,,,
0,19,5,0,,,,,,,,
0,19,6,0,,,,,,,,
0,19,6,0,,,,,,,,
21,19,6,2,1804,1958,1924,1311,1078,1350,,
15,19,7,1,2586,1721,1645,1371,1172,2520,,
0,19,7,0,,,,,,,,
0,19,7,0,,,,,,,,
0,19,8,0,,,,,,,,
0,19,8,0,,,,,,,,
40,19,8,2,1105,1210,925,538,1780,1661,,
12,19,9,1,1488,1280,1148,599,585,788,,
0,19,9,0,,,,,,,,
0,19,9,0,,,,,,,,
0,19,10,0,,,,,,,,
0,19,10,0,,,,,,,,
10,19,10,2,1068,1392,764,1040,1278,1330,,
26,19,11,1,1672,1358,1143,2039,743,916,,
0,19,11,0,,,,,,,,
0,19,11,0,,,,,,,,
0,19,12,0,,,,,,,,
30,19,12,2,1741,1464,995,605,1374,592,,
0,19,12,0,,,,,,,,
38,19,13,1,1662,1448,1618,933,1219,374,,
0,19,13,0,,,,,,,,
0,19,13,0,,,,,,,,
0,19,14,0,,,,,,,,
14,19,14,2,1563,1007,1437,1109,987,487,,
0,19,14,0,,,,,,,,
8,19,15,1,2246,2345,1332,1631,1219,915,,
0,19,15,0,,,,,,,,
0,19,15,0,,,,,,,,
0,19,16,0,,,,,,,,
7,19,16,2,1496,2190,2678,1821,1228,629,,
0,19,16,0,,,,,,,,
1,19,17,1,1473,2655,1910,1125,864,1284,,
0,19,17,0,,,,,,,,
0,19,17,0,,,,,,,,
0,19,18,0,,,,,,,,
27,19,18,2,1850,1829,1250,920,849,936,,
0,19,18,0,,,,,,,,
34,19,19,1,1879,1173,1328,609,1510,892,,
0,19,19,0,,,,,,,,
0,19,19,0,,,,,,,,
0,19,20,0,,,,,,,,
17,19,20,2,4038,1807,1676,1972,1015,1014,,
0,19,20,0,,,,,,,,
31,19,21,1,1272,631,971,1109,1097,2345,,
0,19,21,0,,,,,,,,
0,19,21,0,,,,,,,,
0,19,22,0,,,,,,,,
5,19,22,2,1758,3945,3908,1333,778,2080,,
0,19,22,0,,,,,,,,
4,19,23,1,1646,2263,1534,824,984,827,,
0,19,23,0,,,,,,,,
0,19,23,0,,,,,,,,
0,19,24,0,,,,,,,,
18,19,24,2,1837,1211,911,1501,659,860,,
0,19,24,0,,,,,,,,
39,19,25,1,1609,1398,817,1005,852,1733,,
0,19,25,0,,,,,,,,
0,19,25,0,,,,,,,,
0,19,26,0,,,,,,,,
23,19,26,2,1286,1519,1270,1483,495,475,,
0,19,26,0,,,,,,,,
29,19,27,1,2015,1472,1220,1437,1110,1180,,
0,19,27,0,,,,,,,,
0,19,27,0,,,,,,,,
0,19,28,0,,,,,,,,
25,19,28,2,2994,1360,2420,1305,1304,4196,,
0,19,28,0,,,,,,,,
28,19,29,1,1811,1244,1241,1039,829,700,,
0,19,29,0,,,,,,,,
0,19,29,0,,,,,,,,
0,19,30,0,,,,,,,,
35,19,30,2,2987,1258,1635,1418,1794,863,,
0,19,30,0,,,,,,,,
24,19,31,1,1478,3048,1036,1244,1260,952,,
0,19,31,0,,,,,,,,
0,19,31,0,,,,,,,,
0,19,32,0,,,,,,,,
6,19,32,2,1524,1421,723,1044,721,540,,
0,19,32,0,,,,,,,,
1,20,1,1,6046,5134,2355,3126,1475,1882,,
0,20,1,0,,,,,,,,
0,20,1,0,,,,,,,,
0,20,2,0,,,,,,,,
0,20,2,0,,,,,,,,
28,20,2,2,3232,2316,1617,2358,3460,1794,,
41,20,3,1,1983,1748,1191,5024,2336,2835,,
0,20,3,0,,,,,,,,
0,20,3,0,,,,,,,,
0,20,4,0,,,,,,,,
0,20,4,0,,,,,,,,
3,20,4,2,2432,6598,2576,1710,1998,1967,,
32,20,5,1,3483,2302,1629,2988,1513,1241,,
0,20,5,0,,,,,,,,
0,20,5,0,,,,,,,,
0,20,6,0,,,,,,,,
0,20,6,0,,,,,,,,
38,20,6,2,2875,3719,1663,1358,1936,1174,,
12,20,7,1,1803,2267,1436,3409,1565,1880,,
0,20,7,0,,,,,,,,
0,20,7,0,,,,,,,,
0,20,8,0,,,,,,,,
0,20,8,0,,,,,,,,
30,20,8,2,1039,2539,856,2930,2330,1824,,
24,20,9,1,2056,2304,4305,2231,1932,2006,,
0,20,9,0,,,,,,,,
0,20,9,0,,,,,,,,
0,20,10,0,,,,,,,,
0,20,10,0,,,,,,,,
7,20,10,2,2297,3501,2665,1664,2296,2009,,
5,20,11,1,1910,2460,1579,1776,2510,1241,,
0,20,11,0,,,,,,,,
0,20,11,0,,,,,,,,
0,20,12,0,,,,,,,,
27,20,12,2,2044,3516,3032,4933,2214,849,,
0,20,12,0,,,,,,,,
6,20,13,1,2118,2859,1887,2696,2339,1839,,
0,20,13,0,,,,,,,,
0,20,13,0,,,,,,,,
0,20,14,0,,,,,,,,
15,20,14,2,2051,1876,3325,2755,2776,1568,,
0,20,14,0,,,,,,,,
35,20,15,1,1004,1668,4086,3256,2568,1873,,
0,20,15,0,,,,,,,,
0,20,15,0,,,,,,,,
0,20,16,0,,,,,,,,
43,20,16,2,2331,2395,2481,4333,2621,960,,
0,20,16,0,,,,,,,,
17,20,17,1,1824,2594,2026,997,3823,3098,,
0,20,17,0,,,,,,,,
0,20,17,0,,,,,,,,
0,20,18,0,,,,,,,,
16,20,18,2,1307,4488,4524,2719,2749,2690,,
0,20,18,0,,,,,,,,
14,20,19,1,1858,2377,2897,2574,2381,1669,,
0,20,19,0,,,,,,,,
0,20,19,0,,,,,,,,
0,20,20,0,,,,,,,,
23,20,20,2,2007,2625,2530,1844,1073,2244,,
0,20,20,0,,,,,,,,
22,20,21,1,2603,2801,2065,1815,3191,2509,,
0,20,21,0,,,,,,,,
0,20,21,0,,,,,,,,
0,20,22,0,,,,,,,,
26,20,22,2,1444,3436,2955,1161,1313,1331,,
0,20,22,0,,,,,,,,
19,20,23,1,3123,3168,3519,1821,1245,2983,,
0,20,23,0,,,,,,,,
0,20,23,0,,,,,,,,
0,20,24,0,,,,,,,,
36,20,24,2,2405,997,2276,4623,2471,2357,,
0,20,24,0,,,,,,,,
10,20,25,1,1761,2314,2642,2180,1536,1468,,
0,20,25,0,,,,,,,,
0,20,25,0,,,,,,,,
0,20,26,0,,,,,,,,
37,20,26,2,3261,1330,3486,1784,1796,1425,,
0,20,26,0,,,,,,,,
21,20,27,1,2775,1865,1487,1975,1357,2817,,
0,20,27,0,,,,,,,,
0,20,27,0,,,,,,,,
0,20,28,0,,,,,,,,
34,20,28,2,2236,1454,3181,1787,1667,4673,,
0,20,28,0,,,,,,,,
11,20,29,1,4145,2167,2193,2908,1633,2329,,
0,20,29,0,,,,,,,,
0,20,29,0,,,,,,,,
0,20,30,0,,,,,,,,
40,20,30,2,5016,3556,4345,3859,2693,2434,,
0,20,30,0,,,,,,,,
44,20,31,1,1379,2954,3197,1486,1158,2859,,
0,20,31,0,,,,,,,,
0,20,31,0,,,,,,,,
0,20,32,0,,,,,,,,
9,20,32,2,3435,3782,2004,1298,2128,935,,
0,20,32,0,,,,,,,,
15,21,1,1,4384,2079,1982,1700,1944,975,,
0,21,1,0,,,,,,,,
0,21,1,0,,,,,,,,
0,21,2,0,,,,,,,,
0,21,2,0,,,,,,,,
9,21,2,2,5331,2234,2711,2114,2376,1140,,
27,21,3,1,2738,2274,2389,1750,1987,1444,,
0,21,3,0,,,,,,,,
0,21,3,0,,,,,,,,
0,21,4,0,,,,,,,,
0,21,4,0,,,,,,,,
31,21,4,2,3667,5253,1201,1614,2016,1473,,
12,21,5,1,3174,4871,5116,2531,1188,1408,,
0,21,5,0,,,,,,,,
0,21,5,0,,,,,,,,
0,21,6,0,,,,,,,,
0,21,6,0,,,,,,,,
4,21,6,2,4247,2431,2489,3601,2359,1085,,
22,21,7,1,5793,2099,3561,1940,1810,1556,,
0,21,7,0,,,,,,,,
0,21,7,0,,,,,,,,
0,21,8,0,,,,,,,,
0,21,8,0,,,,,,,,
41,21,8,2,4637,3175,2915,2104,4423,3028,,
36,21,9,1,2867,3973,1428,1434,1479,1002,,
0,21,9,0,,,,,,,,
0,21,9,0,,,,,,,,
0,21,10,0,,,,,,,,
0,21,10,0,,,,,,,,
2,21,10,2,2052,4531,3218,2454,1210,1344,,
39,21,11,1,3898,4098,2824,3800,1214,1847,,
0,21,11,0,,,,,,,,
0,21,11,0,,,,,,,,
0,21,12,0,,,,,,,,
8,21,12,2,4364,2537,2654,2013,1634,904,,
0,21,12,0,,,,,,,,
11,21,13,1,5396,3457,3416,1398,1602,1569,,
0,21,13,0,,,,,,,,
0,21,13,0,,,,,,,,
0,21,14,0,,,,,,,,
20,21,14,2,3138,2058,1689,1706,1773,764,,
0,21,14,0,,,,,,,,
33,21,15,1,4290,5339,1520,1738,1234,1807,,
0,21,15,0,,,,,,,,
0,21,15,0,,,,,,,,
0,21,16,0,,,,,,,,
14,21,16,2,4354,2057,2312,2450,881,1277,,
0,21,16,0,,,,,,,,
34,21,17,1,4186,2938,3983,2167,1491,2287,,
0,21,17,0,,,,,,,,
0,21,17,0,,,,,,,,
0,21,18,0,,,,,,,,
7,21,18,2,2591,2916,3668,3116,1789,1425,,
0,21,18,0,,,,,,,,
40,21,19,1,6579,3149,3491,1461,1433,1753,,
0,21,19,0,,,,,,,,
0,21,19,0,,,,,,,,
0,21,20,0,,,,,,,,
19,21,20,2,3676,1696,3244,1875,1240,1176,,
0,21,20,0,,,,,,,,
25,21,21,1,2575,3514,3231,3456,2307,1326,,
0,21,21,0,,,,,,,,
0,21,21,0,,,,,,,,
0,21,22,0,,,,,,,,
38,21,22,2,7796,2362,5623,1964,1269,1213,,
0,21,22,0,,,,,,,,
29,21,23,1,5233,2371,1155,1104,1034,1087,,
0,21,23,0,,,,,,,,
0,21,23,0,,,,,,,,
0,21,24,0,,,,,,,,
18,21,24,2,3317,2796,1995,2252,956,1099,,
0,21,24,0,,,,,,,,
24,21,25,1,5991,4515,1750,2174,1494,1225,,
0,21,25,0,,,,,,,,
0,21,25,0,,,,,,,,
0,21,26,0,,,,,,,,
35,21,26,2,2556,4062,3262,1744,1947,2041,,
0,21,26,0,,,,,,,,
1,21,27,1,4147,3402,1945,6597,1759,1175,,
0,21,27,0,,,,,,,,
0,21,27,0,,,,,,,,
0,21,28,0,,,,,,,,
6,21,28,2,5444,2079,3668,5115,1751,1995,,
0,21,28,0,,,,,,,,
26,21,29,1,3467,2455,3369,3305,1881,1723,,
0,21,29,0,,,,,,,,
0,21,29,0,,,,,,,,
0,21,30,0,,,,,,,,
17,21,30,2,2195,2936,1728,1666,1540,1558,,
0,21,30,0,,,,,,,,
21,21,31,1,6229,2182,2265,1988,3156,855,,
0,21,31,0,,,,,,,,
0,21,31,0,,,,,,,,
0,21,32,0,,,,,,,,
30,21,32,2,2310,3168,2660,1548,1007,646,,
0,21,32,0,,,,,,,,
22,22,1,1,3739,4611,1918,3525,5142,3013,,
0,22,1,0,,,,,,,,
0,22,1,0,,,,,,,,
0,22,2,0,,,,,,,,
0,22,2,0,,,,,,,,
2,22,2,2,5371,4146,4176,5607,5663,3052,,
8,22,3,1,5466,2771,4433,4978,2652,3189,,
0,22,3,0,,,,,,,,
0,22,3,0,,,,,,,,
0,22,4,0,,,,,,,,
0,22,4,0,,,,,,,,
20,22,4,2,6094,6085,2948,5054,3785,3024,,
35,22,5,1,5086,3094,2161,3254,2453,2772,,
0,22,5,0,,,,,,,,
0,22,5,0,,,,,,,,
0,22,6,0,,,,,,,,
0,22,6,0,,,,,,,,
10,22,6,2,3973,3122,3423,4447,4022,3201,,
5,22,7,1,4057,4815,3676,7253,5505,4120,,
0,22,7,0,,,,,,,,
0,22,7,0,,,,,,,,
0,22,8,0,,,,,,,,
0,22,8,0,,,,,,,,
29,22,8,2,2642,3586,3511,3023,4913,2974,,
14,22,9,1,2899,3420,2444,3489,2618,3826,,
0,22,9,0,,,,,,,,
0,22,9,0,,,,,,,,
0,22,10,0,,,,,,,,
0,22,10,0,,,,,,,,
25,22,10,2,3099,3000,2458,2480,3547,2547,,
33,22,11,1,3097,4142,2683,2634,2846,2276,,
0,22,11,0,,,,,,,,
0,22,11,0,,,,,,,,
0,22,12,0,,,,,,,,
32,22,12,2,3426,3762,2880,6131,3179,1662,,
0,22,12,0,,,,,,,,
40,22,13,1,4815,3443,4918,2460,3603,1132,,
0,22,13,0,,,,,,,,
0,22,13,0,,,,,,,,
0,22,14,0,,,,,,,,
4,22,14,2,4617,5826,5469,3844,4516,5166,,
0,22,14,0,,,,,,,,
24,22,15,1,2346,3885,3447,3567,2366,3466,,
0,22,15,0,,,,,,,,
0,22,15,0,,,,,,,,
0,22,16,0,,,,,,,,
42,22,16,2,3528,2962,3459,2144,3090,2352,,
0,22,16,0,,,,,,,,
28,22,17,1,4013,4921,3756,2885,5023,3895,,
0,22,17,0,,,,,,,,
0,22,17,0,,,,,,,,
0,22,18,0,,,,,,,,
1,22,18,2,4157,4136,5716,6046,3968,5500,,
0,22,18,0,,,,,,,,
16,22,19,1,4968,3759,5174,7189,5541,4282,,
0,22,19,0,,,,,,,,
0,22,19,0,,,,,,,,
0,22,20,0,,,,,,,,
12,22,20,2,7176,5049,4160,4092,3543,3433,,
0,22,20,0,,,,,,,,
17,22,21,1,192,3482,2565,4444,3753,2629,,
0,22,21,0,,,,,,,,
0,22,21,0,,,,,,,,
0,22,22,0,,,,,,,,
19,22,22,2,3483,4021,3335,2705,3602,3351,,
0,22,22,0,,,,,,,,
31,22,23,1,,4255,2758,2997,3600,3496,,
0,22,23,0,,,,,,,,
0,22,23,0,,,,,,,,
0,22,24,0,,,,,,,,
13,22,24,2,5218,2367,2883,4408,2512,4290,,
0,22,24,0,,,,,,,,
27,22,25,1,2675,3943,3714,4965,3295,3559,,
0,22,25,0,,,,,,,,
0,22,25,0,,,,,,,,
0,22,26,0,,,,,,,,
37,22,26,2,2616,2043,4025,3456,2919,1846,,
0,22,26,0,,,,,,,,
34,22,27,1,3903,3172,2690,4039,3539,3304,,
0,22,27,0,,,,,,,,
0,22,27,0,,,,,,,,
0,22,28,0,,,,,,,,
7,22,28,2,4084,2719,4086,5097,3537,6375,,
0,22,28,0,,,,,,,,
38,22,29,1,5665,2591,3694,3721,2554,4001,,
0,22,29,0,,,,,,,,
0,22,29,0,,,,,,,,
0,22,30,0,,,,,,,,
39,22,30,2,4606,4471,2640,3607,3257,4036,,
0,22,30,0,,,,,,,,
18,22,31,1,5022,3339,3097,3429,3034,2828,,
0,22,31,0,,,,,,,,
0,22,31,0,,,,,,,,
0,22,32,0,,,,,,,,
41,22,32,2,2133,3565,4308,3623,2529,1029,,
0,22,32,0,,,,,,,,
14,23,1,1,6450,3264,1336,2247,2632,1328,,
0,23,1,0,,,,,,,,
0,23,1,0,,,,,,,,
0,23,2,0,,,,,,,,
0,23,2,0,,,,,,,,
16,23,2,2,2498,1630,1930,1796,1469,978,,
27,23,3,1,3027,2243,2672,3336,1257,2422,,
0,23,3,0,,,,,,,,
0,23,3,0,,,,,,,,
0,23,4,0,,,,,,,,
0,23,4,0,,,,,,,,
18,23,4,2,3175,4865,3301,1553,819,1369,,
11,23,5,1,3152,3853,1695,1879,1815,686,,
0,23,5,0,,,,,,,,
0,23,5,0,,,,,,,,
0,23,6,0,,,,,,,,
0,23,6,0,,,,,,,,
4,23,6,2,7184,3356,3131,1339,1382,759,,
23,23,7,1,3404,2631,1891,1814,1232,4712,,
0,23,7,0,,,,,,,,
0,23,7,0,,,,,,,,
0,23,8,0,,,,,,,,
0,23,8,0,,,,,,,,
38,23,8,2,1528,2152,1328,1255,1926,974,,
31,23,9,1,1535,1494,1353,1480,978,1255,,
0,23,9,0,,,,,,,,
0,23,9,0,,,,,,,,
0,23,10,0,,,,,,,,
0,23,10,0,,,,,,,,
6,23,10,2,1212,1507,1678,1087,811,820,,
40,23,11,1,1143,3900,4054,4289,1684,1980,,
0,23,11,0,,,,,,,,
0,23,11,0,,,,,,,,
0,23,12,0,,,,,,,,
26,23,12,2,2063,5238,2891,2772,1436,516,,
0,23,12,0,,,,,,,,
25,23,13,1,3671,3039,2690,2466,1936,1033,,
0,23,13,0,,,,,,,,
0,23,13,0,,,,,,,,
0,23,14,0,,,,,,,,
33,23,14,2,4503,2494,2550,3073,1563,1443,,
0,23,14,0,,,,,,,,
22,23,15,1,1327,3480,2667,1522,1185,1388,,
0,23,15,0,,,,,,,,
0,23,15,0,,,,,,,,
0,23,16,0,,,,,,,,
30,23,16,2,1837,4772,3065,1631,1303,793,,
0,23,16,0,,,,,,,,
8,23,17,1,5553,5806,3621,2403,923,1169,,
0,23,17,0,,,,,,,,
0,23,17,0,,,,,,,,
0,23,18,0,,,,,,,,
34,23,18,2,2153,3083,4138,2397,1326,731,,
0,23,18,0,,,,,,,,
41,23,19,1,4676,3318,4713,1112,1689,1771,,
0,23,19,0,,,,,,,,
0,23,19,0,,,,,,,,
0,23,20,0,,,,,,,,
13,23,20,2,4949,5396,3504,1902,919,1523,,
0,23,20,0,,,,,,,,
3,23,21,1,7188,4878,1500,1646,1348,1371,,
0,23,21,0,,,,,,,,
0,23,21,0,,,,,,,,
0,23,22,0,,,,,,,,
2,23,22,2,2750,3454,2529,923,990,1050,,
0,23,22,0,,,,,,,,
21,23,23,1,3919,2791,1929,1124,1508,1686,,
0,23,23,0,,,,,,,,
0,23,23,0,,,,,,,,
0,23,24,0,,,,,,,,
1,23,24,2,5525,5499,4929,4628,1514,1336,,
0,23,24,0,,,,,,,,
20,23,25,1,2988,3216,1657,1906,788,675,,
0,23,25,0,,,,,,,,
0,23,25,0,,,,,,,,
0,23,26,0,,,,,,,,
35,23,26,2,2843,1961,2916,1279,1409,625,,
0,23,26,0,,,,,,,,
36,23,27,1,2919,2129,1281,2548,2263,1953,,
0,23,27,0,,,,,,,,
0,23,27,0,,,,,,,,
0,23,28,0,,,,,,,,
42,23,28,2,5143,4691,4099,2443,1452,2115,,
0,23,28,0,,,,,,,,
9,23,29,1,3453,1780,2016,2121,1390,1500,,
0,23,29,0,,,,,,,,
0,23,29,0,,,,,,,,
0,23,30,0,,,,,,,,
29,23,30,2,3191,2701,2913,1673,1324,1046,,
0,23,30,0,,,,,,,,
10,23,31,1,3401,2616,2091,1255,803,1194,,
0,23,31,0,,,,,,,,
0,23,31,0,,,,,,,,
0,23,32,0,,,,,,,,
37,23,32,2,2488,2444,1347,1037,1145,952,,
0,23,32,0,,,,,,,,
25,24,1,1,787,860,751,801,937,679,,
0,24,1,0,,,,,,,,
0,24,1,0,,,,,,,,
0,24,2,0,,,,,,,,
0,24,2,0,,,,,,,,
30,24,2,2,1191,1037,1743,1084,1074,785,,
15,24,3,1,2574,755,573,817,1020,964,,
0,24,3,0,,,,,,,,
0,24,3,0,,,,,,,,
0,24,4,0,,,,,,,,
0,24,4,0,,,,,,,,
20,24,4,2,785,1078,600,897,714,347,,
5,24,5,1,791,514,651,965,1013,946,,
0,24,5,0,,,,,,,,
0,24,5,0,,,,,,,,
0,24,6,0,,,,,,,,
0,24,6,0,,,,,,,,
39,24,6,2,1348,898,1023,937,805,680,,
12,24,7,1,1182,1022,608,,,,,
0,24,7,0,,,,,,,,
0,24,7,0,,,,,,,,
0,24,8,0,,,,,,,,
0,24,8,0,,,,,,,,
27,24,8,2,698,502,916,569,1385,1304,,
41,24,9,1,500,1253,544,818,368,480,,
0,24,9,0,,,,,,,,
0,24,9,0,,,,,,,,
0,24,10,0,,,,,,,,
0,24,10,0,,,,,,,,
1,24,10,2,1017,1295,684,1185,582,748,,
7,24,11,1,738,717,734,1056,659,825,,
0,24,11,0,,,,,,,,
0,24,11,0,,,,,,,,
0,24,12,0,,,,,,,,
44,24,12,2,441,1331,825,601,876,240,,
0,24,12,0,,,,,,,,
23,24,13,1,936,989,925,538,1287,405,,
0,24,13,0,,,,,,,,
0,24,13,0,,,,,,,,
0,24,14,0,,,,,,,,
33,24,14,2,767,761,1246,797,2433,668,,
0,24,14,0,,,,,,,,
17,24,15,1,454,662,923,590,715,809,,
0,24,15,0,,,,,,,,
0,24,15,0,,,,,,,,
0,24,16,0,,,,,,,,
8,24,16,2,1220,1647,1999,570,654,445,,
0,24,16,0,,,,,,,,
34,24,17,1,931,1153,1193,775,503,620,,
0,24,17,0,,,,,,,,
0,24,17,0,,,,,,,,
0,24,18,0,,,,,,,,
22,24,18,2,874,982,889,652,680,772,,
0,24,18,0,,,,,,,,
38,24,19,1,715,1552,768,766,682,609,,
0,24,19,0,,,,,,,,
0,24,19,0,,,,,,,,
0,24,20,0,,,,,,,,
18,24,20,2,1173,1034,1503,1173,543,653,,
0,24,20,0,,,,,,,,
29,24,21,1,1267,412,880,892,1025,713,,
0,24,21,0,,,,,,,,
0,24,21,0,,,,,,,,
0,24,22,0,,,,,,,,
35,24,22,2,895,1215,836,725,604,334,,
0,24,22,0,,,,,,,,
19,24,23,1,435,835,627,790,445,470,,
0,24,23,0,,,,,,,,
0,24,23,0,,,,,,,,
0,24,24,0,,,,,,,,
37,24,24,2,678,1254,995,1087,481,346,,
0,24,24,0,,,,,,,,
43,24,25,1,658,931,1010,1076,775,693,,
0,24,25,0,,,,,,,,
0,24,25,0,,,,,,,,
0,24,26,0,,,,,,,,
9,24,26,2,706,983,1032,371,699,983,,
0,24,26,0,,,,,,,,
24,24,27,1,928,1117,593,1465,684,933,,
0,24,27,0,,,,,,,,
0,24,27,0,,,,,,,,
0,24,28,0,,,,,,,,
36,24,28,2,749,691,964,1028,881,1132,,
0,24,28,0,,,,,,,,
10,24,29,1,1424,724,703,850,610,808,,
0,24,29,0,,,,,,,,
0,24,29,0,,,,,,,,
0,24,30,0,,,,,,,,
4,24,30,2,1759,1497,1456,1142,979,960,,
0,24,30,0,,,,,,,,
3,24,31,1,847,1539,920,1012,512,751,,
0,24,31,0,,,,,,,,
0,24,31,0,,,,,,,,
0,24,32,0,,,,,,,,
32,24,32,2,1090,1213,981,893,698,559,,
0,24,32,0,,,,,,,,
33,25,1,1,4212,3139,1694,2257,2328,1509,,
0,25,1,0,,,,,,,,
0,25,1,0,,,,,,,,
0,25,2,0,,,,,,,,
0,25,2,0,,,,,,,,
8,25,2,2,5496,3088,3933,3153,2938,1559,,
39,25,3,1,2986,1694,3698,4626,2586,1434,,
0,25,3,0,,,,,,,,
0,25,3,0,,,,,,,,
0,25,4,0,,,,,,,,
0,25,4,0,,,,,,,,
2,25,4,2,4896,5947,1946,2880,1939,2417,,
11,25,5,1,2216,3115,2119,3365,2569,2621,,
0,25,5,0,,,,,,,,
0,25,5,0,,,,,,,,
0,25,6,0,,,,,,,,
0,25,6,0,,,,,,,,
41,25,6,2,2502,2470,4722,3092,1746,1128,,
36,25,7,1,2873,4271,3045,2384,1329,1803,,
0,25,7,0,,,,,,,,
0,25,7,0,,,,,,,,
0,25,8,0,,,,,,,,
0,25,8,0,,,,,,,,
24,25,8,2,2011,2338,1357,1130,3576,2817,,
27,25,9,1,3137,2450,1661,3578,1446,1382,,
0,25,9,0,,,,,,,,
0,25,9,0,,,,,,,,
0,25,10,0,,,,,,,,
0,25,10,0,,,,,,,,
29,25,10,2,1788,3411,2299,3128,1927,1150,,
7,25,11,1,6480,4758,2671,2235,1054,1343,,
0,25,11,0,,,,,,,,
0,25,11,0,,,,,,,,
0,25,12,0,,,,,,,,
32,25,12,2,2868,5927,2482,2899,1668,984,,
0,25,12,0,,,,,,,,
16,25,13,1,3769,3123,2768,4362,2456,1574,,
0,25,13,0,,,,,,,,
0,25,13,0,,,,,,,,
0,25,14,0,,,,,,,,
26,25,14,2,2925,3463,3610,4343,2351,1229,,
0,25,14,0,,,,,,,,
18,25,15,1,4561,2370,2615,1531,1625,2134,,
0,25,15,0,,,,,,,,
0,25,15,0,,,,,,,,
0,25,16,0,,,,,,,,
13,25,16,2,4684,3598,5806,1807,1119,1332,,
0,25,16,0,,,,,,,,
43,25,17,1,2743,2213,2670,1156,1929,1082,,
0,25,17,0,,,,,,,,
0,25,17,0,,,,,,,,
0,25,18,0,,,,,,,,
21,25,18,2,1726,4936,1738,2063,1744,1612,,
0,25,18,0,,,,,,,,
5,25,19,1,6920,4315,3316,2028,1573,2906,,
0,25,19,0,,,,,,,,
0,25,19,0,,,,,,,,
0,25,20,0,,,,,,,,
31,25,20,2,5354,3971,3320,3387,1857,1333,,
0,25,20,0,,,,,,,,
19,25,21,1,3650,2009,2385,1872,2041,1127,,
0,25,21,0,,,,,,,,
0,25,21,0,,,,,,,,
0,25,22,0,,,,,,,,
23,25,22,2,3132,3244,2140,2246,2046,1047,,
0,25,22,0,,,,,,,,
17,25,23,1,4196,1648,3229,2539,1177,1920,,
0,25,23,0,,,,,,,,
0,25,23,0,,,,,,,,
0,25,24,0,,,,,,,,
22,25,24,2,2140,2372,1737,2567,913,867,,
0,25,24,0,,,,,,,,
1,25,25,1,4734,3980,3866,4609,1837,1561,,
0,25,25,0,,,,,,,,
0,25,25,0,,,,,,,,
0,25,26,0,,,,,,,,
38,25,26,2,4733,2835,4475,1848,1799,1978,,
0,25,26,0,,,,,,,,
10,25,27,1,3414,3142,2011,2987,1137,1615,,
0,25,27,0,,,,,,,,
0,25,27,0,,,,,,,,
0,25,28,0,,,,,,,,
4,25,28,2,5865,5720,5656,4896,2841,2097,,
0,25,28,0,,,,,,,,
6,25,29,1,4759,3942,3839,2373,2932,1189,,
0,25,29,0,,,,,,,,
0,25,29,0,,,,,,,,
0,25,30,0,,,,,,,,
14,25,30,2,3857,2874,1815,2025,1769,2382,,
0,25,30,0,,,,,,,,
35,25,31,1,1980,2454,3039,1955,1289,1565,,
0,25,31,0,,,,,,,,
0,25,31,0,,,,,,,,
0,25,32,0,,,,,,,,
20,25,32,2,2567,2359,2599,3014,1330,1151,,
0,25,32,0,,,,,,,,
36,26,1,1,1648,2256,2104,1494,1444,1145,,
0,26,1,0,,,,,,,,
0,26,1,0,,,,,,,,
0,26,2,0,,,,,,,,
0,26,2,0,,,,,,,,
18,26,2,2,2167,2008,2678,1582,1345,830,,
32,26,3,1,2325,1380,3142,1943,1272,2008,,
0,26,3,0,,,,,,,,
0,26,3,0,,,,,,,,
0,26,4,0,,,,,,,,
0,26,4,0,,,,,,,,
8,26,4,2,1777,2519,1399,1742,1297,1270,,
5,26,5,1,1971,1707,1316,1539,1460,1371,,
0,26,5,0,,,,,,,,
0,26,5,0,,,,,,,,
0,26,6,0,,,,,,,,
0,26,6,0,,,,,,,,
30,26,6,2,1221,1670,1744,1638,1466,947,,
25,26,7,1,1813,1697,2163,1769,1202,1354,,
0,26,7,0,,,,,,,,
0,26,7,0,,,,,,,,
0,26,8,0,,,,,,,,
0,26,8,0,,,,,,,,
15,26,8,2,1587,1445,1190,1247,1614,1624,,
41,26,9,1,1199,1687,1724,1735,1199,1144,,
0,26,9,0,,,,,,,,
0,26,9,0,,,,,,,,
0,26,10,0,,,,,,,,
0,26,10,0,,,,,,,,
10,26,10,2,1756,1832,1585,1931,1603,1774,,
3,26,11,1,1526,3232,1844,1897,994,1663,,
0,26,11,0,,,,,,,,
0,26,11,0,,,,,,,,
0,26,12,0,,,,,,,,
29,26,12,2,1260,2906,1401,1825,1161,867,,
0,26,12,0,,,,,,,,
34,26,13,1,2655,1742,3453,4211,1644,1036,,
0,26,13,0,,,,,,,,
0,26,13,0,,,,,,,,
0,26,14,0,,,,,,,,
7,26,14,2,1468,1279,1975,1463,1238,975,,
0,26,14,0,,,,,,,,
22,26,15,1,959,1360,1583,1709,1448,1230,,
0,26,15,0,,,,,,,,
0,26,15,0,,,,,,,,
0,26,16,0,,,,,,,,
24,26,16,2,1539,3072,3194,1562,1318,995,,
0,26,16,0,,,,,,,,
13,26,17,1,1227,1222,1427,1231,1105,1849,,
0,26,17,0,,,,,,,,
0,26,17,0,,,,,,,,
0,26,18,0,,,,,,,,
38,26,18,2,1716,2251,1933,2094,1082,1416,,
0,26,18,0,,,,,,,,
23,26,19,1,1502,3499,1951,1033,1208,1300,,
0,26,19,0,,,,,,,,
0,26,19,0,,,,,,,,
0,26,20,0,,,,,,,,
12,26,20,2,1828,1920,2615,1585,973,1140,,
0,26,20,0,,,,,,,,
40,26,21,1,1720,1179,1364,1773,1194,1225,,
0,26,21,0,,,,,,,,
0,26,21,0,,,,,,,,
0,26,22,0,,,,,,,,
2,26,22,2,2686,3041,2556,1293,1461,2154,,
0,26,22,0,,,,,,,,
4,26,23,1,1581,2484,1502,1912,1301,1875,,
0,26,23,0,,,,,,,,
0,26,23,0,,,,,,,,
0,26,24,0,,,,,,,,
39,26,24,2,1752,1243,1320,1559,1099,1041,,
0,26,24,0,,,,,,,,
20,26,25,1,1362,1577,1984,2173,1579,1319,,
0,26,25,0,,,,,,,,
0,26,25,0,,,,,,,,
0,26,26,0,,,,,,,,
14,26,26,2,1774,1704,1714,1188,1071,1254,,
0,26,26,0,,,,,,,,
1,26,27,1,2369,2285,2035,3918,2401,1508,,
0,26,27,0,,,,,,,,
0,26,27,0,,,,,,,,
0,26,28,0,,,,,,,,
27,26,28,2,1986,1846,2481,2374,1734,2204,,
0,26,28,0,,,,,,,,
17,26,29,1,2187,2785,2469,2234,1658,1332,,
0,26,29,0,,,,,,,,
0,26,29,0,,,,,,,,
0,26,30,0,,,,,,,,
21,26,30,2,1908,1612,1644,2113,1670,1930,,
0,26,30,0,,,,,,,,
35,26,31,1,1242,2029,2024,2173,1391,1094,,
0,26,31,0,,,,,,,,
0,26,31,0,,,,,,,,
0,26,32,0,,,,,,,,
28,26,32,2,1558,1978,1640,1659,1223,842,,
0,26,32,0,,,,,,,,
7,27,1,1,5884,2575,3204,2193,1332,1156,,
0,27,1,0,,,,,,,,
0,27,1,0,,,,,,,,
0,27,2,0,,,,,,,,
0,27,2,0,,,,,,,,
30,27,2,2,3234,2049,2748,915,983,838,,
36,27,3,1,3310,1266,1331,1985,1067,1415,,
0,27,3,0,,,,,,,,
0,27,3,0,,,,,,,,
0,27,4,0,,,,,,,,
0,27,4,0,,,,,,,,
21,27,4,2,1663,2428,1378,1450,2090,1005,,
39,27,5,1,2816,1471,1629,735,1828,1242,,
0,27,5,0,,,,,,,,
0,27,5,0,,,,,,,,
0,27,6,0,,,,,,,,
0,27,6,0,,,,,,,,
23,27,6,2,2377,2768,2073,1088,2207,798,,
43,27,7,1,2025,1658,1293,1139,568,1072,,
0,27,7,0,,,,,,,,
0,27,7,0,,,,,,,,
0,27,8,0,,,,,,,,
0,27,8,0,,,,,,,,
18,27,8,2,,2823,825,1531,2862,2664,,
11,27,9,1,2175,3277,1400,2907,2448,759,,
0,27,9,0,,,,,,,,
0,27,9,0,,,,,,,,
0,27,10,0,,,,,,,,
0,27,10,0,,,,,,,,
13,27,10,2,2117,3466,2275,2468,1755,1623,,
28,27,11,1,2189,2605,2403,935,648,852,,
0,27,11,0,,,,,,,,
0,27,11,0,,,,,,,,
0,27,12,0,,,,,,,,
3,27,12,2,2266,4971,3858,2543,1647,1984,,
0,27,12,0,,,,,,,,
45,27,13,1,1886,1603,2659,1228,765,1449,,
0,27,13,0,,,,,,,,
0,27,13,0,,,,,,,,
0,27,14,0,,,,,,,,
2,27,14,2,4653,6023,1765,2148,3234,2520,,
0,27,14,0,,,,,,,,
5,27,15,1,2233,1708,1066,1189,1121,1444,,
0,27,15,0,,,,,,,,
0,27,15,0,,,,,,,,
0,27,16,0,,,,,,,,
20,27,16,2,3603,1268,2307,1988,2238,1010,,
0,27,16,0,,,,,,,,
16,27,17,1,4816,4120,4280,3793,1283,1974,,
0,27,17,0,,,,,,,,
0,27,17,0,,,,,,,,
0,27,18,0,,,,,,,,
46,27,18,2,1027,2604,2228,1045,1058,818,,
0,27,18,0,,,,,,,,
34,27,19,1,1703,1032,2449,1745,3230,1804,,
0,27,19,0,,,,,,,,
0,27,19,0,,,,,,,,
0,27,20,0,,,,,,,,
25,27,20,2,2601,6052,4965,6448,1677,1021,,
0,27,20,0,,,,,,,,
38,27,21,1,2344,3710,2111,1507,2161,1890,,
0,27,21,0,,,,,,,,
0,27,21,0,,,,,,,,
0,27,22,0,,,,,,,,
35,27,22,2,2452,1310,1836,1067,1922,1902,,
0,27,22,0,,,,,,,,
26,27,23,1,636,1007,6288,2056,3034,1078,,
0,27,23,0,,,,,,,,
0,27,23,0,,,,,,,,
0,27,24,0,,,,,,,,
10,27,24,2,2168,1224,943,1243,662,1083,,
0,27,24,0,,,,,,,,
41,27,25,1,2028,2170,2943,2463,690,1018,,
0,27,25,0,,,,,,,,
0,27,25,0,,,,,,,,
0,27,26,0,,,,,,,,
32,27,26,2,2862,1040,1228,1025,882,753,,
0,27,26,0,,,,,,,,
33,27,27,1,2254,1886,1215,1463,966,1696,,
0,27,27,0,,,,,,,,
0,27,27,0,,,,,,,,
0,27,28,0,,,,,,,,
9,27,28,2,4380,2673,3246,1201,1312,1447,,
0,27,28,0,,,,,,,,
4,27,29,1,3822,1546,1609,1431,3173,1105,,
0,27,29,0,,,,,,,,
0,27,29,0,,,,,,,,
0,27,30,0,,,,,,,,
6,27,30,2,3425,2894,1992,2293,3089,3047,,
0,27,30,0,,,,,,,,
29,27,31,1,4216,1499,2411,636,880,1340,,
0,27,31,0,,,,,,,,
0,27,31,0,,,,,,,,
0,27,32,0,,,,,,,,
42,27,32,2,1419,5987,2083,1717,1482,2118,,
0,27,32,0,,,,,,,,
4,28,1,1,1791,3067,2585,2425,1426,2467,,
0,28,1,0,,,,,,,,
0,28,1,0,,,,,,,,
0,28,2,0,,,,,,,,
0,28,2,0,,,,,,,,
20,28,2,2,2502,3707,2384,1866,2525,1624,,
34,28,3,1,1701,1392,2653,2356,1008,2188,,
0,28,3,0,,,,,,,,
0,28,3,0,,,,,,,,
0,28,4,0,,,,,,,,
0,28,4,0,,,,,,,,
7,28,4,2,2315,3469,2212,1944,1605,3069,,
25,28,5,1,2152,2685,1530,2302,1225,1672,,
0,28,5,0,,,,,,,,
0,28,5,0,,,,,,,,
0,28,6,0,,,,,,,,
0,28,6,0,,,,,,,,
27,28,6,2,2020,1992,2158,1413,1605,1728,,
22,28,7,1,1919,3212,2050,2080,1647,2557,,
0,28,7,0,,,,,,,,
0,28,7,0,,,,,,,,
0,28,8,0,,,,,,,,
0,28,8,0,,,,,,,,
38,28,8,2,1019,2066,2242,1287,2901,3296,,
10,28,9,1,3451,2287,1397,1192,1762,1904,,
0,28,9,0,,,,,,,,
0,28,9,0,,,,,,,,
0,28,10,0,,,,,,,,
0,28,10,0,,,,,,,,
2,28,10,2,1970,3478,1799,1854,2890,2162,,
9,28,11,1,2923,3827,1770,2909,1617,2152,,
0,28,11,0,,,,,,,,
0,28,11,0,,,,,,,,
0,28,12,0,,,,,,,,
32,28,12,2,1125,2100,2213,1805,1426,1658,,
0,28,12,0,,,,,,,,
17,28,13,1,4237,2444,4703,4197,2021,1780,,
0,28,13,0,,,,,,,,
0,28,13,0,,,,,,,,
0,28,14,0,,,,,,,,
12,28,14,2,1907,1495,2048,1188,1761,2503,,
0,28,14,0,,,,,,,,
42,28,15,1,1220,3112,1587,1419,1580,1745,,
0,28,15,0,,,,,,,,
0,28,15,0,,,,,,,,
0,28,16,0,,,,,,,,
19,28,16,2,2663,2936,2189,1281,1145,1529,,
0,28,16,0,,,,,,,,
36,28,17,1,4445,3812,2084,762,1251,1766,,
0,28,17,0,,,,,,,,
0,28,17,0,,,,,,,,
0,28,18,0,,,,,,,,
30,28,18,2,3273,3377,1733,1454,1385,2721,,
0,28,18,0,,,,,,,,
14,28,19,1,1727,3292,2398,1741,1996,2506,,
0,28,19,0,,,,,,,,
0,28,19,0,,,,,,,,
0,28,20,0,,,,,,,,
24,28,20,2,3942,1705,2025,2255,984,2557,,
0,28,20,0,,,,,,,,
31,28,21,1,2398,1387,1857,2506,1475,2259,,
0,28,21,0,,,,,,,,
0,28,21,0,,,,,,,,
0,28,22,0,,,,,,,,
43,28,22,2,1912,2005,1756,1305,1707,1373,,
0,28,22,0,,,,,,,,
41,28,23,1,1630,2089,2027,1713,1222,2100,,
0,28,23,0,,,,,,,,
0,28,23,0,,,,,,,,
0,28,24,0,,,,,,,,
13,28,24,2,3174,3856,3088,4847,2168,2699,,
0,28,24,0,,,,,,,,
15,28,25,1,3658,3824,3421,4389,2316,2745,,
0,28,25,0,,,,,,,,
0,28,25,0,,,,,,,,
0,28,26,0,,,,,,,,
29,28,26,2,2683,3517,2562,2348,2587,1706,,
0,28,26,0,,,,,,,,
33,28,27,1,1895,4934,1408,2044,1218,1519,,
0,28,27,0,,,,,,,,
0,28,27,0,,,,,,,,
0,28,28,0,,,,,,,,
18,28,28,2,5098,3812,3976,2649,1628,2567,,
0,28,28,0,,,,,,,,
6,28,29,1,4452,3356,2316,1794,2081,3004,,
0,28,29,0,,,,,,,,
0,28,29,0,,,,,,,,
0,28,30,0,,,,,,,,
40,28,30,2,3109,2302,2095,1693,1641,1595,,
0,28,30,0,,,,,,,,
1,28,31,1,2799,1962,2908,2370,1785,2368,,
0,28,31,0,,,,,,,,
0,28,31,0,,,,,,,,
0,28,32,0,,,,,,,,
16,28,32,2,1826,4528,1698,2724,1886,2810,,
0,28,32,0,,,,,,,,
27,29,1,1,2088,3117,1315,1530,2374,1043,,
0,29,1,0,,,,,,,,
0,29,1,0,,,,,,,,
0,29,2,0,,,,,,,,
0,29,2,0,,,,,,,,
6,29,2,2,7910,2324,2905,2712,1432,1337,,
39,29,3,1,2536,2638,1708,2479,889,1934,,
0,29,3,0,,,,,,,,
0,29,3,0,,,,,,,,
0,29,4,0,,,,,,,,
0,29,4,0,,,,,,,,
12,29,4,2,5867,3757,3153,1335,1154,2751,,
33,29,5,1,2722,3134,1369,3146,2571,1107,,
0,29,5,0,,,,,,,,
0,29,5,0,,,,,,,,
0,29,6,0,,,,,,,,
0,29,6,0,,,,,,,,
30,29,6,2,2678,1892,2840,2231,2175,1498,,
21,29,7,1,3311,2230,2738,3770,2562,1585,,
0,29,7,0,,,,,,,,
0,29,7,0,,,,,,,,
0,29,8,0,,,,,,,,
0,29,8,0,,,,,,,,
19,29,8,2,1503,1653,2356,2213,2449,3249,,
1,29,9,1,3402,1861,4580,2724,890,1660,,
0,29,9,0,,,,,,,,
0,29,9,0,,,,,,,,
0,29,10,0,,,,,,,,
0,29,10,0,,,,,,,,
24,29,10,2,1405,1814,2331,1782,1578,1249,,
5,29,11,1,4461,9409,321,2062,862,944,,
0,29,11,0,,,,,,,,
0,29,11,0,,,,,,,,
0,29,12,0,,,,,,,,
10,29,12,2,3706,3759,3777,1842,1079,756,,
0,29,12,0,,,,,,,,
15,29,13,1,5685,2280,2664,1877,1267,1311,,
0,29,13,0,,,,,,,,
0,29,13,0,,,,,,,,
0,29,14,0,,,,,,,,
26,29,14,2,3352,1271,2630,3687,1196,455,,
0,29,14,0,,,,,,,,
42,29,15,1,1319,1847,2578,1477,1120,1635,,
0,29,15,0,,,,,,,,
0,29,15,0,,,,,,,,
0,29,16,0,,,,,,,,
41,29,16,2,2168,3049,3908,1392,3469,1758,,
0,29,16,0,,,,,,,,
14,29,17,1,3957,4680,2211,1906,1450,1599,,
0,29,17,0,,,,,,,,
0,29,17,0,,,,,,,,
0,29,18,0,,,,,,,,
37,29,18,2,2516,2428,1755,1466,1244,1597,,
0,29,18,0,,,,,,,,
4,29,19,1,2412,2708,9363,2462,1810,1786,,
0,29,19,0,,,,,,,,
0,29,19,0,,,,,,,,
0,29,20,0,,,,,,,,
38,29,20,2,5331,2054,2004,1406,1004,1219,,
0,29,20,0,,,,,,,,
3,29,21,1,2531,4119,1721,2117,2040,1412,,
0,29,21,0,,,,,,,,
0,29,21,0,,,,,,,,
0,29,22,0,,,,,,,,
9,29,22,2,3683,3050,5870,1065,1220,1121,,
0,29,22,0,,,,,,,,
32,29,23,1,3777,4358,4426,2653,1471,1422,,
0,29,23,0,,,,,,,,
0,29,23,0,,,,,,,,
0,29,24,0,,,,,,,,
36,29,24,2,2833,2062,1792,1705,1039,1139,,
0,29,24,0,,,,,,,,
8,29,25,1,5810,2588,2139,2242,1150,1588,,
0,29,25,0,,,,,,,,
0,29,25,0,,,,,,,,
0,29,26,0,,,,,,,,
17,29,26,2,2843,2066,3657,1944,2897,1144,,
0,29,26,0,,,,,,,,
23,29,27,1,3279,4866,2574,2464,1149,1520,,
0,29,27,0,,,,,,,,
0,29,27,0,,,,,,,,
0,29,28,0,,,,,,,,
11,29,28,2,5430,2945,2030,2002,1567,4622,,
0,29,28,0,,,,,,,,
29,29,29,1,3711,1775,2275,2423,2733,1296,,
0,29,29,0,,,,,,,,
0,29,29,0,,,,,,,,
0,29,30,0,,,,,,,,
16,29,30,2,10549,3249,3301,4376,1995,1299,,
0,29,30,0,,,,,,,,
18,29,31,1,4988,4418,10464,2853,770,1403,,
0,29,31,0,,,,,,,,
0,29,31,0,,,,,,,,
0,29,32,0,,,,,,,,
35,29,32,2,3559,6622,4909,3069,1781,1373,,
0,29,32,0,,,,,,,,
7,30,1,1,1617,2556,1545,2083,1337,768,,
0,30,1,0,,,,,,,,
0,30,1,0,,,,,,,,
0,30,2,0,,,,,,,,
0,30,2,0,,,,,,,,
11,30,2,2,1728,2259,2276,1874,1021,1069,,
25,30,3,1,1019,799,644,1263,616,1150,,
0,30,3,0,,,,,,,,
0,30,3,0,,,,,,,,
0,30,4,0,,,,,,,,
0,30,4,0,,,,,,,,
30,30,4,2,726,2002,808,1071,729,891,,
38,30,5,1,776,1569,810,465,457,664,,
0,30,5,0,,,,,,,,
0,30,5,0,,,,,,,,
0,30,6,0,,,,,,,,
0,30,6,0,,,,,,,,
22,30,6,2,1207,743,1077,919,1253,627,,
32,30,7,1,1761,630,1336,825,446,1003,,
0,30,7,0,,,,,,,,
0,30,7,0,,,,,,,,
0,30,8,0,,,,,,,,
0,30,8,0,,,,,,,,
14,30,8,2,728,917,1303,549,1609,1223,,
27,30,9,1,510,966,1108,361,417,825,,
0,30,9,0,,,,,,,,
0,30,9,0,,,,,,,,
0,30,10,0,,,,,,,,
0,30,10,0,,,,,,,,
4,30,10,2,1345,2038,939,470,1250,1183,,
42,30,11,1,727,2003,1535,751,454,814,,
0,30,11,0,,,,,,,,
0,30,11,0,,,,,,,,
0,30,12,0,,,,,,,,
35,30,12,2,1576,2422,2105,2648,1187,442,,
0,30,12,0,,,,,,,,
24,30,13,1,1233,861,1710,1073,1558,562,,
0,30,13,0,,,,,,,,
0,30,13,0,,,,,,,,
0,30,14,0,,,,,,,,
36,30,14,2,1333,598,958,526,821,653,,
0,30,14,0,,,,,,,,
34,30,15,1,1008,779,1307,495,512,767,,
0,30,15,0,,,,,,,,
0,30,15,0,,,,,,,,
0,30,16,0,,,,,,,,
16,30,16,2,1140,1557,1106,604,506,940,,
0,30,16,0,,,,,,,,
20,30,17,1,769,959,1871,818,596,1821,,
0,30,17,0,,,,,,,,
0,30,17,0,,,,,,,,
0,30,18,0,,,,,,,,
6,30,18,2,913,1604,1240,571,1542,1297,,
0,30,18,0,,,,,,,,
10,30,19,1,1150,1533,3067,480,975,1272,,
0,30,19,0,,,,,,,,
0,30,19,0,,,,,,,,
0,30,20,0,,,,,,,,
19,30,20,2,1960,1387,1120,813,550,852,,
0,30,20,0,,,,,,,,
1,30,21,1,2405,1296,1433,775,744,1251,,
0,30,21,0,,,,,,,,
0,30,21,0,,,,,,,,
0,30,22,0,,,,,,,,
9,30,22,2,1021,1702,1480,682,883,457,,
0,30,22,0,,,,,,,,
13,30,23,1,1455,1176,1510,794,743,788,,
0,30,23,0,,,,,,,,
0,30,23,0,,,,,,,,
0,30,24,0,,,,,,,,
18,30,24,2,894,763,533,765,443,686,,
0,30,24,0,,,,,,,,
40,30,25,1,1562,1457,1823,983,358,461,,
0,30,25,0,,,,,,,,
0,30,25,0,,,,,,,,
0,30,26,0,,,,,,,,
41,30,26,2,1651,1682,1829,909,890,496,,
0,30,26,0,,,,,,,,
29,30,27,1,1681,798,799,1074,591,613,,
0,30,27,0,,,,,,,,
0,30,27,0,,,,,,,,
0,30,28,0,,,,,,,,
2,30,28,2,2449,1193,2029,1075,936,1600,,
0,30,28,0,,,,,,,,
37,30,29,1,3140,2380,1306,947,553,1036,,
0,30,29,0,,,,,,,,
0,30,29,0,,,,,,,,
0,30,30,0,,,,,,,,
21,30,30,2,1700,1356,1369,1225,902,964,,
0,30,30,0,,,,,,,,
3,30,31,1,1948,2225,1026,843,637,798,,
0,30,31,0,,,,,,,,
0,30,31,0,,,,,,,,
0,30,32,0,,,,,,,,
43,30,32,2,1620,1565,1245,909,578,538,,
0,30,32,0,,,,,,,,
7,31,1,1,3607,2415,1542,2052,1375,1222,,
0,31,1,0,,,,,,,,
0,31,1,0,,,,,,,,
0,31,2,0,,,,,,,,
0,31,2,0,,,,,,,,
41,31,2,2,2696,1907,3363,1560,2059,1404,,
32,31,3,1,3758,2061,2054,2391,1465,1775,,
0,31,3,0,,,,,,,,
0,31,3,0,,,,,,,,
0,31,4,0,,,,,,,,
0,31,4,0,,,,,,,,
30,31,4,2,1254,2325,2294,1445,1690,1417,,
12,31,5,1,3026,2234,1202,1690,1799,2147,,
0,31,5,0,,,,,,,,
0,31,5,0,,,,,,,,
0,31,6,0,,,,,,,,
0,31,6,0,,,,,,,,
14,31,6,2,1690,1707,1518,1445,1889,1454,,
24,31,7,1,2166,2099,1676,2642,1145,991,,
0,31,7,0,,,,,,,,
0,31,7,0,,,,,,,,
0,31,8,0,,,,,,,,
0,31,8,0,,,,,,,,
17,31,8,2,2822,1752,5212,1635,2363,1914,,
5,31,9,1,1315,1561,1508,1758,1688,1130,,
0,31,9,0,,,,,,,,
0,31,9,0,,,,,,,,
0,31,10,0,,,,,,,,
0,31,10,0,,,,,,,,
26,31,10,2,1314,1912,2081,1368,1621,1435,,
21,31,11,1,1554,2964,2468,1436,890,1211,,
0,31,11,0,,,,,,,,
0,31,11,0,,,,,,,,
0,31,12,0,,,,,,,,
38,31,12,2,1919,2432,2298,1982,1645,1057,,
0,31,12,0,,,,,,,,
1,31,13,1,3635,2344,2346,2177,2058,2798,,
0,31,13,0,,,,,,,,
0,31,13,0,,,,,,,,
0,31,14,0,,,,,,,,
2,31,14,2,2579,1515,2053,2717,1935,1533,,
0,31,14,0,,,,,,,,
43,31,15,1,1046,1778,1279,1165,1022,837,,
0,31,15,0,,,,,,,,
0,31,15,0,,,,,,,,
0,31,16,0,,,,,,,,
29,31,16,2,1475,2359,2559,1536,1076,913,,
0,31,16,0,,,,,,,,
16,31,17,1,2513,2913,2112,3339,1325,2216,,
0,31,17,0,,,,,,,,
0,31,17,0,,,,,,,,
0,31,18,0,,,,,,,,
22,31,18,2,2572,2094,4445,1741,1409,1578,,
0,31,18,0,,,,,,,,
35,31,19,1,3921,2442,2625,2325,2382,1823,,
0,31,19,0,,,,,,,,
0,31,19,0,,,,,,,,
0,31,20,0,,,,,,,,
37,31,20,2,1710,2259,1994,2170,1033,1634,,
0,31,20,0,,,,,,,,
39,31,21,1,1784,4922,1611,2112,1267,1438,,
0,31,21,0,,,,,,,,
0,31,21,0,,,,,,,,
0,31,22,0,,,,,,,,
36,31,22,2,1979,2389,4017,1887,1771,2134,,
0,31,22,0,,,,,,,,
11,31,23,1,1440,1531,1734,1958,1110,1592,,
0,31,23,0,,,,,,,,
0,31,23,0,,,,,,,,
0,31,24,0,,,,,,,,
34,31,24,2,4638,1674,1957,2124,860,1899,,
0,31,24,0,,,,,,,,
10,31,25,1,1956,1702,1352,2144,1142,1972,,
0,31,25,0,,,,,,,,
0,31,25,0,,,,,,,,
0,31,26,0,,,,,,,,
40,31,26,2,1296,1410,2116,1664,1251,1337,,
0,31,26,0,,,,,,,,
23,31,27,1,1778,2110,1655,2019,1810,1524,,
0,31,27,0,,,,,,,,
0,31,27,0,,,,,,,,
0,31,28,0,,,,,,,,
3,31,28,2,1895,1685,2235,2466,1706,1882,,
0,31,28,0,,,,,,,,
20,31,29,1,2829,1922,1890,1859,1441,1598,,
0,31,29,0,,,,,,,,
0,31,29,0,,,,,,,,
0,31,30,0,,,,,,,,
9,31,30,2,2379,1683,2591,1597,1604,2013,,
0,31,30,0,,,,,,,,
19,31,31,1,1447,1677,2337,1275,1188,1409,,
0,31,31,0,,,,,,,,
0,31,31,0,,,,,,,,
0,31,32,0,,,,,,,,
4,31,32,2,1754,1965,1451,1804,1255,878,,
0,31,32,0,,,,,,,,
