seq,subj,item,cond,R1,R2,R3,R4,R5,R6,R7,R8
0,1,1,0,,,,,,,,
0,1,1,0,,,,,,,,
21,1,1,2,1,1,1,1,1,0,,
34,1,2,1,1,1,0,0,1,0,,
0,1,2,0,,,,,,,,
0,1,2,0,,,,,,,,
0,1,3,0,,,,,,,,
0,1,3,0,,,,,,,,
3,1,3,2,1,1,0,1,1,0,,
29,1,4,1,1,1,0,0,0,0,,
0,1,4,0,,,,,,,,
0,1,4,0,,,,,,,,
0,1,5,0,,,,,,,,
0,1,5,0,,,,,,,,
19,1,5,2,0,0,1,0,0,0,,
14,1,6,1,1,1,0,1,1,0,,
0,1,6,0,,,,,,,,
0,1,6,0,,,,,,,,
0,1,7,0,,,,,,,,
0,1,7,0,,,,,,,,
32,1,7,2,1,1,1,1,1,0,,
24,1,8,1,1,1,1,0,0,0,,
0,1,8,0,,,,,,,,
0,1,8,0,,,,,,,,
0,1,9,0,,,,,,,,
0,1,9,0,,,,,,,,
11,1,9,2,1,1,1,1,0,0,,
5,1,10,1,1,1,1,0,1,0,,
0,1,10,0,,,,,,,,
0,1,10,0,,,,,,,,
0,1,11,0,,,,,,,,
28,1,11,2,1,1,0,0,1,0,,
0,1,11,0,,,,,,,,
17,1,12,1,1,0,1,1,1,0,,
0,1,12,0,,,,,,,,
0,1,12,0,,,,,,,,
0,1,13,0,,,,,,,,
38,1,13,2,1,1,0,0,1,0,,
0,1,13,0,,,,,,,,
26,1,14,1,1,1,0,0,1,0,,
0,1,14,0,,,,,,,,
0,1,14,0,,,,,,,,
0,1,15,0,,,,,,,,
9,1,15,2,1,1,0,0,0,0,,
0,1,15,0,,,,,,,,
41,1,16,1,1,1,1,0,0,0,,
0,1,16,0,,,,,,,,
0,1,16,0,,,,,,,,
0,1,17,0,,,,,,,,
8,1,17,2,1,1,1,1,0,0,,
0,1,17,0,,,,,,,,
7,1,18,1,1,0,1,1,1,0,,
0,1,18,0,,,,,,,,
0,1,18,0,,,,,,,,
0,1,19,0,,,,,,,,
10,1,19,2,1,1,1,0,0,0,,
0,1,19,0,,,,,,,,
43,1,20,1,0,0,1,1,0,0,,
0,1,20,0,,,,,,,,
0,1,20,0,,,,,,,,
0,1,21,0,,,,,,,,
36,1,21,2,0,1,0,0,0,0,,
0,1,21,0,,,,,,,,
39,1,22,1,1,1,1,1,0,0,,
0,1,22,0,,,,,,,,
0,1,22,0,,,,,,,,
0,1,23,0,,,,,,,,
1,1,23,2,1,0,1,0,1,0,,
0,1,23,0,,,,,,,,
42,1,24,1,1,1,1,1,0,0,,
0,1,24,0,,,,,,,,
0,1,24,0,,,,,,,,
0,1,25,0,,,,,,,,
2,1,25,2,1,1,0,1,0,0,,
0,1,25,0,,,,,,,,
37,1,26,1,0,1,0,0,0,0,,
0,1,26,0,,,,,,,,
0,1,26,0,,,,,,,,
0,1,27,0,,,,,,,,
13,1,27,2,1,0,1,1,0,0,,
0,1,27,0,,,,,,,,
23,1,28,1,1,1,0,0,1,0,,
0,1,28,0,,,,,,,,
0,1,28,0,,,,,,,,
0,1,29,0,,,,,,,,
40,1,29,2,1,0,1,0,1,0,,
0,1,29,0,,,,,,,,
27,1,30,1,1,1,0,1,0,0,,
0,1,30,0,,,,,,,,
0,1,30,0,,,,,,,,
0,1,31,0,,,,,,,,
16,1,31,2,1,1,0,1,1,0,,
0,1,31,0,,,,,,,,
18,1,32,1,1,1,0,1,1,0,,
0,1,32,0,,,,,,,,
0,1,32,0,,,,,,,,
14,2,1,1,1,1,1,1,0,0,,
0,2,1,0,,,,,,,,
21,2,1,0,,,,,,,,
34,2,2,0,,,,,,,,
0,2,2,0,,,,,,,,
28,2,2,2,0,1,0,1,1,0,,
36,2,3,1,0,0,1,0,0,0,,
0,2,3,0,,,,,,,,
3,2,3,0,,,,,,,,
29,2,4,0,,,,,,,,
0,2,4,0,,,,,,,,
12,2,4,2,1,1,0,0,0,0,,
20,2,5,1,0,1,1,0,0,0,,
0,2,5,0,,,,,,,,
19,2,5,0,,,,,,,,
14,2,6,0,,,,,,,,
0,2,6,0,,,,,,,,
6,2,6,2,1,0,1,0,0,0,,
2,2,7,1,1,1,1,0,1,0,,
0,2,7,0,,,,,,,,
32,2,7,0,,,,,,,,
24,2,8,0,,,,,,,,
0,2,8,0,,,,,,,,
10,2,8,2,0,1,0,1,1,0,,
16,2,9,1,0,0,0,0,0,0,,
0,2,9,0,,,,,,,,
11,2,9,0,,,,,,,,
5,2,10,0,,,,,,,,
0,2,10,0,,,,,,,,
25,2,10,2,1,0,0,0,1,0,,
8,2,11,1,0,0,1,1,0,0,,
28,2,11,0,,,,,,,,
0,2,11,0,,,,,,,,
17,2,12,0,,,,,,,,
39,2,12,2,0,0,1,0,1,0,,
0,2,12,0,,,,,,,,
22,2,13,1,1,0,0,0,1,0,,
38,2,13,0,,,,,,,,
0,2,13,0,,,,,,,,
26,2,14,0,,,,,,,,
42,2,14,2,1,0,1,0,0,0,,
0,2,14,0,,,,,,,,
40,2,15,1,1,1,1,1,0,0,,
9,2,15,0,,,,,,,,
0,2,15,0,,,,,,,,
41,2,16,0,,,,,,,,
41,2,16,2,0,1,0,1,1,0,,
0,2,16,0,,,,,,,,
4,2,17,1,0,1,0,0,0,0,,
8,2,17,0,,,,,,,,
0,2,17,0,,,,,,,,
7,2,18,0,,,,,,,,
31,2,18,2,0,0,0,1,0,0,,
0,2,18,0,,,,,,,,
24,2,19,1,0,0,0,1,0,0,,
10,2,19,0,,,,,,,,
0,2,19,0,,,,,,,,
43,2,20,0,,,,,,,,
19,2,20,2,0,0,0,1,1,0,,
0,2,20,0,,,,,,,,
33,2,21,1,0,0,0,1,0,0,,
36,2,21,0,,,,,,,,
0,2,21,0,,,,,,,,
39,2,22,0,,,,,,,,
1,2,22,2,1,1,1,0,0,0,,
0,2,22,0,,,,,,,,
23,2,23,1,0,0,0,1,1,0,,
1,2,23,0,,,,,,,,
0,2,23,0,,,,,,,,
42,2,24,0,,,,,,,,
34,2,24,2,0,1,1,1,1,0,,
0,2,24,0,,,,,,,,
35,2,25,1,1,1,0,0,1,0,,
2,2,25,0,,,,,,,,
0,2,25,0,,,,,,,,
37,2,26,0,,,,,,,,
9,2,26,2,1,0,1,0,1,0,,
0,2,26,0,,,,,,,,
38,2,27,1,0,0,1,1,0,0,,
13,2,27,0,,,,,,,,
0,2,27,0,,,,,,,,
23,2,28,0,,,,,,,,
32,2,28,2,0,0,1,1,1,0,,
0,2,28,0,,,,,,,,
30,2,29,1,0,0,0,0,1,0,,
40,2,29,0,,,,,,,,
0,2,29,0,,,,,,,,
27,2,30,0,,,,,,,,
27,2,30,2,1,0,1,0,0,0,,
0,2,30,0,,,,,,,,
5,2,31,1,0,1,0,0,1,0,,
16,2,31,0,,,,,,,,
0,2,31,0,,,,,,,,
18,2,32,0,,,,,,,,
18,2,32,2,1,1,1,0,0,0,,
0,2,32,0,,,,,,,,
14,3,1,0,,,,,,,,
0,3,1,0,,,,,,,,
29,3,1,2,0,1,0,1,0,0,,
40,3,2,1,1,0,0,0,0,0,,
0,3,2,0,,,,,,,,
28,3,2,0,,,,,,,,
36,3,3,0,,,,,,,,
0,3,3,0,,,,,,,,
11,3,3,2,0,1,0,0,1,0,,
1,3,4,1,0,0,0,0,1,0,,
0,3,4,0,,,,,,,,
12,3,4,0,,,,,,,,
20,3,5,0,,,,,,,,
0,3,5,0,,,,,,,,
7,3,5,2,0,1,1,0,0,0,,
22,3,6,1,1,1,0,0,0,0,,
0,3,6,0,,,,,,,,
6,3,6,0,,,,,,,,
2,3,7,0,,,,,,,,
0,3,7,0,,,,,,,,
34,3,7,2,0,0,1,0,0,0,,
14,3,8,1,0,0,1,0,1,0,,
0,3,8,0,,,,,,,,
10,3,8,0,,,,,,,,
16,3,9,0,,,,,,,,
0,3,9,0,,,,,,,,
42,3,9,2,0,0,0,1,0,0,,
18,3,10,1,1,0,0,0,0,0,,
0,3,10,0,,,,,,,,
25,3,10,0,,,,,,,,
8,3,11,0,,,,,,,,
33,3,11,2,0,0,0,0,0,0,,
0,3,11,0,,,,,,,,
13,3,12,1,1,0,1,0,0,0,,
39,3,12,0,,,,,,,,
0,3,12,0,,,,,,,,
22,3,13,0,,,,,,,,
27,3,13,2,1,0,0,0,0,0,,
0,3,13,0,,,,,,,,
24,3,14,1,1,1,0,0,0,0,,
42,3,14,0,,,,,,,,
0,3,14,0,,,,,,,,
40,3,15,0,,,,,,,,
37,3,15,2,0,1,0,1,1,0,,
0,3,15,0,,,,,,,,
9,3,16,1,0,0,0,0,0,0,,
41,3,16,0,,,,,,,,
0,3,16,0,,,,,,,,
4,3,17,0,,,,,,,,
21,3,17,2,1,1,0,0,0,0,,
0,3,17,0,,,,,,,,
26,3,18,1,1,1,0,0,1,0,,
31,3,18,0,,,,,,,,
0,3,18,0,,,,,,,,
24,3,19,0,,,,,,,,
36,3,19,2,1,1,0,0,0,0,,
0,3,19,0,,,,,,,,
28,3,20,1,0,0,0,0,0,0,,
19,3,20,0,,,,,,,,
0,3,20,0,,,,,,,,
33,3,21,0,,,,,,,,
16,3,21,2,0,1,0,0,0,0,,
0,3,21,0,,,,,,,,
25,3,22,1,0,0,0,0,0,0,,
1,3,22,0,,,,,,,,
0,3,22,0,,,,,,,,
23,3,23,0,,,,,,,,
3,3,23,2,1,0,0,0,0,0,,
0,3,23,0,,,,,,,,
20,3,24,1,1,1,0,1,0,0,,
34,3,24,0,,,,,,,,
0,3,24,0,,,,,,,,
35,3,25,0,,,,,,,,
10,3,25,2,1,0,0,0,0,0,,
0,3,25,0,,,,,,,,
4,3,26,1,0,1,0,0,0,0,,
9,3,26,0,,,,,,,,
0,3,26,0,,,,,,,,
38,3,27,0,,,,,,,,
38,3,27,2,0,0,0,0,0,0,,
0,3,27,0,,,,,,,,
6,3,28,1,1,0,0,0,0,0,,
32,3,28,0,,,,,,,,
0,3,28,0,,,,,,,,
30,3,29,0,,,,,,,,
31,3,29,2,0,0,0,0,0,0,,
0,3,29,0,,,,,,,,
32,3,30,1,1,0,1,0,0,0,,
27,3,30,0,,,,,,,,
0,3,30,0,,,,,,,,
5,3,31,0,,,,,,,,
39,3,31,2,0,0,0,1,1,0,,
0,3,31,0,,,,,,,,
5,3,32,1,1,0,0,0,0,0,,
18,3,32,0,,,,,,,,
0,3,32,0,,,,,,,,
18,4,1,1,1,1,0,0,0,0,,
0,4,1,0,,,,,,,,
29,4,1,0,,,,,,,,
40,4,2,0,,,,,,,,
0,4,2,0,,,,,,,,
7,4,2,2,1,0,0,0,1,0,,
28,4,3,1,1,0,0,0,0,0,,
0,4,3,0,,,,,,,,
11,4,3,0,,,,,,,,
1,4,4,0,,,,,,,,
0,4,4,0,,,,,,,,
9,4,4,2,1,0,0,0,1,0,,
1,4,5,1,0,0,0,0,0,0,,
0,4,5,0,,,,,,,,
7,4,5,0,,,,,,,,
22,4,6,0,,,,,,,,
0,4,6,0,,,,,,,,
5,4,6,2,1,1,0,1,0,0,,
31,4,7,1,1,0,0,0,0,0,,
0,4,7,0,,,,,,,,
34,4,7,0,,,,,,,,
14,4,8,0,,,,,,,,
0,4,8,0,,,,,,,,
13,4,8,2,0,0,0,0,1,0,,
33,4,9,1,0,0,0,0,0,0,,
0,4,9,0,,,,,,,,
42,4,9,0,,,,,,,,
18,4,10,0,,,,,,,,
0,4,10,0,,,,,,,,
36,4,10,2,1,0,0,0,1,0,,
38,4,11,1,0,0,0,0,0,0,,
33,4,11,0,,,,,,,,
0,4,11,0,,,,,,,,
13,4,12,0,,,,,,,,
39,4,12,2,1,0,0,0,0,0,,
0,4,12,0,,,,,,,,
44,4,13,1,0,0,0,1,0,0,,
27,4,13,0,,,,,,,,
0,4,13,0,,,,,,,,
24,4,14,0,,,,,,,,
12,4,14,2,1,1,0,1,1,0,,
0,4,14,0,,,,,,,,
24,4,15,1,1,1,0,0,0,0,,
37,4,15,0,,,,,,,,
0,4,15,0,,,,,,,,
9,4,16,0,,,,,,,,
3,4,16,2,0,0,0,0,1,0,,
0,4,16,0,,,,,,,,
25,4,17,1,0,0,0,0,1,0,,
21,4,17,0,,,,,,,,
0,4,17,0,,,,,,,,
26,4,18,0,,,,,,,,
42,4,18,2,0,0,0,0,0,0,,
0,4,18,0,,,,,,,,
41,4,19,1,1,1,0,0,0,0,,
36,4,19,0,,,,,,,,
0,4,19,0,,,,,,,,
28,4,20,0,,,,,,,,
30,4,20,2,0,1,1,0,0,0,,
0,4,20,0,,,,,,,,
16,4,21,1,0,0,0,0,0,0,,
16,4,21,0,,,,,,,,
0,4,21,0,,,,,,,,
25,4,22,0,,,,,,,,
21,4,22,2,0,0,1,1,0,0,,
0,4,22,0,,,,,,,,
35,4,23,1,1,0,0,0,0,0,,
3,4,23,0,,,,,,,,
0,4,23,0,,,,,,,,
20,4,24,0,,,,,,,,
17,4,24,2,0,0,1,1,0,0,,
0,4,24,0,,,,,,,,
27,4,25,1,1,0,0,0,0,0,,
10,4,25,0,,,,,,,,
0,4,25,0,,,,,,,,
4,4,26,0,,,,,,,,
4,4,26,2,1,1,1,0,0,0,,
0,4,26,0,,,,,,,,
22,4,27,1,1,1,0,1,0,0,,
38,4,27,0,,,,,,,,
0,4,27,0,,,,,,,,
6,4,28,0,,,,,,,,
11,4,28,2,1,1,0,0,0,0,,
0,4,28,0,,,,,,,,
20,4,29,1,1,1,0,1,1,0,,
31,4,29,0,,,,,,,,
0,4,29,0,,,,,,,,
32,4,30,0,,,,,,,,
23,4,30,2,0,0,0,0,0,0,,
0,4,30,0,,,,,,,,
40,4,31,1,0,0,0,0,1,0,,
39,4,31,0,,,,,,,,
0,4,31,0,,,,,,,,
5,4,32,0,,,,,,,,
43,4,32,2,0,0,0,0,0,0,,
0,4,32,0,,,,,,,,
18,5,1,0,,,,,,,,
0,5,1,0,,,,,,,,
14,5,1,2,0,1,0,0,0,0,,
3,5,2,1,0,0,0,0,0,0,,
0,5,2,0,,,,,,,,
7,5,2,0,,,,,,,,
28,5,3,0,,,,,,,,
0,5,3,0,,,,,,,,
22,5,3,2,0,0,0,0,0,0,,
12,5,4,1,0,0,0,0,0,0,,
0,5,4,0,,,,,,,,
9,5,4,0,,,,,,,,
1,5,5,0,,,,,,,,
0,5,5,0,,,,,,,,
7,5,5,2,0,0,0,0,0,0,,
25,5,6,1,1,0,0,0,0,0,,
0,5,6,0,,,,,,,,
5,5,6,0,,,,,,,,
31,5,7,0,,,,,,,,
0,5,7,0,,,,,,,,
20,5,7,2,1,0,1,1,0,0,,
39,5,8,1,0,1,1,0,0,0,,
0,5,8,0,,,,,,,,
13,5,8,0,,,,,,,,
33,5,9,0,,,,,,,,
0,5,9,0,,,,,,,,
28,5,9,2,1,1,1,0,0,0,,
30,5,10,1,0,0,0,0,0,0,,
0,5,10,0,,,,,,,,
36,5,10,0,,,,,,,,
38,5,11,0,,,,,,,,
18,5,11,2,0,0,0,0,0,0,,
0,5,11,0,,,,,,,,
35,5,12,1,0,0,0,0,0,0,,
39,5,12,0,,,,,,,,
0,5,12,0,,,,,,,,
44,5,13,0,,,,,,,,
41,5,13,2,0,0,0,0,0,0,,
0,5,13,0,,,,,,,,
33,5,14,1,0,0,0,0,0,0,,
12,5,14,0,,,,,,,,
0,5,14,0,,,,,,,,
24,5,15,0,,,,,,,,
36,5,15,2,0,0,0,0,0,0,,
0,5,15,0,,,,,,,,
6,5,16,1,0,0,0,0,0,0,,
3,5,16,0,,,,,,,,
0,5,16,0,,,,,,,,
25,5,17,0,,,,,,,,
2,5,17,2,0,0,0,0,0,0,,
0,5,17,0,,,,,,,,
17,5,18,1,0,0,0,1,0,0,,
42,5,18,0,,,,,,,,
0,5,18,0,,,,,,,,
41,5,19,0,,,,,,,,
32,5,19,2,0,1,0,0,1,0,,
0,5,19,0,,,,,,,,
27,5,20,1,0,0,0,0,0,0,,
30,5,20,0,,,,,,,,
0,5,20,0,,,,,,,,
16,5,21,0,,,,,,,,
38,5,21,2,0,0,0,0,0,0,,
0,5,21,0,,,,,,,,
37,5,22,1,0,0,0,0,0,0,,
21,5,22,0,,,,,,,,
0,5,22,0,,,,,,,,
35,5,23,0,,,,,,,,
34,5,23,2,0,0,0,0,0,0,,
0,5,23,0,,,,,,,,
16,5,24,1,0,0,0,0,1,0,,
17,5,24,0,,,,,,,,
0,5,24,0,,,,,,,,
27,5,25,0,,,,,,,,
42,5,25,2,1,0,0,1,0,0,,
0,5,25,0,,,,,,,,
24,5,26,1,0,0,0,0,0,0,,
4,5,26,0,,,,,,,,
0,5,26,0,,,,,,,,
22,5,27,0,,,,,,,,
9,5,27,2,0,0,0,0,0,0,,
0,5,27,0,,,,,,,,
5,5,28,1,1,1,0,0,0,0,,
11,5,28,0,,,,,,,,
0,5,28,0,,,,,,,,
20,5,29,0,,,,,,,,
19,5,29,2,1,1,0,0,1,0,,
0,5,29,0,,,,,,,,
11,5,30,1,0,1,0,0,0,0,,
23,5,30,0,,,,,,,,
0,5,30,0,,,,,,,,
40,5,31,0,,,,,,,,
10,5,31,2,0,0,0,0,0,0,,
0,5,31,0,,,,,,,,
1,5,32,1,0,0,0,0,0,0,,
43,5,32,0,,,,,,,,
0,5,32,0,,,,,,,,
20,6,1,1,1,1,0,0,0,0,,
0,6,1,0,,,,,,,,
14,6,1,0,,,,,,,,
3,6,2,0,,,,,,,,
0,6,2,0,,,,,,,,
2,6,2,2,1,1,1,1,0,0,,
15,6,3,1,0,1,0,0,0,0,,
0,6,3,0,,,,,,,,
22,6,3,0,,,,,,,,
12,6,4,0,,,,,,,,
0,6,4,0,,,,,,,,
8,6,4,2,1,1,0,1,1,0,,
37,6,5,1,1,1,0,0,0,0,,
0,6,5,0,,,,,,,,
7,6,5,0,,,,,,,,
25,6,6,0,,,,,,,,
0,6,6,0,,,,,,,,
4,6,6,2,1,1,1,0,0,0,,
31,6,7,1,1,1,1,0,0,0,,
0,6,7,0,,,,,,,,
20,6,7,0,,,,,,,,
39,6,8,0,,,,,,,,
0,6,8,0,,,,,,,,
34,6,8,2,1,0,0,0,0,0,,
28,6,9,1,1,1,1,1,1,0,,
0,6,9,0,,,,,,,,
28,6,9,0,,,,,,,,
30,6,10,0,,,,,,,,
0,6,10,0,,,,,,,,
24,6,10,2,1,1,0,0,0,0,,
23,6,11,1,1,0,0,0,0,0,,
18,6,11,0,,,,,,,,
0,6,11,0,,,,,,,,
35,6,12,0,,,,,,,,
41,6,12,2,0,1,0,0,0,0,,
0,6,12,0,,,,,,,,
19,6,13,1,0,1,1,1,0,0,,
41,6,13,0,,,,,,,,
0,6,13,0,,,,,,,,
33,6,14,0,,,,,,,,
39,6,14,2,1,1,0,1,1,0,,
0,6,14,0,,,,,,,,
33,6,15,1,1,0,1,0,1,0,,
36,6,15,0,,,,,,,,
0,6,15,0,,,,,,,,
6,6,16,0,,,,,,,,
10,6,16,2,0,1,1,0,0,0,,
0,6,16,0,,,,,,,,
22,6,17,1,1,1,0,1,0,0,,
2,6,17,0,,,,,,,,
0,6,17,0,,,,,,,,
17,6,18,0,,,,,,,,
11,6,18,2,1,0,0,0,1,0,,
0,6,18,0,,,,,,,,
14,6,19,1,1,0,0,1,0,0,,
32,6,19,0,,,,,,,,
0,6,19,0,,,,,,,,
27,6,20,0,,,,,,,,
30,6,20,2,1,1,1,0,1,0,,
0,6,20,0,,,,,,,,
27,6,21,1,0,0,0,0,1,0,,
38,6,21,0,,,,,,,,
0,6,21,0,,,,,,,,
37,6,22,0,,,,,,,,
12,6,22,2,0,1,0,1,0,0,,
0,6,22,0,,,,,,,,
42,6,23,1,0,0,0,0,1,0,,
34,6,23,0,,,,,,,,
0,6,23,0,,,,,,,,
16,6,24,0,,,,,,,,
1,6,24,2,1,1,0,0,0,0,,
0,6,24,0,,,,,,,,
36,6,25,1,1,1,0,0,1,0,,
42,6,25,0,,,,,,,,
0,6,25,0,,,,,,,,
24,6,26,0,,,,,,,,
17,6,26,2,0,0,0,0,0,0,,
0,6,26,0,,,,,,,,
40,6,27,1,1,0,0,1,0,0,,
9,6,27,0,,,,,,,,
0,6,27,0,,,,,,,,
5,6,28,0,,,,,,,,
26,6,28,2,0,1,1,0,1,0,,
0,6,28,0,,,,,,,,
7,6,29,1,1,1,0,1,1,0,,
19,6,29,0,,,,,,,,
0,6,29,0,,,,,,,,
11,6,30,0,,,,,,,,
6,6,30,2,1,1,0,1,0,0,,
0,6,30,0,,,,,,,,
18,6,31,1,1,0,0,1,0,0,,
10,6,31,0,,,,,,,,
0,6,31,0,,,,,,,,
1,6,32,0,,,,,,,,
13,6,32,2,1,1,1,1,1,0,,
0,6,32,0,,,,,,,,
20,7,1,0,,,,,,,,
0,7,1,0,,,,,,,,
40,7,1,2,0,0,0,0,0,0,,
25,7,2,1,0,0,0,0,0,0,,
0,7,2,0,,,,,,,,
2,7,2,0,,,,,,,,
15,7,3,0,,,,,,,,
0,7,3,0,,,,,,,,
14,7,3,2,0,0,0,0,0,0,,
22,7,4,1,0,0,0,0,0,0,,
0,7,4,0,,,,,,,,
8,7,4,0,,,,,,,,
37,7,5,0,,,,,,,,
0,7,5,0,,,,,,,,
35,7,5,2,0,0,0,0,0,0,,
28,7,6,1,0,0,0,0,0,0,,
0,7,6,0,,,,,,,,
4,7,6,0,,,,,,,,
31,7,7,0,,,,,,,,
0,7,7,0,,,,,,,,
16,7,7,2,0,0,1,0,0,0,,
9,7,8,1,1,0,0,0,0,0,,
0,7,8,0,,,,,,,,
34,7,8,0,,,,,,,,
28,7,9,0,,,,,,,,
0,7,9,0,,,,,,,,
33,7,9,2,0,0,0,0,0,0,,
4,7,10,1,1,0,0,0,0,0,,
0,7,10,0,,,,,,,,
24,7,10,0,,,,,,,,
23,7,11,0,,,,,,,,
38,7,11,2,0,0,0,0,0,0,,
0,7,11,0,,,,,,,,
44,7,12,1,0,0,0,0,0,0,,
41,7,12,0,,,,,,,,
0,7,12,0,,,,,,,,
19,7,13,0,,,,,,,,
2,7,13,2,1,0,0,0,0,0,,
0,7,13,0,,,,,,,,
42,7,14,1,0,0,0,0,0,0,,
39,7,14,0,,,,,,,,
0,7,14,0,,,,,,,,
33,7,15,0,,,,,,,,
24,7,15,2,0,0,0,0,0,0,,
0,7,15,0,,,,,,,,
11,7,16,1,0,0,0,0,0,0,,
10,7,16,0,,,,,,,,
0,7,16,0,,,,,,,,
22,7,17,0,,,,,,,,
3,7,17,2,1,0,0,0,0,0,,
0,7,17,0,,,,,,,,
37,7,18,1,0,0,0,0,1,0,,
11,7,18,0,,,,,,,,
0,7,18,0,,,,,,,,
14,7,19,0,,,,,,,,
20,7,19,2,0,0,0,0,0,0,,
0,7,19,0,,,,,,,,
43,7,20,1,0,0,0,0,0,,,
30,7,20,0,,,,,,,,
0,7,20,0,,,,,,,,
27,7,21,0,,,,,,,,
19,7,21,2,0,0,1,0,0,0,,
0,7,21,0,,,,,,,,
7,7,22,1,1,1,0,0,0,0,,
12,7,22,0,,,,,,,,
0,7,22,0,,,,,,,,
42,7,23,0,,,,,,,,
30,7,23,2,0,0,0,0,0,0,,
0,7,23,0,,,,,,,,
18,7,24,1,0,0,1,1,1,0,,
1,7,24,0,,,,,,,,
0,7,24,0,,,,,,,,
36,7,25,0,,,,,,,,
13,7,25,2,0,0,0,1,0,0,,
0,7,25,0,,,,,,,,
8,7,26,1,0,0,0,0,0,0,,
17,7,26,0,,,,,,,,
0,7,26,0,,,,,,,,
40,7,27,0,,,,,,,,
6,7,27,2,0,0,0,0,1,0,,
0,7,27,0,,,,,,,,
1,7,28,1,1,0,0,0,0,0,,
26,7,28,0,,,,,,,,
0,7,28,0,,,,,,,,
7,7,29,0,,,,,,,,
39,7,29,2,0,0,0,0,0,0,,
0,7,29,0,,,,,,,,
21,7,30,1,0,0,0,0,0,0,,
6,7,30,0,,,,,,,,
0,7,30,0,,,,,,,,
18,7,31,0,,,,,,,,
32,7,31,2,0,0,0,0,0,0,,
0,7,31,0,,,,,,,,
31,7,32,1,0,1,0,0,0,0,,
13,7,32,0,,,,,,,,
0,7,32,0,,,,,,,,
29,8,1,1,1,0,0,0,0,0,,
0,8,1,0,,,,,,,,
40,8,1,0,,,,,,,,
25,8,2,0,,,,,,,,
0,8,2,0,,,,,,,,
1,8,2,2,1,0,0,0,1,0,,
4,8,3,1,1,0,0,1,0,0,,
0,8,3,0,,,,,,,,
14,8,3,0,,,,,,,,
22,8,4,0,,,,,,,,
0,8,4,0,,,,,,,,
39,8,4,2,1,0,0,0,0,0,,
22,8,5,1,1,0,0,0,0,0,,
0,8,5,0,,,,,,,,
35,8,5,0,,,,,,,,
28,8,6,0,,,,,,,,
0,8,6,0,,,,,,,,
12,8,6,2,1,0,0,0,0,0,,
27,8,7,1,1,1,0,0,0,0,,
0,8,7,0,,,,,,,,
16,8,7,0,,,,,,,,
9,8,8,0,,,,,,,,
0,8,8,0,,,,,,,,
35,8,8,2,0,0,0,0,0,0,,
14,8,9,1,0,0,0,0,0,0,,
0,8,9,0,,,,,,,,
33,8,9,0,,,,,,,,
4,8,10,0,,,,,,,,
0,8,10,0,,,,,,,,
17,8,10,2,0,0,0,1,0,0,,
25,8,11,1,0,0,0,0,0,0,,
38,8,11,0,,,,,,,,
0,8,11,0,,,,,,,,
44,8,12,0,,,,,,,,
3,8,12,2,1,0,0,0,0,0,,
0,8,12,0,,,,,,,,
6,8,13,1,0,0,0,0,0,0,,
2,8,13,0,,,,,,,,
0,8,13,0,,,,,,,,
42,8,14,0,,,,,,,,
7,8,14,2,1,0,0,0,0,0,,
0,8,14,0,,,,,,,,
24,8,15,1,1,1,0,0,0,0,,
24,8,15,0,,,,,,,,
0,8,15,0,,,,,,,,
11,8,16,0,,,,,,,,
32,8,16,2,1,0,0,1,0,0,,
0,8,16,0,,,,,,,,
11,8,17,1,0,1,0,0,0,0,,
3,8,17,0,,,,,,,,
0,8,17,0,,,,,,,,
37,8,18,0,,,,,,,,
21,8,18,2,0,0,0,1,0,0,,
0,8,18,0,,,,,,,,
41,8,19,1,1,1,1,0,0,0,,
20,8,19,0,,,,,,,,
0,8,19,0,,,,,,,,
43,8,20,0,,,,,,,,
8,8,20,2,0,0,0,0,0,0,,
0,8,20,0,,,,,,,,
33,8,21,1,0,0,0,0,1,0,,
19,8,21,0,,,,,,,,
0,8,21,0,,,,,,,,
7,8,22,0,,,,,,,,
34,8,22,2,0,0,0,0,0,0,,
0,8,22,0,,,,,,,,
20,8,23,1,0,0,0,0,0,0,,
30,8,23,0,,,,,,,,
0,8,23,0,,,,,,,,
18,8,24,0,,,,,,,,
38,8,24,2,0,1,0,0,0,0,,
0,8,24,0,,,,,,,,
16,8,25,1,0,0,0,0,0,0,,
13,8,25,0,,,,,,,,
0,8,25,0,,,,,,,,
8,8,26,0,,,,,,,,
31,8,26,2,1,0,0,0,0,0,,
0,8,26,0,,,,,,,,
10,8,27,1,1,1,0,0,0,0,,
6,8,27,0,,,,,,,,
0,8,27,0,,,,,,,,
1,8,28,0,,,,,,,,
26,8,28,2,1,0,0,0,0,0,,
0,8,28,0,,,,,,,,
9,8,29,1,1,0,0,0,1,0,,
39,8,29,0,,,,,,,,
0,8,29,0,,,,,,,,
21,8,30,0,,,,,,,,
37,8,30,2,0,0,0,0,0,0,,
0,8,30,0,,,,,,,,
19,8,31,1,0,0,0,1,0,0,,
32,8,31,0,,,,,,,,
0,8,31,0,,,,,,,,
31,8,32,0,,,,,,,,
42,8,32,2,0,1,0,0,0,0,,
0,8,32,0,,,,,,,,
29,9,1,0,,,,,,,,
0,9,1,0,,,,,,,,
8,9,1,2,1,1,1,0,0,0,,
3,9,2,1,1,1,1,0,0,0,,
0,9,2,0,,,,,,,,
1,9,2,0,,,,,,,,
4,9,3,0,,,,,,,,
0,9,3,0,,,,,,,,
5,9,3,2,0,1,0,1,0,0,,
14,9,4,1,1,1,0,0,0,0,,
0,9,4,0,,,,,,,,
39,9,4,0,,,,,,,,
22,9,5,0,,,,,,,,
0,9,5,0,,,,,,,,
21,9,5,2,1,0,1,1,1,0,,
23,9,6,1,1,1,1,1,1,0,,
0,9,6,0,,,,,,,,
12,9,6,0,,,,,,,,
27,9,7,0,,,,,,,,
0,9,7,0,,,,,,,,
42,9,7,2,1,1,0,0,0,0,,
11,9,8,1,1,0,0,0,0,0,,
0,9,8,0,,,,,,,,
35,9,8,0,,,,,,,,
14,9,9,0,,,,,,,,
0,9,9,0,,,,,,,,
39,9,9,2,1,1,0,0,0,0,,
16,9,10,1,0,1,1,1,0,0,,
0,9,10,0,,,,,,,,
17,9,10,0,,,,,,,,
25,9,11,0,,,,,,,,
18,9,11,2,1,1,0,0,0,0,,
0,9,11,0,,,,,,,,
19,9,12,1,1,1,0,0,0,0,,
3,9,12,0,,,,,,,,
0,9,12,0,,,,,,,,
6,9,13,0,,,,,,,,
7,9,13,2,1,1,1,1,0,0,,
0,9,13,0,,,,,,,,
38,9,14,1,0,1,1,1,0,0,,
7,9,14,0,,,,,,,,
0,9,14,0,,,,,,,,
24,9,15,0,,,,,,,,
30,9,15,2,1,0,0,0,0,0,,
0,9,15,0,,,,,,,,
2,9,16,1,1,1,0,0,0,0,,
32,9,16,0,,,,,,,,
0,9,16,0,,,,,,,,
11,9,17,0,,,,,,,,
36,9,17,2,1,0,0,0,0,0,,
0,9,17,0,,,,,,,,
26,9,18,1,1,0,1,1,0,0,,
21,9,18,0,,,,,,,,
0,9,18,0,,,,,,,,
41,9,19,0,,,,,,,,
33,9,19,2,1,1,1,1,0,0,,
0,9,19,0,,,,,,,,
28,9,20,1,0,1,0,1,0,0,,
8,9,20,0,,,,,,,,
0,9,20,0,,,,,,,,
33,9,21,0,,,,,,,,
13,9,21,2,1,0,0,0,1,0,,
0,9,21,0,,,,,,,,
27,9,22,1,1,1,0,0,0,0,,
34,9,22,0,,,,,,,,
0,9,22,0,,,,,,,,
20,9,23,0,,,,,,,,
34,9,23,2,1,0,1,0,0,0,,
0,9,23,0,,,,,,,,
35,9,24,1,0,1,1,0,1,0,,
38,9,24,0,,,,,,,,
0,9,24,0,,,,,,,,
16,9,25,0,,,,,,,,
1,9,25,2,1,0,1,0,0,0,,
0,9,25,0,,,,,,,,
29,9,26,1,0,0,0,0,0,0,,
31,9,26,0,,,,,,,,
0,9,26,0,,,,,,,,
10,9,27,0,,,,,,,,
41,9,27,2,0,0,1,0,0,0,,
0,9,27,0,,,,,,,,
20,9,28,1,1,1,0,0,1,0,,
26,9,28,0,,,,,,,,
0,9,28,0,,,,,,,,
9,9,29,0,,,,,,,,
31,9,29,2,1,0,0,0,1,0,,
0,9,29,0,,,,,,,,
32,9,30,1,1,0,0,1,0,0,,
37,9,30,0,,,,,,,,
0,9,30,0,,,,,,,,
19,9,31,0,,,,,,,,
10,9,31,2,1,0,0,1,0,0,,
0,9,31,0,,,,,,,,
37,9,32,1,0,0,0,0,0,0,,
42,9,32,0,,,,,,,,
0,9,32,0,,,,,,,,
39,10,1,1,1,1,0,0,0,0,,
0,10,1,0,,,,,,,,
8,10,1,0,,,,,,,,
3,10,2,0,,,,,,,,
0,10,2,0,,,,,,,,
35,10,2,2,1,0,0,1,1,0,,
28,10,3,1,0,0,0,1,0,0,,
0,10,3,0,,,,,,,,
5,10,3,0,,,,,,,,
14,10,4,0,,,,,,,,
0,10,4,0,,,,,,,,
16,10,4,2,0,0,0,0,0,0,,
21,10,5,1,0,0,0,0,0,0,,
0,10,5,0,,,,,,,,
21,10,5,0,,,,,,,,
23,10,6,0,,,,,,,,
0,10,6,0,,,,,,,,
25,10,6,2,1,1,0,0,0,0,,
30,10,7,1,0,0,0,1,0,0,,
0,10,7,0,,,,,,,,
42,10,7,0,,,,,,,,
11,10,8,0,,,,,,,,
0,10,8,0,,,,,,,,
7,10,8,2,0,0,1,0,0,0,,
14,10,9,1,1,1,0,0,0,0,,
0,10,9,0,,,,,,,,
39,10,9,0,,,,,,,,
16,10,10,0,,,,,,,,
0,10,10,0,,,,,,,,
41,10,10,2,0,0,0,0,1,0,,
2,10,11,1,0,1,1,0,0,0,,
18,10,11,0,,,,,,,,
0,10,11,0,,,,,,,,
19,10,12,0,,,,,,,,
5,10,12,2,1,0,0,0,0,0,,
0,10,12,0,,,,,,,,
43,10,13,1,1,1,1,0,0,0,,
7,10,13,0,,,,,,,,
0,10,13,0,,,,,,,,
38,10,14,0,,,,,,,,
33,10,14,2,0,0,0,1,0,0,,
0,10,14,0,,,,,,,,
9,10,15,1,0,0,0,1,0,0,,
30,10,15,0,,,,,,,,
0,10,15,0,,,,,,,,
2,10,16,0,,,,,,,,
11,10,16,2,0,1,0,0,0,0,,
0,10,16,0,,,,,,,,
34,10,17,1,1,0,0,0,1,0,,
36,10,17,0,,,,,,,,
0,10,17,0,,,,,,,,
26,10,18,0,,,,,,,,
23,10,18,2,1,0,1,0,1,0,,
0,10,18,0,,,,,,,,
1,10,19,1,1,0,0,0,0,0,,
33,10,19,0,,,,,,,,
0,10,19,0,,,,,,,,
28,10,20,0,,,,,,,,
10,10,20,2,0,0,0,0,0,0,,
0,10,20,0,,,,,,,,
20,10,21,1,0,0,0,0,0,0,,
13,10,21,0,,,,,,,,
0,10,21,0,,,,,,,,
27,10,22,0,,,,,,,,
38,10,22,2,1,0,0,0,0,0,,
0,10,22,0,,,,,,,,
24,10,23,1,0,1,0,0,1,0,,
34,10,23,0,,,,,,,,
0,10,23,0,,,,,,,,
35,10,24,0,,,,,,,,
37,10,24,2,0,1,0,1,0,0,,
0,10,24,0,,,,,,,,
13,10,25,1,1,0,0,0,0,0,,
1,10,25,0,,,,,,,,
0,10,25,0,,,,,,,,
29,10,26,0,,,,,,,,
19,10,26,2,1,0,0,0,0,0,,
0,10,26,0,,,,,,,,
3,10,27,1,1,0,0,0,0,0,,
41,10,27,0,,,,,,,,
0,10,27,0,,,,,,,,
20,10,28,0,,,,,,,,
12,10,28,2,1,1,1,0,1,0,,
0,10,28,0,,,,,,,,
18,10,29,1,1,0,0,0,0,0,,
31,10,29,0,,,,,,,,
0,10,29,0,,,,,,,,
32,10,30,0,,,,,,,,
4,10,30,2,1,0,0,0,0,0,,
0,10,30,0,,,,,,,,
6,10,31,1,1,0,0,1,0,0,,
10,10,31,0,,,,,,,,
0,10,31,0,,,,,,,,
37,10,32,0,,,,,,,,
32,10,32,2,1,0,0,0,0,0,,
0,10,32,0,,,,,,,,
39,11,1,0,,,,,,,,
0,11,1,0,,,,,,,,
25,11,1,2,1,1,0,1,0,0,,
12,11,2,1,1,0,1,1,1,0,,
0,11,2,0,,,,,,,,
35,11,2,0,,,,,,,,
28,11,3,0,,,,,,,,
0,11,3,0,,,,,,,,
27,11,3,2,1,1,1,0,0,0,,
40,11,4,1,1,0,1,1,1,0,,
0,11,4,0,,,,,,,,
16,11,4,0,,,,,,,,
21,11,5,0,,,,,,,,
0,11,5,0,,,,,,,,
22,11,5,2,1,1,0,0,1,0,,
7,11,6,1,1,0,0,0,0,0,,
0,11,6,0,,,,,,,,
25,11,6,0,,,,,,,,
30,11,7,0,,,,,,,,
0,11,7,0,,,,,,,,
10,11,7,2,0,0,0,0,1,0,,
14,11,8,1,1,0,0,0,0,0,,
0,11,8,0,,,,,,,,
7,11,8,0,,,,,,,,
14,11,9,0,,,,,,,,
0,11,9,0,,,,,,,,
4,11,9,2,1,1,0,1,0,0,,
29,11,10,1,1,1,1,1,1,0,,
0,11,10,0,,,,,,,,
41,11,10,0,,,,,,,,
2,11,11,0,,,,,,,,
38,11,11,2,1,1,0,1,0,0,,
0,11,11,0,,,,,,,,
24,11,12,1,1,0,0,1,0,0,,
5,11,12,0,,,,,,,,
0,11,12,0,,,,,,,,
43,11,13,0,,,,,,,,
9,11,13,2,1,0,0,0,1,0,,
0,11,13,0,,,,,,,,
33,11,14,1,1,1,0,0,0,0,,
33,11,14,0,,,,,,,,
0,11,14,0,,,,,,,,
9,11,15,0,,,,,,,,
1,11,15,2,1,0,0,0,1,0,,
0,11,15,0,,,,,,,,
3,11,16,1,1,1,0,0,0,0,,
11,11,16,0,,,,,,,,
0,11,16,0,,,,,,,,
34,11,17,0,,,,,,,,
16,11,17,2,1,1,1,1,1,0,,
0,11,17,0,,,,,,,,
32,11,18,1,1,1,1,1,0,0,,
23,11,18,0,,,,,,,,
0,11,18,0,,,,,,,,
1,11,19,0,,,,,,,,
34,11,19,2,0,0,0,0,0,0,,
0,11,19,0,,,,,,,,
18,11,20,1,1,0,0,0,1,0,,
10,11,20,0,,,,,,,,
0,11,20,0,,,,,,,,
20,11,21,0,,,,,,,,
35,11,21,2,1,1,1,1,0,0,,
0,11,21,0,,,,,,,,
6,11,22,1,1,1,1,0,1,0,,
38,11,22,0,,,,,,,,
0,11,22,0,,,,,,,,
24,11,23,0,,,,,,,,
36,11,23,2,1,1,1,1,0,0,,
0,11,23,0,,,,,,,,
42,11,24,1,1,0,0,0,0,0,,
37,11,24,0,,,,,,,,
0,11,24,0,,,,,,,,
13,11,25,0,,,,,,,,
20,11,25,2,1,1,0,1,1,0,,
0,11,25,0,,,,,,,,
37,11,26,1,1,1,0,0,1,0,,
19,11,26,0,,,,,,,,
0,11,26,0,,,,,,,,
3,11,27,0,,,,,,,,
2,11,27,2,0,0,0,0,1,0,,
0,11,27,0,,,,,,,,
31,11,28,1,1,1,1,0,0,0,,
12,11,28,0,,,,,,,,
0,11,28,0,,,,,,,,
18,11,29,0,,,,,,,,
21,11,29,2,1,1,1,0,0,0,,
0,11,29,0,,,,,,,,
19,11,30,1,1,0,0,0,0,0,,
4,11,30,0,,,,,,,,
0,11,30,0,,,,,,,,
6,11,31,0,,,,,,,,
39,11,31,2,1,0,0,0,1,0,,
0,11,31,0,,,,,,,,
17,11,32,1,1,1,0,0,1,0,,
32,11,32,0,,,,,,,,
0,11,32,0,,,,,,,,
12,12,1,1,0,0,0,0,0,0,,
0,12,1,0,,,,,,,,
25,12,1,0,,,,,,,,
12,12,2,0,,,,,,,,
0,12,2,0,,,,,,,,
10,12,2,2,0,0,0,0,0,0,,
40,12,3,1,0,0,0,0,0,0,,
0,12,3,0,,,,,,,,
27,12,3,0,,,,,,,,
40,12,4,0,,,,,,,,
0,12,4,0,,,,,,,,
21,12,4,2,1,0,0,0,0,0,,
35,12,5,1,0,0,0,0,0,0,,
0,12,5,0,,,,,,,,
22,12,5,0,,,,,,,,
7,12,6,0,,,,,,,,
0,12,6,0,,,,,,,,
27,12,6,2,0,0,0,0,0,0,,
38,12,7,1,0,0,0,0,0,0,,
0,12,7,0,,,,,,,,
10,12,7,0,,,,,,,,
14,12,8,0,,,,,,,,
0,12,8,0,,,,,,,,
16,12,8,2,0,0,0,0,1,0,,
25,12,9,1,0,0,1,0,0,0,,
0,12,9,0,,,,,,,,
4,12,9,0,,,,,,,,
29,12,10,0,,,,,,,,
0,12,10,0,,,,,,,,
7,12,10,2,0,0,0,0,0,0,,
42,12,11,1,0,0,0,0,0,0,,
38,12,11,0,,,,,,,,
0,12,11,0,,,,,,,,
24,12,12,0,,,,,,,,
14,12,12,2,0,0,0,0,0,0,,
0,12,12,0,,,,,,,,
23,12,13,1,0,0,0,0,0,0,,
9,12,13,0,,,,,,,,
0,12,13,0,,,,,,,,
33,12,14,0,,,,,,,,
37,12,14,2,0,0,0,0,0,0,,
0,12,14,0,,,,,,,,
30,12,15,1,0,0,0,0,0,0,,
1,12,15,0,,,,,,,,
0,12,15,0,,,,,,,,
3,12,16,0,,,,,,,,
20,12,16,2,0,0,0,0,0,0,,
0,12,16,0,,,,,,,,
18,12,17,1,0,0,0,0,0,0,,
16,12,17,0,,,,,,,,
0,12,17,0,,,,,,,,
32,12,18,0,,,,,,,,
29,12,18,2,0,0,0,0,0,0,,
0,12,18,0,,,,,,,,
2,12,19,1,0,0,0,0,0,0,,
34,12,19,0,,,,,,,,
0,12,19,0,,,,,,,,
18,12,20,0,,,,,,,,
9,12,20,2,0,0,0,0,0,0,,
0,12,20,0,,,,,,,,
5,12,21,1,0,0,0,0,0,0,,
35,12,21,0,,,,,,,,
0,12,21,0,,,,,,,,
6,12,22,0,,,,,,,,
19,12,22,2,0,0,0,0,0,0,,
0,12,22,0,,,,,,,,
34,12,23,1,0,0,0,0,0,0,,
36,12,23,0,,,,,,,,
0,12,23,0,,,,,,,,
42,12,24,0,,,,,,,,
32,12,24,2,0,0,0,0,0,0,,
0,12,24,0,,,,,,,,
33,12,25,1,0,0,0,0,0,0,,
20,12,25,0,,,,,,,,
0,12,25,0,,,,,,,,
37,12,26,0,,,,,,,,
1,12,26,2,1,0,0,0,0,0,,
0,12,26,0,,,,,,,,
4,12,27,1,0,0,0,0,0,0,,
2,12,27,0,,,,,,,,
0,12,27,0,,,,,,,,
31,12,28,0,,,,,,,,
15,12,28,2,0,0,0,0,0,0,,
0,12,28,0,,,,,,,,
31,12,29,1,0,0,0,0,0,0,,
21,12,29,0,,,,,,,,
0,12,29,0,,,,,,,,
19,12,30,0,,,,,,,,
6,12,30,2,0,0,0,0,0,0,,
0,12,30,0,,,,,,,,
3,12,31,1,0,1,0,0,0,0,,
39,12,31,0,,,,,,,,
0,12,31,0,,,,,,,,
17,12,32,0,,,,,,,,
24,12,32,2,0,0,0,1,0,0,,
0,12,32,0,,,,,,,,
12,13,1,0,,,,,,,,
0,13,1,0,,,,,,,,
26,13,1,2,1,0,0,0,0,0,,
12,13,2,1,1,1,1,0,0,0,,
0,13,2,0,,,,,,,,
10,13,2,0,,,,,,,,
40,13,3,0,,,,,,,,
0,13,3,0,,,,,,,,
28,13,3,2,0,0,0,0,0,0,,
41,13,4,1,0,0,0,0,0,0,,
0,13,4,0,,,,,,,,
21,13,4,0,,,,,,,,
35,13,5,0,,,,,,,,
0,13,5,0,,,,,,,,
22,13,5,2,0,0,0,0,0,0,,
7,13,6,1,0,0,0,0,0,0,,
0,13,6,0,,,,,,,,
27,13,6,0,,,,,,,,
38,13,7,0,,,,,,,,
0,13,7,0,,,,,,,,
10,13,7,2,1,0,0,0,0,0,,
14,13,8,1,0,0,0,0,0,0,,
0,13,8,0,,,,,,,,
16,13,8,0,,,,,,,,
25,13,9,0,,,,,,,,
0,13,9,0,,,,,,,,
4,13,9,2,1,0,0,0,0,0,,
30,13,10,1,0,0,0,0,0,0,,
0,13,10,0,,,,,,,,
7,13,10,0,,,,,,,,
42,13,11,0,,,,,,,,
39,13,11,2,0,0,0,0,0,0,,
0,13,11,0,,,,,,,,
24,13,12,1,0,0,0,1,0,0,,
14,13,12,0,,,,,,,,
0,13,12,0,,,,,,,,
23,13,13,0,,,,,,,,
9,13,13,2,1,1,0,0,0,0,,
0,13,13,0,,,,,,,,
34,13,14,1,1,0,0,0,0,0,,
37,13,14,0,,,,,,,,
0,13,14,0,,,,,,,,
30,13,15,0,,,,,,,,
1,13,15,2,0,0,0,0,0,0,,
0,13,15,0,,,,,,,,
3,13,16,1,0,0,0,0,0,0,,
20,13,16,0,,,,,,,,
0,13,16,0,,,,,,,,
18,13,17,0,,,,,,,,
16,13,17,2,0,0,0,0,0,0,,
0,13,17,0,,,,,,,,
33,13,18,1,0,0,0,1,0,0,,
29,13,18,0,,,,,,,,
0,13,18,0,,,,,,,,
2,13,19,0,,,,,,,,
35,13,19,2,1,0,0,0,0,0,,
0,13,19,0,,,,,,,,
18,13,20,1,0,0,0,0,0,0,,
9,13,20,0,,,,,,,,
0,13,20,0,,,,,,,,
5,13,21,0,,,,,,,,
36,13,21,2,0,1,0,0,0,0,,
0,13,21,0,,,,,,,,
6,13,22,1,1,0,0,0,0,0,,
19,13,22,0,,,,,,,,
0,13,22,0,,,,,,,,
34,13,23,0,,,,,,,,
37,13,23,2,1,0,0,0,0,0,,
0,13,23,0,,,,,,,,
43,13,24,1,0,0,0,0,0,0,,
32,13,24,0,,,,,,,,
0,13,24,0,,,,,,,,
33,13,25,0,,,,,,,,
20,13,25,2,0,0,0,0,0,0,,
0,13,25,0,,,,,,,,
38,13,26,1,0,0,0,0,0,0,,
1,13,26,0,,,,,,,,
0,13,26,0,,,,,,,,
4,13,27,0,,,,,,,,
2,13,27,2,0,0,0,0,0,0,,
0,13,27,0,,,,,,,,
32,13,28,1,0,0,0,0,1,0,,
15,13,28,0,,,,,,,,
0,13,28,0,,,,,,,,
31,13,29,0,,,,,,,,
21,13,29,2,1,0,0,0,0,0,,
0,13,29,0,,,,,,,,
19,13,30,1,1,0,1,0,0,0,,
6,13,30,0,,,,,,,,
0,13,30,0,,,,,,,,
3,13,31,0,,,,,,,,
40,13,31,2,0,0,0,1,0,0,,
0,13,31,0,,,,,,,,
17,13,32,1,0,0,0,0,0,0,,
24,13,32,0,,,,,,,,
0,13,32,0,,,,,,,,
12,14,1,1,1,0,0,0,1,0,,
0,14,1,0,,,,,,,,
26,14,1,0,,,,,,,,
12,14,2,0,,,,,,,,
0,14,2,0,,,,,,,,
6,14,2,2,0,1,0,0,1,0,,
31,14,3,1,1,1,0,0,0,0,,
0,14,3,0,,,,,,,,
28,14,3,0,,,,,,,,
41,14,4,0,,,,,,,,
0,14,4,0,,,,,,,,
33,14,4,2,1,0,0,0,0,0,,
26,14,5,1,1,0,0,0,0,0,,
0,14,5,0,,,,,,,,
22,14,5,0,,,,,,,,
7,14,6,0,,,,,,,,
0,14,6,0,,,,,,,,
10,14,6,2,0,0,0,1,0,0,,
28,14,7,1,0,1,0,0,0,0,,
0,14,7,0,,,,,,,,
10,14,7,0,,,,,,,,
14,14,8,0,,,,,,,,
0,14,8,0,,,,,,,,
38,14,8,2,1,0,0,0,0,0,,
1,14,9,1,1,1,1,1,0,0,,
0,14,9,0,,,,,,,,
4,14,9,0,,,,,,,,
30,14,10,0,,,,,,,,
0,14,10,0,,,,,,,,
16,14,10,2,0,0,0,0,0,0,,
25,14,11,1,0,0,0,0,0,0,,
39,14,11,0,,,,,,,,
0,14,11,0,,,,,,,,
24,14,12,0,,,,,,,,
20,14,12,2,1,0,0,0,0,0,,
0,14,12,0,,,,,,,,
5,14,13,1,0,0,0,0,1,0,,
9,14,13,0,,,,,,,,
0,14,13,0,,,,,,,,
34,14,14,0,,,,,,,,
42,14,14,2,1,0,0,1,0,0,,
0,14,14,0,,,,,,,,
23,14,15,1,0,0,0,0,0,0,,
1,14,15,0,,,,,,,,
0,14,15,0,,,,,,,,
3,14,16,0,,,,,,,,
4,14,16,2,1,0,0,0,0,0,,
0,14,16,0,,,,,,,,
36,14,17,1,1,0,0,0,0,0,,
16,14,17,0,,,,,,,,
0,14,17,0,,,,,,,,
33,14,18,0,,,,,,,,
14,14,18,2,0,1,0,1,1,0,,
0,14,18,0,,,,,,,,
30,14,19,1,1,0,0,1,0,0,,
35,14,19,0,,,,,,,,
0,14,19,0,,,,,,,,
18,14,20,0,,,,,,,,
15,14,20,2,1,0,0,0,0,0,,
0,14,20,0,,,,,,,,
8,14,21,1,1,1,1,0,0,0,,
36,14,21,0,,,,,,,,
0,14,21,0,,,,,,,,
6,14,22,0,,,,,,,,
41,14,22,2,0,0,1,1,0,0,,
0,14,22,0,,,,,,,,
21,14,23,1,1,0,0,0,0,0,,
37,14,23,0,,,,,,,,
0,14,23,0,,,,,,,,
43,14,24,0,,,,,,,,
19,14,24,2,0,0,0,0,0,0,,
0,14,24,0,,,,,,,,
3,14,25,1,0,0,0,0,0,0,,
20,14,25,0,,,,,,,,
0,14,25,0,,,,,,,,
38,14,26,0,,,,,,,,
40,14,26,2,1,0,0,0,0,0,,
0,14,26,0,,,,,,,,
18,14,27,1,0,0,0,0,0,0,,
2,14,27,0,,,,,,,,
0,14,27,0,,,,,,,,
32,14,28,0,,,,,,,,
22,14,28,2,0,0,1,0,1,0,,
0,14,28,0,,,,,,,,
24,14,29,1,1,0,0,0,0,0,,
21,14,29,0,,,,,,,,
0,14,29,0,,,,,,,,
19,14,30,0,,,,,,,,
37,14,30,2,1,0,0,1,0,0,,
0,14,30,0,,,,,,,,
35,14,31,1,1,0,0,1,0,0,,
40,14,31,0,,,,,,,,
0,14,31,0,,,,,,,,
17,14,32,0,,,,,,,,
9,14,32,2,1,0,1,0,0,0,,
0,14,32,0,,,,,,,,
12,15,1,0,,,,,,,,
0,15,1,0,,,,,,,,
36,15,1,2,1,1,0,0,0,0,,
29,15,2,1,0,0,0,0,0,0,,
0,15,2,0,,,,,,,,
6,15,2,0,,,,,,,,
31,15,3,0,,,,,,,,
0,15,3,0,,,,,,,,
1,15,3,2,0,0,0,0,0,0,,
22,15,4,1,0,1,1,1,1,0,,
0,15,4,0,,,,,,,,
33,15,4,0,,,,,,,,
26,15,5,0,,,,,,,,
0,15,5,0,,,,,,,,
10,15,5,2,1,1,0,1,0,0,,
5,15,6,1,1,0,1,0,0,0,,
0,15,6,0,,,,,,,,
10,15,6,0,,,,,,,,
28,15,7,0,,,,,,,,
0,15,7,0,,,,,,,,
20,15,7,2,1,1,1,0,0,0,,
3,15,8,1,0,0,0,1,0,0,,
0,15,8,0,,,,,,,,
38,15,8,0,,,,,,,,
1,15,9,0,,,,,,,,
0,15,9,0,,,,,,,,
38,15,9,2,0,0,1,0,0,0,,
16,15,10,1,1,0,0,0,0,0,,
0,15,10,0,,,,,,,,
16,15,10,0,,,,,,,,
25,15,11,0,,,,,,,,
28,15,11,2,0,0,1,0,0,0,,
0,15,11,0,,,,,,,,
43,15,12,1,0,1,1,0,0,0,,
20,15,12,0,,,,,,,,
0,15,12,0,,,,,,,,
5,15,13,0,,,,,,,,
27,15,13,2,0,0,1,0,0,0,,
0,15,13,0,,,,,,,,
26,15,14,1,0,0,0,1,0,0,,
42,15,14,0,,,,,,,,
0,15,14,0,,,,,,,,
23,15,15,0,,,,,,,,
25,15,15,2,0,0,0,0,0,0,,
0,15,15,0,,,,,,,,
8,15,16,1,1,0,0,0,0,0,,
4,15,16,0,,,,,,,,
0,15,16,0,,,,,,,,
36,15,17,0,,,,,,,,
13,15,17,2,1,0,0,1,0,0,,
0,15,17,0,,,,,,,,
19,15,18,1,0,1,1,0,0,0,,
14,15,18,0,,,,,,,,
0,15,18,0,,,,,,,,
30,15,19,0,,,,,,,,
7,15,19,2,1,0,0,0,0,0,,
0,15,19,0,,,,,,,,
33,15,20,1,0,0,0,0,0,0,,
15,15,20,0,,,,,,,,
0,15,20,0,,,,,,,,
8,15,21,0,,,,,,,,
9,15,21,2,1,1,0,0,0,0,,
0,15,21,0,,,,,,,,
34,15,22,1,0,0,0,0,0,0,,
41,15,22,0,,,,,,,,
0,15,22,0,,,,,,,,
21,15,23,0,,,,,,,,
14,15,23,2,0,0,0,0,0,0,,
0,15,23,0,,,,,,,,
40,15,24,1,0,0,0,0,0,0,,
19,15,24,0,,,,,,,,
0,15,24,0,,,,,,,,
3,15,25,0,,,,,,,,
41,15,25,2,0,0,0,0,1,0,,
0,15,25,0,,,,,,,,
31,15,26,1,0,0,0,0,0,0,,
40,15,26,0,,,,,,,,
0,15,26,0,,,,,,,,
18,15,27,0,,,,,,,,
42,15,27,2,0,0,0,0,0,0,,
0,15,27,0,,,,,,,,
15,15,28,1,1,1,0,0,0,0,,
22,15,28,0,,,,,,,,
0,15,28,0,,,,,,,,
24,15,29,0,,,,,,,,
12,15,29,2,1,1,0,0,0,0,,
0,15,29,0,,,,,,,,
18,15,30,1,0,0,0,0,0,0,,
37,15,30,0,,,,,,,,
0,15,30,0,,,,,,,,
35,15,31,0,,,,,,,,
32,15,31,2,0,1,0,0,0,0,,
0,15,31,0,,,,,,,,
35,15,32,1,0,0,0,0,0,0,,
9,15,32,0,,,,,,,,
0,15,32,0,,,,,,,,
37,16,1,1,0,1,0,0,1,0,,
0,16,1,0,,,,,,,,
36,16,1,0,,,,,,,,
29,16,2,0,,,,,,,,
0,16,2,0,,,,,,,,
16,16,2,2,1,0,0,0,1,0,,
25,16,3,1,1,0,1,0,0,0,,
0,16,3,0,,,,,,,,
1,16,3,0,,,,,,,,
22,16,4,0,,,,,,,,
0,16,4,0,,,,,,,,
14,16,4,2,1,0,0,0,0,0,,
4,16,5,1,1,0,0,0,0,0,,
0,16,5,0,,,,,,,,
10,16,5,0,,,,,,,,
5,16,6,0,,,,,,,,
0,16,6,0,,,,,,,,
41,16,6,2,0,1,0,0,0,0,,
10,16,7,1,1,0,0,0,0,0,,
0,16,7,0,,,,,,,,
20,16,7,0,,,,,,,,
3,16,8,0,,,,,,,,
0,16,8,0,,,,,,,,
19,16,8,2,0,0,0,0,0,0,,
2,16,9,1,1,0,0,0,1,0,,
0,16,9,0,,,,,,,,
38,16,9,0,,,,,,,,
16,16,10,0,,,,,,,,
0,16,10,0,,,,,,,,
35,16,10,2,0,0,0,0,0,0,,
12,16,11,1,1,1,0,0,0,0,,
28,16,11,0,,,,,,,,
0,16,11,0,,,,,,,,
43,16,12,0,,,,,,,,
31,16,12,2,1,0,0,1,0,0,,
0,16,12,0,,,,,,,,
28,16,13,1,1,0,0,0,1,0,,
27,16,13,0,,,,,,,,
0,16,13,0,,,,,,,,
26,16,14,0,,,,,,,,
18,16,14,2,1,1,0,0,0,0,,
0,16,14,0,,,,,,,,
1,16,15,1,0,0,1,0,0,0,,
25,16,15,0,,,,,,,,
0,16,15,0,,,,,,,,
8,16,16,0,,,,,,,,
43,16,16,2,0,0,0,0,1,0,,
0,16,16,0,,,,,,,,
8,16,17,1,1,1,0,0,0,0,,
13,16,17,0,,,,,,,,
0,16,17,0,,,,,,,,
19,16,18,0,,,,,,,,
13,16,18,2,1,1,0,0,1,0,,
0,16,18,0,,,,,,,,
6,16,19,1,0,1,0,0,0,0,,
7,16,19,0,,,,,,,,
0,16,19,0,,,,,,,,
33,16,20,0,,,,,,,,
23,16,20,2,0,0,0,0,0,0,,
0,16,20,0,,,,,,,,
9,16,21,1,1,1,0,0,0,0,,
9,16,21,0,,,,,,,,
0,16,21,0,,,,,,,,
34,16,22,0,,,,,,,,
32,16,22,2,0,0,0,0,0,0,,
0,16,22,0,,,,,,,,
30,16,23,1,1,0,0,0,0,0,,
14,16,23,0,,,,,,,,
0,16,23,0,,,,,,,,
40,16,24,0,,,,,,,,
24,16,24,2,1,0,0,1,0,0,,
0,16,24,0,,,,,,,,
27,16,25,1,1,0,0,0,0,0,,
41,16,25,0,,,,,,,,
0,16,25,0,,,,,,,,
31,16,26,0,,,,,,,,
40,16,26,2,0,0,0,0,0,0,,
0,16,26,0,,,,,,,,
39,16,27,1,0,0,0,0,0,0,,
42,16,27,0,,,,,,,,
0,16,27,0,,,,,,,,
15,16,28,0,,,,,,,,
34,16,28,2,1,0,0,0,1,0,,
0,16,28,0,,,,,,,,
7,16,29,1,0,1,0,0,0,0,,
12,16,29,0,,,,,,,,
0,16,29,0,,,,,,,,
18,16,30,0,,,,,,,,
22,16,30,2,1,0,0,0,0,0,,
0,16,30,0,,,,,,,,
21,16,31,1,0,0,0,0,0,0,,
32,16,31,0,,,,,,,,
0,16,31,0,,,,,,,,
35,16,32,0,,,,,,,,
33,16,32,2,1,1,0,0,0,0,,
0,16,32,0,,,,,,,,
37,17,1,0,,,,,,,,
0,17,1,0,,,,,,,,
27,17,1,2,0,0,0,0,0,0,,
11,17,2,1,0,0,0,1,1,0,,
0,17,2,0,,,,,,,,
16,17,2,0,,,,,,,,
25,17,3,0,,,,,,,,
0,17,3,0,,,,,,,,
7,17,3,2,0,0,0,0,0,0,,
36,17,4,1,0,0,0,0,0,0,,
0,17,4,0,,,,,,,,
14,17,4,0,,,,,,,,
4,17,5,0,,,,,,,,
0,17,5,0,,,,,,,,
1,17,5,2,1,1,0,1,1,0,,
15,17,6,1,0,0,0,0,0,0,,
0,17,6,0,,,,,,,,
41,17,6,0,,,,,,,,
10,17,7,0,,,,,,,,
0,17,7,0,,,,,,,,
9,17,7,2,1,0,0,0,0,0,,
23,17,8,1,0,0,0,0,0,0,,
0,17,8,0,,,,,,,,
19,17,8,0,,,,,,,,
2,17,9,0,,,,,,,,
0,17,9,0,,,,,,,,
18,17,9,2,1,0,0,1,1,0,,
30,17,10,1,0,0,1,0,0,0,,
0,17,10,0,,,,,,,,
35,17,10,0,,,,,,,,
12,17,11,0,,,,,,,,
32,17,11,2,1,1,0,0,0,0,,
0,17,11,0,,,,,,,,
40,17,12,1,1,0,1,1,0,0,,
31,17,12,0,,,,,,,,
0,17,12,0,,,,,,,,
28,17,13,0,,,,,,,,
20,17,13,2,0,0,0,0,1,0,,
0,17,13,0,,,,,,,,
42,17,14,1,1,0,0,1,0,0,,
18,17,14,0,,,,,,,,
0,17,14,0,,,,,,,,
1,17,15,0,,,,,,,,
25,17,15,2,0,1,0,0,1,0,,
0,17,15,0,,,,,,,,
29,17,16,1,1,0,0,0,0,0,,
43,17,16,0,,,,,,,,
0,17,16,0,,,,,,,,
8,17,17,0,,,,,,,,
34,17,17,2,1,0,0,0,0,0,,
0,17,17,0,,,,,,,,
4,17,18,1,1,0,1,0,0,0,,
13,17,18,0,,,,,,,,
0,17,18,0,,,,,,,,
6,17,19,0,,,,,,,,
5,17,19,2,1,0,1,1,0,0,,
0,17,19,0,,,,,,,,
41,17,20,1,1,0,0,0,1,0,,
23,17,20,0,,,,,,,,
0,17,20,0,,,,,,,,
9,17,21,0,,,,,,,,
26,17,21,2,0,0,0,0,0,0,,
0,17,21,0,,,,,,,,
39,17,22,1,1,1,0,0,0,0,,
32,17,22,0,,,,,,,,
0,17,22,0,,,,,,,,
30,17,23,0,,,,,,,,
38,17,23,2,0,0,0,1,1,0,,
0,17,23,0,,,,,,,,
13,17,24,1,0,0,0,0,0,0,,
24,17,24,0,,,,,,,,
0,17,24,0,,,,,,,,
27,17,25,0,,,,,,,,
22,17,25,2,1,1,1,1,0,0,,
0,17,25,0,,,,,,,,
6,17,26,1,0,0,1,1,0,0,,
40,17,26,0,,,,,,,,
0,17,26,0,,,,,,,,
39,17,27,0,,,,,,,,
3,17,27,2,0,0,0,1,1,0,,
0,17,27,0,,,,,,,,
21,17,28,1,1,0,0,0,0,0,,
34,17,28,0,,,,,,,,
0,17,28,0,,,,,,,,
7,17,29,0,,,,,,,,
33,17,29,2,1,1,0,0,0,0,,
0,17,29,0,,,,,,,,
14,17,30,1,1,0,0,0,0,0,,
22,17,30,0,,,,,,,,
0,17,30,0,,,,,,,,
21,17,31,0,,,,,,,,
17,17,31,2,1,0,0,0,0,0,,
0,17,31,0,,,,,,,,
35,17,32,1,0,0,0,0,0,0,,
33,17,32,0,,,,,,,,
0,17,32,0,,,,,,,,
37,18,1,0,,,,,,,,
0,18,1,0,,,,,,,,
7,18,1,2,0,1,1,0,0,0,,
2,18,2,1,1,1,0,1,0,0,,
0,18,2,0,,,,,,,,
16,18,2,0,,,,,,,,
25,18,3,0,,,,,,,,
0,18,3,0,,,,,,,,
38,18,3,2,1,0,1,1,0,0,,
5,18,4,1,1,0,0,0,1,0,,
0,18,4,0,,,,,,,,
14,18,4,0,,,,,,,,
4,18,5,0,,,,,,,,
0,18,5,0,,,,,,,,
35,18,5,2,1,1,1,1,1,0,,
40,18,6,1,1,1,1,0,1,0,,
0,18,6,0,,,,,,,,
41,18,6,0,,,,,,,,
10,18,7,0,,,,,,,,
0,18,7,0,,,,,,,,
20,18,7,2,1,1,1,1,1,0,,
33,18,8,1,1,1,0,0,0,0,,
0,18,8,0,,,,,,,,
19,18,8,0,,,,,,,,
2,18,9,0,,,,,,,,
0,18,9,0,,,,,,,,
29,18,9,2,0,1,1,1,0,0,,
10,18,10,1,0,1,1,1,0,0,,
0,18,10,0,,,,,,,,
35,18,10,0,,,,,,,,
12,18,11,0,,,,,,,,
27,18,11,2,1,0,1,0,0,0,,
0,18,11,0,,,,,,,,
24,18,12,1,1,0,0,0,0,0,,
31,18,12,0,,,,,,,,
0,18,12,0,,,,,,,,
28,18,13,0,,,,,,,,
14,18,13,2,1,0,1,0,0,0,,
0,18,13,0,,,,,,,,
19,18,14,1,1,1,0,1,1,0,,
18,18,14,0,,,,,,,,
0,18,14,0,,,,,,,,
1,18,15,0,,,,,,,,
12,18,15,2,1,1,1,1,0,0,,
0,18,15,0,,,,,,,,
13,18,16,1,1,1,1,0,0,0,,
43,18,16,0,,,,,,,,
0,18,16,0,,,,,,,,
8,18,17,0,,,,,,,,
16,18,17,2,1,1,1,0,1,0,,
0,18,17,0,,,,,,,,
28,18,18,1,1,1,0,0,0,0,,
13,18,18,0,,,,,,,,
0,18,18,0,,,,,,,,
6,18,19,0,,,,,,,,
17,18,19,2,1,1,1,0,0,0,,
0,18,19,0,,,,,,,,
26,18,20,1,1,1,0,0,0,0,,
23,18,20,0,,,,,,,,
0,18,20,0,,,,,,,,
9,18,21,0,,,,,,,,
18,18,21,2,1,1,0,1,0,0,,
0,18,21,0,,,,,,,,
9,18,22,1,0,1,1,0,0,0,,
32,18,22,0,,,,,,,,
0,18,22,0,,,,,,,,
30,18,23,0,,,,,,,,
37,18,23,2,1,1,0,0,0,0,,
0,18,23,0,,,,,,,,
22,18,24,1,1,0,0,1,1,0,,
24,18,24,0,,,,,,,,
0,18,24,0,,,,,,,,
27,18,25,0,,,,,,,,
23,18,25,2,1,1,0,1,0,0,,
0,18,25,0,,,,,,,,
25,18,26,1,0,0,0,0,0,0,,
40,18,26,0,,,,,,,,
0,18,26,0,,,,,,,,
39,18,27,0,,,,,,,,
15,18,27,2,1,1,0,0,1,0,,
0,18,27,0,,,,,,,,
42,18,28,1,1,1,1,0,0,0,,
34,18,28,0,,,,,,,,
0,18,28,0,,,,,,,,
7,18,29,0,,,,,,,,
1,18,29,2,0,1,1,1,1,0,,
0,18,29,0,,,,,,,,
4,18,30,1,1,1,0,0,0,0,,
22,18,30,0,,,,,,,,
0,18,30,0,,,,,,,,
21,18,31,0,,,,,,,,
31,18,31,2,1,1,1,0,1,0,,
0,18,31,0,,,,,,,,
32,18,32,1,1,1,0,0,0,0,,
33,18,32,0,,,,,,,,
0,18,32,0,,,,,,,,
42,19,1,1,0,1,0,0,0,0,,
0,19,1,0,,,,,,,,
7,19,1,0,,,,,,,,
2,19,2,0,,,,,,,,
0,19,2,0,,,,,,,,
17,19,2,2,1,1,0,0,0,0,,
36,19,3,1,0,1,1,0,0,0,,
0,19,3,0,,,,,,,,
38,19,3,0,,,,,,,,
5,19,4,0,,,,,,,,
0,19,4,0,,,,,,,,
1,19,4,2,0,0,0,0,0,0,,
31,19,5,1,0,1,0,0,0,0,,
0,19,5,0,,,,,,,,
35,19,5,0,,,,,,,,
40,19,6,0,,,,,,,,
0,19,6,0,,,,,,,,
24,19,6,2,1,0,0,0,0,0,,
7,19,7,1,1,1,0,0,0,0,,
0,19,7,0,,,,,,,,
20,19,7,0,,,,,,,,
33,19,8,0,,,,,,,,
0,19,8,0,,,,,,,,
3,19,8,2,1,1,0,1,0,0,,
39,19,9,1,1,0,0,0,0,0,,
0,19,9,0,,,,,,,,
29,19,9,0,,,,,,,,
10,19,10,0,,,,,,,,
0,19,10,0,,,,,,,,
12,19,10,2,0,0,0,0,1,0,,
6,19,11,1,0,1,0,0,0,0,,
27,19,11,0,,,,,,,,
0,19,11,0,,,,,,,,
24,19,12,0,,,,,,,,
22,19,12,2,0,0,0,1,0,,,
0,19,12,0,,,,,,,,
34,19,13,1,1,0,0,0,0,0,,
14,19,13,0,,,,,,,,
0,19,13,0,,,,,,,,
19,19,14,0,,,,,,,,
41,19,14,2,0,1,0,0,0,0,,
0,19,14,0,,,,,,,,
9,19,15,1,1,0,0,0,0,0,,
12,19,15,0,,,,,,,,
0,19,15,0,,,,,,,,
13,19,16,0,,,,,,,,
20,19,16,2,0,1,0,0,1,0,,
0,19,16,0,,,,,,,,
26,19,17,1,1,0,0,1,0,0,,
16,19,17,0,,,,,,,,
0,19,17,0,,,,,,,,
28,19,18,0,,,,,,,,
38,19,18,2,1,1,0,0,0,0,,
0,19,18,0,,,,,,,,
19,19,19,1,0,0,1,0,0,,,
17,19,19,0,,,,,,,,
0,19,19,0,,,,,,,,
26,19,20,0,,,,,,,,
15,19,20,2,1,1,0,0,0,0,,
0,19,20,0,,,,,,,,
35,19,21,1,1,0,0,0,0,0,,
18,19,21,0,,,,,,,,
0,19,21,0,,,,,,,,
9,19,22,0,,,,,,,,
11,19,22,2,1,0,0,1,0,0,,
0,19,22,0,,,,,,,,
29,19,23,1,0,0,0,0,0,0,,
37,19,23,0,,,,,,,,
0,19,23,0,,,,,,,,
22,19,24,0,,,,,,,,
5,19,24,2,1,0,0,0,0,0,,
0,19,24,0,,,,,,,,
30,19,25,1,1,1,0,0,0,0,,
23,19,25,0,,,,,,,,
0,19,25,0,,,,,,,,
25,19,26,0,,,,,,,,
21,19,26,2,1,1,1,0,0,,,
0,19,26,0,,,,,,,,
27,19,27,1,1,0,0,0,0,0,,
15,19,27,0,,,,,,,,
0,19,27,0,,,,,,,,
42,19,28,0,,,,,,,,
16,19,28,2,1,0,0,0,0,0,,
0,19,28,0,,,,,,,,
33,19,29,1,0,0,0,0,0,0,,
1,19,29,0,,,,,,,,
0,19,29,0,,,,,,,,
4,19,30,0,,,,,,,,
28,19,30,2,0,0,0,0,0,0,,
0,19,30,0,,,,,,,,
10,19,31,1,1,0,0,0,0,0,,
31,19,31,0,,,,,,,,
0,19,31,0,,,,,,,,
32,19,32,0,,,,,,,,
14,19,32,2,1,0,0,0,0,0,,
0,19,32,0,,,,,,,,
40,20,1,1,1,0,0,1,0,0,,
0,20,1,0,,,,,,,,
7,20,1,0,,,,,,,,
2,20,2,0,,,,,,,,
0,20,2,0,,,,,,,,
14,20,2,2,1,0,1,0,0,0,,
25,20,3,1,0,1,0,0,0,0,,
0,20,3,0,,,,,,,,
38,20,3,0,,,,,,,,
5,20,4,0,,,,,,,,
0,20,4,0,,,,,,,,
28,20,4,2,0,0,0,0,0,0,,
23,20,5,1,1,1,0,0,0,0,,
0,20,5,0,,,,,,,,
35,20,5,0,,,,,,,,
40,20,6,0,,,,,,,,
0,20,6,0,,,,,,,,
6,20,6,2,0,0,0,0,0,0,,
1,20,7,1,0,0,0,0,0,0,,
0,20,7,0,,,,,,,,
20,20,7,0,,,,,,,,
33,20,8,0,,,,,,,,
0,20,8,0,,,,,,,,
33,20,8,2,0,0,0,0,0,0,,
37,20,9,1,0,0,0,0,0,0,,
0,20,9,0,,,,,,,,
29,20,9,0,,,,,,,,
10,20,10,0,,,,,,,,
0,20,10,0,,,,,,,,
35,20,10,2,0,0,0,0,0,0,,
42,20,11,1,0,0,0,0,0,0,,
27,20,11,0,,,,,,,,
0,20,11,0,,,,,,,,
24,20,12,0,,,,,,,,
17,20,12,2,1,1,0,0,0,0,,
0,20,12,0,,,,,,,,
19,20,13,1,0,0,0,0,1,0,,
14,20,13,0,,,,,,,,
0,20,13,0,,,,,,,,
19,20,14,0,,,,,,,,
31,20,14,2,0,1,0,0,0,0,,
0,20,14,0,,,,,,,,
27,20,15,1,0,0,0,0,0,0,,
12,20,15,0,,,,,,,,
0,20,15,0,,,,,,,,
13,20,16,0,,,,,,,,
10,20,16,2,0,1,0,0,0,0,,
0,20,16,0,,,,,,,,
4,20,17,1,1,0,1,0,0,0,,
16,20,17,0,,,,,,,,
0,20,17,0,,,,,,,,
28,20,18,0,,,,,,,,
22,20,18,2,0,0,0,0,0,0,,
0,20,18,0,,,,,,,,
18,20,19,1,1,0,0,0,0,0,,
17,20,19,0,,,,,,,,
0,20,19,0,,,,,,,,
26,20,20,0,,,,,,,,
30,20,20,2,0,0,0,0,0,0,,
0,20,20,0,,,,,,,,
9,20,21,1,0,0,1,0,0,0,,
18,20,21,0,,,,,,,,
0,20,21,0,,,,,,,,
9,20,22,0,,,,,,,,
32,20,22,2,0,0,0,0,0,0,,
0,20,22,0,,,,,,,,
13,20,23,1,1,0,0,0,0,0,,
37,20,23,0,,,,,,,,
0,20,23,0,,,,,,,,
22,20,24,0,,,,,,,,
3,20,24,2,1,1,0,0,1,0,,
0,20,24,0,,,,,,,,
8,20,25,1,0,0,0,0,0,0,,
23,20,25,0,,,,,,,,
0,20,25,0,,,,,,,,
25,20,26,0,,,,,,,,
21,20,26,2,0,0,0,0,0,0,,
0,20,26,0,,,,,,,,
5,20,27,1,0,0,0,0,0,0,,
15,20,27,0,,,,,,,,
0,20,27,0,,,,,,,,
42,20,28,0,,,,,,,,
12,20,28,2,0,0,0,0,0,0,,
0,20,28,0,,,,,,,,
11,20,29,1,0,1,0,0,0,0,,
1,20,29,0,,,,,,,,
0,20,29,0,,,,,,,,
4,20,30,0,,,,,,,,
20,20,30,2,1,0,0,1,0,0,,
0,20,30,0,,,,,,,,
39,20,31,1,1,0,0,0,0,0,,
31,20,31,0,,,,,,,,
0,20,31,0,,,,,,,,
32,20,32,0,,,,,,,,
16,20,32,2,0,0,0,0,0,0,,
0,20,32,0,,,,,,,,
40,21,1,0,,,,,,,,
0,21,1,0,,,,,,,,
21,21,1,2,1,0,0,0,1,0,,
18,21,2,1,0,1,0,1,1,0,,
0,21,2,0,,,,,,,,
14,21,2,0,,,,,,,,
25,21,3,0,,,,,,,,
0,21,3,0,,,,,,,,
8,21,3,2,0,0,0,1,1,0,,
41,21,4,1,1,0,0,1,0,0,,
0,21,4,0,,,,,,,,
28,21,4,0,,,,,,,,
23,21,5,0,,,,,,,,
0,21,5,0,,,,,,,,
29,21,5,2,0,0,0,0,0,0,,
1,21,6,1,1,0,0,0,0,0,,
0,21,6,0,,,,,,,,
6,21,6,0,,,,,,,,
1,21,7,0,,,,,,,,
0,21,7,0,,,,,,,,
5,21,7,2,0,0,0,0,0,0,,
16,21,8,1,0,1,0,1,1,0,,
0,21,8,0,,,,,,,,
33,21,8,0,,,,,,,,
37,21,9,0,,,,,,,,
0,21,9,0,,,,,,,,
13,21,9,2,0,0,0,1,1,0,,
31,21,10,1,1,0,0,0,0,0,,
0,21,10,0,,,,,,,,
35,21,10,0,,,,,,,,
42,21,11,0,,,,,,,,
7,21,11,2,1,1,0,0,1,0,,
0,21,11,0,,,,,,,,
4,21,12,1,1,1,1,1,0,0,,
17,21,12,0,,,,,,,,
0,21,12,0,,,,,,,,
19,21,13,0,,,,,,,,
26,21,13,2,0,0,1,0,0,0,,
0,21,13,0,,,,,,,,
40,21,14,1,,0,0,0,0,0,,
31,21,14,0,,,,,,,,
0,21,14,0,,,,,,,,
27,21,15,0,,,,,,,,
10,21,15,2,0,0,0,0,0,0,,
0,21,15,0,,,,,,,,
24,21,16,1,0,0,0,0,0,0,,
10,21,16,0,,,,,,,,
0,21,16,0,,,,,,,,
4,21,17,0,,,,,,,,
33,21,17,2,1,0,1,0,1,0,,
0,21,17,0,,,,,,,,
34,21,18,1,1,1,0,1,0,0,,
22,21,18,0,,,,,,,,
0,21,18,0,,,,,,,,
18,21,19,0,,,,,,,,
3,21,19,2,1,0,0,1,0,0,,
0,21,19,0,,,,,,,,
12,21,20,1,1,1,1,0,0,0,,
30,21,20,0,,,,,,,,
0,21,20,0,,,,,,,,
9,21,21,0,,,,,,,,
37,21,21,2,0,0,0,1,0,0,,
0,21,21,0,,,,,,,,
35,21,22,1,1,0,0,0,0,0,,
32,21,22,0,,,,,,,,
0,21,22,0,,,,,,,,
13,21,23,0,,,,,,,,
25,21,23,2,1,0,1,1,1,0,,
0,21,23,0,,,,,,,,
23,21,24,1,1,1,0,0,1,0,,
3,21,24,0,,,,,,,,
0,21,24,0,,,,,,,,
8,21,25,0,,,,,,,,
11,21,25,2,1,0,0,1,1,0,,
0,21,25,0,,,,,,,,
20,21,26,1,1,1,1,0,0,0,,
21,21,26,0,,,,,,,,
0,21,26,0,,,,,,,,
5,21,27,0,,,,,,,,
36,21,27,2,1,0,0,0,0,0,,
0,21,27,0,,,,,,,,
15,21,28,1,1,0,0,1,0,0,,
12,21,28,0,,,,,,,,
0,21,28,0,,,,,,,,
11,21,29,0,,,,,,,,
27,21,29,2,0,1,0,0,1,0,,
0,21,29,0,,,,,,,,
38,21,30,1,1,0,0,0,0,0,,
20,21,30,0,,,,,,,,
0,21,30,0,,,,,,,,
39,21,31,0,,,,,,,,
39,21,31,2,0,0,0,1,0,0,,
0,21,31,0,,,,,,,,
28,21,32,1,1,0,0,0,0,0,,
16,21,32,0,,,,,,,,
0,21,32,0,,,,,,,,
