seq,subj,item,cond,R1,R2,R3,R4,R5,R6,R7,R8
18,1,1,1,1,0,0,0,1,0,,
0,1,1,0,,,,,,,,
0,1,1,0,,,,,,,,
0,1,2,0,,,,,,,,
0,1,2,0,,,,,,,,
33,1,2,2,1,0,0,1,1,0,,
16,1,3,1,1,0,1,0,0,0,,
0,1,3,0,,,,,,,,
0,1,3,0,,,,,,,,
0,1,4,0,,,,,,,,
0,1,4,0,,,,,,,,
7,1,4,2,1,1,0,0,0,0,,
14,1,5,1,0,0,0,0,0,0,,
0,1,5,0,,,,,,,,
0,1,5,0,,,,,,,,
0,1,6,0,,,,,,,,
0,1,6,0,,,,,,,,
5,1,6,2,0,0,0,0,0,0,,
41,1,7,1,1,0,1,0,0,0,,
0,1,7,0,,,,,,,,
0,1,7,0,,,,,,,,
0,1,8,0,,,,,,,,
0,1,8,0,,,,,,,,
26,1,8,2,1,1,1,1,1,0,,
11,1,9,1,0,0,1,1,0,0,,
0,1,9,0,,,,,,,,
0,1,9,0,,,,,,,,
0,1,10,0,,,,,,,,
0,1,10,0,,,,,,,,
1,1,10,2,0,0,1,1,1,0,,
10,1,11,1,0,0,1,1,0,0,,
0,1,11,0,,,,,,,,
0,1,11,0,,,,,,,,
0,1,12,0,,,,,,,,
21,1,12,2,1,1,0,1,0,0,,
0,1,12,0,,,,,,,,
22,1,13,1,1,0,0,1,0,0,,
0,1,13,0,,,,,,,,
0,1,13,0,,,,,,,,
0,1,14,0,,,,,,,,
9,1,14,2,1,1,1,0,1,0,,
0,1,14,0,,,,,,,,
13,1,15,1,1,1,0,1,1,0,,
0,1,15,0,,,,,,,,
0,1,15,0,,,,,,,,
0,1,16,0,,,,,,,,
28,1,16,2,1,0,0,0,1,0,,
0,1,16,0,,,,,,,,
24,1,17,1,1,0,0,0,1,0,,
0,1,17,0,,,,,,,,
0,1,17,0,,,,,,,,
0,1,18,0,,,,,,,,
20,1,18,2,0,1,1,1,1,0,,
0,1,18,0,,,,,,,,
37,1,19,1,1,1,1,0,1,0,,
0,1,19,0,,,,,,,,
0,1,19,0,,,,,,,,
0,1,20,0,,,,,,,,
3,1,20,2,0,1,1,1,1,0,,
0,1,20,0,,,,,,,,
29,1,21,1,0,1,0,0,0,0,,
0,1,21,0,,,,,,,,
0,1,21,0,,,,,,,,
0,1,22,0,,,,,,,,
31,1,22,2,0,0,0,0,0,0,,
0,1,22,0,,,,,,,,
35,1,23,1,0,1,1,0,1,0,,
0,1,23,0,,,,,,,,
0,1,23,0,,,,,,,,
0,1,24,0,,,,,,,,
23,1,24,2,1,1,1,1,0,0,,
0,1,24,0,,,,,,,,
40,1,25,1,0,0,0,0,0,0,,
0,1,25,0,,,,,,,,
0,1,25,0,,,,,,,,
0,1,26,0,,,,,,,,
30,1,26,2,1,1,1,1,1,0,,
0,1,26,0,,,,,,,,
39,1,27,1,0,0,1,1,0,0,,
0,1,27,0,,,,,,,,
0,1,27,0,,,,,,,,
0,1,28,0,,,,,,,,
32,1,28,2,1,0,1,1,1,0,,
0,1,28,0,,,,,,,,
4,1,29,1,1,0,0,1,1,0,,
0,1,29,0,,,,,,,,
0,1,29,0,,,,,,,,
0,1,30,0,,,,,,,,
25,1,30,2,0,1,1,0,1,0,,
0,1,30,0,,,,,,,,
38,1,31,1,0,0,0,0,1,0,,
0,1,31,0,,,,,,,,
0,1,31,0,,,,,,,,
0,1,32,0,,,,,,,,
36,1,32,2,0,0,0,1,1,0,,
0,1,32,0,,,,,,,,
13,2,1,1,0,1,0,0,1,0,,
0,2,1,0,,,,,,,,
0,2,1,0,,,,,,,,
0,2,2,0,,,,,,,,
0,2,2,0,,,,,,,,
29,2,2,2,0,0,0,0,0,0,,
5,2,3,1,0,0,0,0,0,0,,
0,2,3,0,,,,,,,,
0,2,3,0,,,,,,,,
0,2,4,0,,,,,,,,
0,2,4,0,,,,,,,,
25,2,4,2,1,1,0,0,0,0,,
15,2,5,1,1,1,0,0,0,0,,
0,2,5,0,,,,,,,,
0,2,5,0,,,,,,,,
0,2,6,0,,,,,,,,
0,2,6,0,,,,,,,,
39,2,6,2,0,1,0,0,0,0,,
35,2,7,1,0,0,0,0,0,0,,
0,2,7,0,,,,,,,,
0,2,7,0,,,,,,,,
0,2,8,0,,,,,,,,
0,2,8,0,,,,,,,,
43,2,8,2,1,0,0,0,0,0,,
10,2,9,1,0,0,0,0,0,0,,
0,2,9,0,,,,,,,,
0,2,9,0,,,,,,,,
0,2,10,0,,,,,,,,
0,2,10,0,,,,,,,,
21,2,10,2,1,1,0,0,0,0,,
32,2,11,1,1,0,0,0,0,0,,
0,2,11,0,,,,,,,,
0,2,11,0,,,,,,,,
0,2,12,0,,,,,,,,
34,2,12,2,0,0,0,0,0,0,,
0,2,12,0,,,,,,,,
2,2,13,1,1,1,0,0,0,0,,
0,2,13,0,,,,,,,,
0,2,13,0,,,,,,,,
0,2,14,0,,,,,,,,
8,2,14,2,1,0,0,0,0,0,,
0,2,14,0,,,,,,,,
38,2,15,1,1,0,0,0,0,0,,
0,2,15,0,,,,,,,,
0,2,15,0,,,,,,,,
0,2,16,0,,,,,,,,
17,2,16,2,0,1,0,0,0,0,,
0,2,16,0,,,,,,,,
27,2,17,1,0,0,1,0,0,0,,
0,2,17,0,,,,,,,,
0,2,17,0,,,,,,,,
0,2,18,0,,,,,,,,
42,2,18,2,0,1,0,0,0,0,,
0,2,18,0,,,,,,,,
1,2,19,1,1,1,0,0,0,0,,
0,2,19,0,,,,,,,,
0,2,19,0,,,,,,,,
0,2,20,0,,,,,,,,
33,2,20,2,0,0,0,0,0,0,,
0,2,20,0,,,,,,,,
3,2,21,1,0,0,0,0,0,0,,
0,2,21,0,,,,,,,,
0,2,21,0,,,,,,,,
0,2,22,0,,,,,,,,
31,2,22,2,1,0,0,0,1,0,,
0,2,22,0,,,,,,,,
23,2,23,1,1,0,0,0,0,0,,
0,2,23,0,,,,,,,,
0,2,23,0,,,,,,,,
0,2,24,0,,,,,,,,
9,2,24,2,1,0,0,1,0,0,,
0,2,24,0,,,,,,,,
7,2,25,1,0,0,0,0,0,0,,
0,2,25,0,,,,,,,,
0,2,25,0,,,,,,,,
0,2,26,0,,,,,,,,
4,2,26,2,0,0,0,0,0,0,,
0,2,26,0,,,,,,,,
41,2,27,1,1,1,0,0,0,0,,
0,2,27,0,,,,,,,,
0,2,27,0,,,,,,,,
0,2,28,0,,,,,,,,
12,2,28,2,0,0,0,0,0,0,,
0,2,28,0,,,,,,,,
37,2,29,1,0,0,0,0,0,0,,
0,2,29,0,,,,,,,,
0,2,29,0,,,,,,,,
0,2,30,0,,,,,,,,
28,2,30,2,1,0,0,1,0,0,,
0,2,30,0,,,,,,,,
20,2,31,1,1,0,1,0,0,0,,
0,2,31,0,,,,,,,,
0,2,31,0,,,,,,,,
0,2,32,0,,,,,,,,
24,2,32,2,1,0,0,0,0,0,,
0,2,32,0,,,,,,,,
23,3,1,1,1,1,0,0,1,0,,
0,3,1,0,,,,,,,,
0,3,1,0,,,,,,,,
0,3,2,0,,,,,,,,
0,3,2,0,,,,,,,,
25,3,2,2,1,0,0,0,1,0,,
5,3,3,1,1,1,0,0,0,0,,
0,3,3,0,,,,,,,,
0,3,3,0,,,,,,,,
0,3,4,0,,,,,,,,
0,3,4,0,,,,,,,,
16,3,4,2,1,0,1,0,1,0,,
31,3,5,1,1,0,0,1,0,0,,
0,3,5,0,,,,,,,,
0,3,5,0,,,,,,,,
0,3,6,0,,,,,,,,
0,3,6,0,,,,,,,,
29,3,6,2,0,1,0,0,0,0,,
10,3,7,1,1,1,0,0,0,0,,
0,3,7,0,,,,,,,,
0,3,7,0,,,,,,,,
0,3,8,0,,,,,,,,
0,3,8,0,,,,,,,,
20,3,8,2,1,0,1,0,0,0,,
40,3,9,1,1,1,0,0,0,0,,
0,3,9,0,,,,,,,,
0,3,9,0,,,,,,,,
0,3,10,0,,,,,,,,
0,3,10,0,,,,,,,,
33,3,10,2,1,0,0,0,0,0,,
39,3,11,1,1,0,0,0,0,0,,
0,3,11,0,,,,,,,,
0,3,11,0,,,,,,,,
0,3,12,0,,,,,,,,
3,3,12,2,1,0,1,1,1,0,,
0,3,12,0,,,,,,,,
15,3,13,1,1,0,0,0,1,0,,
0,3,13,0,,,,,,,,
0,3,13,0,,,,,,,,
0,3,14,0,,,,,,,,
37,3,14,2,1,1,0,0,1,0,,
0,3,14,0,,,,,,,,
1,3,15,1,1,0,1,0,0,0,,
0,3,15,0,,,,,,,,
0,3,15,0,,,,,,,,
0,3,16,0,,,,,,,,
19,3,16,2,1,1,0,1,1,0,,
0,3,16,0,,,,,,,,
28,3,17,1,0,0,0,0,0,0,,
0,3,17,0,,,,,,,,
0,3,17,0,,,,,,,,
0,3,18,0,,,,,,,,
2,3,18,2,1,1,0,1,1,0,,
0,3,18,0,,,,,,,,
42,3,19,1,0,0,1,0,0,0,,
0,3,19,0,,,,,,,,
0,3,19,0,,,,,,,,
0,3,20,0,,,,,,,,
35,3,20,2,1,0,1,0,1,0,,
0,3,20,0,,,,,,,,
12,3,21,1,0,0,0,0,1,0,,
0,3,21,0,,,,,,,,
0,3,21,0,,,,,,,,
0,3,22,0,,,,,,,,
38,3,22,2,0,0,0,0,1,0,,
0,3,22,0,,,,,,,,
8,3,23,1,1,0,1,1,1,0,,
0,3,23,0,,,,,,,,
0,3,23,0,,,,,,,,
0,3,24,0,,,,,,,,
14,3,24,2,0,0,0,0,1,0,,
0,3,24,0,,,,,,,,
36,3,25,1,1,1,1,0,0,0,,
0,3,25,0,,,,,,,,
0,3,25,0,,,,,,,,
0,3,26,0,,,,,,,,
27,3,26,2,0,0,0,0,0,0,,
0,3,26,0,,,,,,,,
22,3,27,1,1,0,1,1,0,0,,
0,3,27,0,,,,,,,,
0,3,27,0,,,,,,,,
0,3,28,0,,,,,,,,
18,3,28,2,1,0,1,1,0,0,,
0,3,28,0,,,,,,,,
4,3,29,1,1,1,0,0,0,0,,
0,3,29,0,,,,,,,,
0,3,29,0,,,,,,,,
0,3,30,0,,,,,,,,
13,3,30,2,1,1,0,0,1,0,,
0,3,30,0,,,,,,,,
7,3,31,1,1,1,0,0,1,0,,
0,3,31,0,,,,,,,,
0,3,31,0,,,,,,,,
0,3,32,0,,,,,,,,
9,3,32,2,1,1,0,1,1,0,,
0,3,32,0,,,,,,,,
27,4,1,1,0,0,1,0,0,0,,
0,4,1,0,,,,,,,,
0,4,1,0,,,,,,,,
0,4,2,0,,,,,,,,
0,4,2,0,,,,,,,,
33,4,2,2,0,1,0,0,0,0,,
35,4,3,1,0,0,0,0,0,0,,
0,4,3,0,,,,,,,,
0,4,3,0,,,,,,,,
0,4,4,0,,,,,,,,
0,4,4,0,,,,,,,,
10,4,4,2,1,0,0,0,0,0,,
4,4,5,1,1,0,0,1,0,0,,
0,4,5,0,,,,,,,,
0,4,5,0,,,,,,,,
0,4,6,0,,,,,,,,
0,4,6,0,,,,,,,,
41,4,6,2,1,0,0,0,0,0,,
14,4,7,1,1,0,1,0,0,0,,
0,4,7,0,,,,,,,,
0,4,7,0,,,,,,,,
0,4,8,0,,,,,,,,
0,4,8,0,,,,,,,,
20,4,8,2,1,1,0,0,0,0,,
24,4,9,1,0,0,0,0,0,0,,
0,4,9,0,,,,,,,,
0,4,9,0,,,,,,,,
0,4,10,0,,,,,,,,
0,4,10,0,,,,,,,,
37,4,10,2,0,0,0,0,0,0,,
6,4,11,1,1,0,0,0,0,0,,
0,4,11,0,,,,,,,,
0,4,11,0,,,,,,,,
0,4,12,0,,,,,,,,
18,4,12,2,1,1,0,0,0,0,,
0,4,12,0,,,,,,,,
3,4,13,1,1,0,0,0,0,0,,
0,4,13,0,,,,,,,,
0,4,13,0,,,,,,,,
0,4,14,0,,,,,,,,
29,4,14,2,1,0,0,0,0,0,,
0,4,14,0,,,,,,,,
19,4,15,1,0,0,0,0,0,0,,
0,4,15,0,,,,,,,,
0,4,15,0,,,,,,,,
0,4,16,0,,,,,,,,
17,4,16,2,1,1,0,0,0,0,,
0,4,16,0,,,,,,,,
13,4,17,1,1,0,0,0,1,0,,
0,4,17,0,,,,,,,,
0,4,17,0,,,,,,,,
0,4,18,0,,,,,,,,
31,4,18,2,0,1,1,0,0,0,,
0,4,18,0,,,,,,,,
26,4,19,1,0,0,0,0,0,0,,
0,4,19,0,,,,,,,,
0,4,19,0,,,,,,,,
0,4,20,0,,,,,,,,
30,4,20,2,0,1,1,1,0,0,,
0,4,20,0,,,,,,,,
32,4,21,1,1,0,1,0,0,0,,
0,4,21,0,,,,,,,,
0,4,21,0,,,,,,,,
0,4,22,0,,,,,,,,
1,4,22,2,0,0,1,0,0,0,,
0,4,22,0,,,,,,,,
16,4,23,1,1,0,1,0,0,0,,
0,4,23,0,,,,,,,,
0,4,23,0,,,,,,,,
0,4,24,0,,,,,,,,
39,4,24,2,1,0,0,0,0,0,,
0,4,24,0,,,,,,,,
2,4,25,1,1,0,1,0,1,0,,
0,4,25,0,,,,,,,,
0,4,25,0,,,,,,,,
0,4,26,0,,,,,,,,
9,4,26,2,1,0,1,1,1,0,,
0,4,26,0,,,,,,,,
8,4,27,1,0,0,1,0,1,0,,
0,4,27,0,,,,,,,,
0,4,27,0,,,,,,,,
0,4,28,0,,,,,,,,
22,4,28,2,1,1,0,0,0,0,,
0,4,28,0,,,,,,,,
23,4,29,1,0,0,0,0,0,0,,
0,4,29,0,,,,,,,,
0,4,29,0,,,,,,,,
0,4,30,0,,,,,,,,
7,4,30,2,0,0,1,0,0,0,,
0,4,30,0,,,,,,,,
12,4,31,1,1,0,0,0,1,0,,
0,4,31,0,,,,,,,,
0,4,31,0,,,,,,,,
0,4,32,0,,,,,,,,
40,4,32,2,1,0,0,0,0,0,,
0,4,32,0,,,,,,,,
41,5,1,1,0,0,0,0,0,0,,
0,5,1,0,,,,,,,,
0,5,1,0,,,,,,,,
0,5,2,0,,,,,,,,
0,5,2,0,,,,,,,,
17,5,2,2,0,1,0,0,0,0,,
35,5,3,1,0,0,0,0,0,0,,
0,5,3,0,,,,,,,,
0,5,3,0,,,,,,,,
0,5,4,0,,,,,,,,
0,5,4,0,,,,,,,,
1,5,4,2,1,1,0,0,1,0,,
30,5,5,1,0,0,0,0,0,0,,
0,5,5,0,,,,,,,,
0,5,5,0,,,,,,,,
0,5,6,0,,,,,,,,
0,5,6,0,,,,,,,,
23,5,6,2,0,0,0,0,0,0,,
7,5,7,1,0,0,1,1,0,0,,
0,5,7,0,,,,,,,,
0,5,7,0,,,,,,,,
0,5,8,0,,,,,,,,
0,5,8,0,,,,,,,,
3,5,8,2,0,0,0,1,0,0,,
38,5,9,1,1,0,0,0,0,0,,
0,5,9,0,,,,,,,,
0,5,9,0,,,,,,,,
0,5,10,0,,,,,,,,
0,5,10,0,,,,,,,,
12,5,10,2,0,0,0,0,0,0,,
6,5,11,1,0,0,0,0,1,0,,
0,5,11,0,,,,,,,,
0,5,11,0,,,,,,,,
0,5,12,0,,,,,,,,
22,5,12,2,1,0,0,0,0,0,,
0,5,12,0,,,,,,,,
33,5,13,1,0,0,0,0,0,0,,
0,5,13,0,,,,,,,,
0,5,13,0,,,,,,,,
0,5,14,0,,,,,,,,
40,5,14,2,0,0,0,1,0,0,,
0,5,14,0,,,,,,,,
9,5,15,1,0,0,1,1,0,0,,
0,5,15,0,,,,,,,,
0,5,15,0,,,,,,,,
0,5,16,0,,,,,,,,
20,5,16,2,0,1,0,1,0,0,,
0,5,16,0,,,,,,,,
25,5,17,1,1,1,0,0,1,0,,
0,5,17,0,,,,,,,,
0,5,17,0,,,,,,,,
0,5,18,0,,,,,,,,
37,5,18,2,0,0,0,0,0,0,,
0,5,18,0,,,,,,,,
19,5,19,1,0,0,0,0,1,0,,
0,5,19,0,,,,,,,,
0,5,19,0,,,,,,,,
0,5,20,0,,,,,,,,
15,5,20,2,0,0,0,0,1,0,,
0,5,20,0,,,,,,,,
34,5,21,1,0,0,0,0,0,0,,
0,5,21,0,,,,,,,,
0,5,21,0,,,,,,,,
0,5,22,0,,,,,,,,
11,5,22,2,1,0,0,0,0,0,,
0,5,22,0,,,,,,,,
28,5,23,1,1,0,0,0,0,0,,
0,5,23,0,,,,,,,,
0,5,23,0,,,,,,,,
0,5,24,0,,,,,,,,
5,5,24,2,0,1,1,0,0,0,,
0,5,24,0,,,,,,,,
29,5,25,1,0,0,0,0,0,0,,
0,5,25,0,,,,,,,,
0,5,25,0,,,,,,,,
0,5,26,0,,,,,,,,
21,5,26,2,0,0,0,0,0,0,,
0,5,26,0,,,,,,,,
26,5,27,1,0,0,0,0,0,0,,
0,5,27,0,,,,,,,,
0,5,27,0,,,,,,,,
0,5,28,0,,,,,,,,
16,5,28,2,0,0,0,0,0,0,,
0,5,28,0,,,,,,,,
32,5,29,1,0,0,0,0,0,0,,
0,5,29,0,,,,,,,,
0,5,29,0,,,,,,,,
0,5,30,0,,,,,,,,
27,5,30,2,0,0,0,0,0,0,,
0,5,30,0,,,,,,,,
10,5,31,1,1,0,0,0,1,0,,
0,5,31,0,,,,,,,,
0,5,31,0,,,,,,,,
0,5,32,0,,,,,,,,
14,5,32,2,0,0,0,0,0,0,,
0,5,32,0,,,,,,,,
32,6,1,1,1,1,0,0,0,0,,
0,6,1,0,,,,,,,,
0,6,1,0,,,,,,,,
0,6,2,0,,,,,,,,
0,6,2,0,,,,,,,,
17,6,2,2,1,0,0,0,0,0,,
22,6,3,1,1,1,0,0,0,0,,
0,6,3,0,,,,,,,,
0,6,3,0,,,,,,,,
0,6,4,0,,,,,,,,
0,6,4,0,,,,,,,,
24,6,4,2,1,0,0,0,0,0,,
15,6,5,1,0,0,0,0,1,0,,
0,6,5,0,,,,,,,,
0,6,5,0,,,,,,,,
0,6,6,0,,,,,,,,
0,6,6,0,,,,,,,,
34,6,6,2,1,0,1,0,0,0,,
11,6,7,1,1,0,0,0,0,0,,
0,6,7,0,,,,,,,,
0,6,7,0,,,,,,,,
0,6,8,0,,,,,,,,
0,6,8,0,,,,,,,,
37,6,8,2,0,0,1,1,1,0,,
3,6,9,1,1,1,0,0,1,0,,
0,6,9,0,,,,,,,,
0,6,9,0,,,,,,,,
0,6,10,0,,,,,,,,
0,6,10,0,,,,,,,,
41,6,10,2,0,1,1,0,1,0,,
8,6,11,1,0,1,1,0,1,0,,
0,6,11,0,,,,,,,,
0,6,11,0,,,,,,,,
0,6,12,0,,,,,,,,
13,6,12,2,1,1,0,0,0,0,,
0,6,12,0,,,,,,,,
29,6,13,1,1,1,0,0,1,0,,
0,6,13,0,,,,,,,,
0,6,13,0,,,,,,,,
0,6,14,0,,,,,,,,
6,6,14,2,1,1,0,0,0,0,,
0,6,14,0,,,,,,,,
39,6,15,1,1,1,0,0,0,0,,
0,6,15,0,,,,,,,,
0,6,15,0,,,,,,,,
0,6,16,0,,,,,,,,
40,6,16,2,1,1,0,0,0,0,,
0,6,16,0,,,,,,,,
5,6,17,1,1,1,0,0,0,0,,
0,6,17,0,,,,,,,,
0,6,17,0,,,,,,,,
0,6,18,0,,,,,,,,
2,6,18,2,1,0,0,1,1,0,,
0,6,18,0,,,,,,,,
21,6,19,1,1,1,0,1,0,0,,
0,6,19,0,,,,,,,,
0,6,19,0,,,,,,,,
0,6,20,0,,,,,,,,
7,6,20,2,1,1,0,0,0,0,,
0,6,20,0,,,,,,,,
30,6,21,1,1,1,1,1,0,0,,
0,6,21,0,,,,,,,,
0,6,21,0,,,,,,,,
0,6,22,0,,,,,,,,
20,6,22,2,0,1,1,1,1,0,,
0,6,22,0,,,,,,,,
27,6,23,1,1,1,0,0,0,0,,
0,6,23,0,,,,,,,,
0,6,23,0,,,,,,,,
0,6,24,0,,,,,,,,
26,6,24,2,1,1,0,0,0,0,,
0,6,24,0,,,,,,,,
36,6,25,1,1,1,0,0,0,0,,
0,6,25,0,,,,,,,,
0,6,25,0,,,,,,,,
0,6,26,0,,,,,,,,
43,6,26,2,1,1,0,0,0,0,,
0,6,26,0,,,,,,,,
10,6,27,1,0,1,1,1,0,0,,
0,6,27,0,,,,,,,,
0,6,27,0,,,,,,,,
0,6,28,0,,,,,,,,
28,6,28,2,1,1,1,1,0,0,,
0,6,28,0,,,,,,,,
31,6,29,1,1,1,1,1,0,0,,
0,6,29,0,,,,,,,,
0,6,29,0,,,,,,,,
0,6,30,0,,,,,,,,
9,6,30,2,1,1,1,1,0,0,,
0,6,30,0,,,,,,,,
19,6,31,1,1,1,0,0,0,0,,
0,6,31,0,,,,,,,,
0,6,31,0,,,,,,,,
0,6,32,0,,,,,,,,
14,6,32,2,1,1,0,1,0,0,,
0,6,32,0,,,,,,,,
37,7,1,1,1,0,0,0,0,0,,
0,7,1,0,,,,,,,,
0,7,1,0,,,,,,,,
0,7,2,0,,,,,,,,
0,7,2,0,,,,,,,,
31,7,2,2,0,0,0,0,0,0,,
39,7,3,1,0,0,0,0,0,0,,
0,7,3,0,,,,,,,,
0,7,3,0,,,,,,,,
0,7,4,0,,,,,,,,
0,7,4,0,,,,,,,,
4,7,4,2,1,0,0,0,0,0,,
35,7,5,1,1,1,0,0,0,0,,
0,7,5,0,,,,,,,,
0,7,5,0,,,,,,,,
0,7,6,0,,,,,,,,
0,7,6,0,,,,,,,,
9,7,6,2,0,1,0,0,1,0,,
12,7,7,1,0,0,0,0,0,0,,
0,7,7,0,,,,,,,,
0,7,7,0,,,,,,,,
0,7,8,0,,,,,,,,
0,7,8,0,,,,,,,,
22,7,8,2,0,0,0,0,1,0,,
6,7,9,1,1,0,0,0,0,0,,
0,7,9,0,,,,,,,,
0,7,9,0,,,,,,,,
0,7,10,0,,,,,,,,
0,7,10,0,,,,,,,,
33,7,10,2,1,0,0,0,0,0,,
24,7,11,1,1,0,1,0,0,0,,
0,7,11,0,,,,,,,,
0,7,11,0,,,,,,,,
0,7,12,0,,,,,,,,
29,7,12,2,1,0,0,0,0,0,,
0,7,12,0,,,,,,,,
42,7,13,1,0,1,1,0,1,0,,
0,7,13,0,,,,,,,,
0,7,13,0,,,,,,,,
0,7,14,0,,,,,,,,
18,7,14,2,1,0,0,1,1,0,,
0,7,14,0,,,,,,,,
41,7,15,1,0,0,0,1,0,0,,
0,7,15,0,,,,,,,,
0,7,15,0,,,,,,,,
0,7,16,0,,,,,,,,
8,7,16,2,1,1,0,1,0,0,,
0,7,16,0,,,,,,,,
17,7,17,1,1,1,0,0,0,0,,
0,7,17,0,,,,,,,,
0,7,17,0,,,,,,,,
0,7,18,0,,,,,,,,
16,7,18,2,1,0,0,0,1,0,,
0,7,18,0,,,,,,,,
21,7,19,1,1,0,0,0,0,0,,
0,7,19,0,,,,,,,,
0,7,19,0,,,,,,,,
0,7,20,0,,,,,,,,
3,7,20,2,1,0,0,0,1,0,,
0,7,20,0,,,,,,,,
28,7,21,1,0,0,0,1,0,0,,
0,7,21,0,,,,,,,,
0,7,21,0,,,,,,,,
0,7,22,0,,,,,,,,
20,7,22,2,1,0,0,0,0,0,,
0,7,22,0,,,,,,,,
26,7,23,1,0,0,1,0,0,0,,
0,7,23,0,,,,,,,,
0,7,23,0,,,,,,,,
0,7,24,0,,,,,,,,
25,7,24,2,1,0,0,0,0,0,,
0,7,24,0,,,,,,,,
30,7,25,1,0,0,0,0,0,0,,
0,7,25,0,,,,,,,,
0,7,25,0,,,,,,,,
0,7,26,0,,,,,,,,
14,7,26,2,1,1,1,0,0,0,,
0,7,26,0,,,,,,,,
27,7,27,1,0,0,1,1,0,0,,
0,7,27,0,,,,,,,,
0,7,27,0,,,,,,,,
0,7,28,0,,,,,,,,
1,7,28,2,0,1,0,1,1,0,,
0,7,28,0,,,,,,,,
15,7,29,1,1,0,0,1,0,0,,
0,7,29,0,,,,,,,,
0,7,29,0,,,,,,,,
0,7,30,0,,,,,,,,
11,7,30,2,0,0,1,0,0,0,,
0,7,30,0,,,,,,,,
2,7,31,1,0,0,0,0,0,0,,
0,7,31,0,,,,,,,,
0,7,31,0,,,,,,,,
0,7,32,0,,,,,,,,
19,7,32,2,1,1,0,1,0,0,,
0,7,32,0,,,,,,,,
43,8,1,1,1,1,0,0,0,0,,
0,8,1,0,,,,,,,,
0,8,1,0,,,,,,,,
0,8,2,0,,,,,,,,
0,8,2,0,,,,,,,,
22,8,2,2,1,0,0,0,1,0,,
40,8,3,1,1,0,0,0,0,0,,
0,8,3,0,,,,,,,,
0,8,3,0,,,,,,,,
0,8,4,0,,,,,,,,
0,8,4,0,,,,,,,,
24,8,4,2,0,1,0,0,0,0,,
29,8,5,1,1,1,1,0,0,0,,
0,8,5,0,,,,,,,,
0,8,5,0,,,,,,,,
0,8,6,0,,,,,,,,
0,8,6,0,,,,,,,,
31,8,6,2,0,0,0,0,0,0,,
3,8,7,1,1,0,0,0,0,0,,
0,8,7,0,,,,,,,,
0,8,7,0,,,,,,,,
0,8,8,0,,,,,,,,
0,8,8,0,,,,,,,,
16,8,8,2,1,0,0,1,0,0,,
37,8,9,1,1,0,0,0,0,0,,
0,8,9,0,,,,,,,,
0,8,9,0,,,,,,,,
0,8,10,0,,,,,,,,
0,8,10,0,,,,,,,,
13,8,10,2,1,0,0,0,1,0,,
10,8,11,1,0,0,0,1,1,0,,
0,8,11,0,,,,,,,,
0,8,11,0,,,,,,,,
0,8,12,0,,,,,,,,
7,8,12,2,1,0,0,0,0,0,,
0,8,12,0,,,,,,,,
35,8,13,1,0,0,0,0,0,0,,
0,8,13,0,,,,,,,,
0,8,13,0,,,,,,,,
0,8,14,0,,,,,,,,
42,8,14,2,0,1,1,0,0,0,,
0,8,14,0,,,,,,,,
39,8,15,1,0,0,0,0,0,0,,
0,8,15,0,,,,,,,,
0,8,15,0,,,,,,,,
0,8,16,0,,,,,,,,
12,8,16,2,0,0,0,0,0,0,,
0,8,16,0,,,,,,,,
46,8,17,1,1,0,0,0,1,0,,
0,8,17,0,,,,,,,,
0,8,17,0,,,,,,,,
0,8,18,0,,,,,,,,
9,8,18,2,1,0,1,0,1,0,,
0,8,18,0,,,,,,,,
15,8,19,1,0,0,1,0,0,0,,
0,8,19,0,,,,,,,,
0,8,19,0,,,,,,,,
0,8,20,0,,,,,,,,
1,8,20,2,0,0,0,0,0,0,,
0,8,20,0,,,,,,,,
45,8,21,1,0,1,0,0,0,0,,
0,8,21,0,,,,,,,,
0,8,21,0,,,,,,,,
0,8,22,0,,,,,,,,
21,8,22,2,1,0,0,0,0,0,,
0,8,22,0,,,,,,,,
26,8,23,1,0,0,0,0,0,0,,
0,8,23,0,,,,,,,,
0,8,23,0,,,,,,,,
0,8,24,0,,,,,,,,
18,8,24,2,1,1,0,0,0,0,,
0,8,24,0,,,,,,,,
2,8,25,1,0,1,0,1,1,0,,
0,8,25,0,,,,,,,,
0,8,25,0,,,,,,,,
0,8,26,0,,,,,,,,
33,8,26,2,0,0,1,0,0,0,,
0,8,26,0,,,,,,,,
8,8,27,1,1,0,0,0,1,0,,
0,8,27,0,,,,,,,,
0,8,27,0,,,,,,,,
0,8,28,0,,,,,,,,
19,8,28,2,1,1,1,0,1,0,,
0,8,28,0,,,,,,,,
20,8,29,1,0,1,0,0,0,0,,
0,8,29,0,,,,,,,,
0,8,29,0,,,,,,,,
0,8,30,0,,,,,,,,
36,8,30,2,0,0,0,0,0,0,,
0,8,30,0,,,,,,,,
34,8,31,1,1,0,0,0,0,0,,
0,8,31,0,,,,,,,,
0,8,31,0,,,,,,,,
0,8,32,0,,,,,,,,
5,8,32,2,0,0,0,0,0,0,,
0,8,32,0,,,,,,,,
7,9,1,1,1,1,0,0,0,0,,
0,9,1,0,,,,,,,,
0,9,1,0,,,,,,,,
0,9,2,0,,,,,,,,
0,9,2,0,,,,,,,,
39,9,2,2,1,0,0,0,0,0,,
27,9,3,1,0,0,0,0,0,0,,
0,9,3,0,,,,,,,,
0,9,3,0,,,,,,,,
0,9,4,0,,,,,,,,
0,9,4,0,,,,,,,,
13,9,4,2,0,0,0,0,0,0,,
23,9,5,1,0,0,0,0,1,0,,
0,9,5,0,,,,,,,,
0,9,5,0,,,,,,,,
0,9,6,0,,,,,,,,
0,9,6,0,,,,,,,,
15,9,6,2,1,0,0,1,0,0,,
2,9,7,1,0,0,0,0,0,0,,
0,9,7,0,,,,,,,,
0,9,7,0,,,,,,,,
0,9,8,0,,,,,,,,
0,9,8,0,,,,,,,,
29,9,8,2,0,0,0,0,0,0,,
36,9,9,1,1,1,0,0,0,0,,
0,9,9,0,,,,,,,,
0,9,9,0,,,,,,,,
0,9,10,0,,,,,,,,
0,9,10,0,,,,,,,,
21,9,10,2,0,0,0,0,0,0,,
18,9,11,1,0,0,0,0,0,0,,
0,9,11,0,,,,,,,,
0,9,11,0,,,,,,,,
0,9,12,0,,,,,,,,
11,9,12,2,1,0,0,1,0,0,,
0,9,12,0,,,,,,,,
41,9,13,1,1,0,0,0,1,0,,
0,9,13,0,,,,,,,,
0,9,13,0,,,,,,,,
0,9,14,0,,,,,,,,
42,9,14,2,0,1,0,1,1,0,,
0,9,14,0,,,,,,,,
38,9,15,1,0,0,0,0,0,0,,
0,9,15,0,,,,,,,,
0,9,15,0,,,,,,,,
0,9,16,0,,,,,,,,
33,9,16,2,0,0,0,0,0,0,,
0,9,16,0,,,,,,,,
32,9,17,1,0,0,0,0,0,0,,
0,9,17,0,,,,,,,,
0,9,17,0,,,,,,,,
0,9,18,0,,,,,,,,
4,9,18,2,1,0,0,1,0,0,,
0,9,18,0,,,,,,,,
10,9,19,1,0,0,0,0,1,0,,
0,9,19,0,,,,,,,,
0,9,19,0,,,,,,,,
0,9,20,0,,,,,,,,
25,9,20,2,0,0,0,0,0,0,,
0,9,20,0,,,,,,,,
6,9,21,1,0,0,0,1,0,0,,
0,9,21,0,,,,,,,,
0,9,21,0,,,,,,,,
0,9,22,0,,,,,,,,
9,9,22,2,0,0,0,0,0,0,,
0,9,22,0,,,,,,,,
35,9,23,1,1,0,0,0,0,0,,
0,9,23,0,,,,,,,,
0,9,23,0,,,,,,,,
0,9,24,0,,,,,,,,
26,9,24,2,0,0,0,0,0,0,,
0,9,24,0,,,,,,,,
19,9,25,1,1,0,0,1,0,0,,
0,9,25,0,,,,,,,,
0,9,25,0,,,,,,,,
0,9,26,0,,,,,,,,
43,9,26,2,1,1,0,0,0,0,,
0,9,26,0,,,,,,,,
34,9,27,1,0,0,0,0,0,0,,
0,9,27,0,,,,,,,,
0,9,27,0,,,,,,,,
0,9,28,0,,,,,,,,
12,9,28,2,1,0,0,1,0,0,,
0,9,28,0,,,,,,,,
31,9,29,1,0,0,0,0,0,0,,
0,9,29,0,,,,,,,,
0,9,29,0,,,,,,,,
0,9,30,0,,,,,,,,
1,9,30,2,0,0,0,0,1,0,,
0,9,30,0,,,,,,,,
5,9,31,1,1,0,0,1,1,0,,
0,9,31,0,,,,,,,,
0,9,31,0,,,,,,,,
0,9,32,0,,,,,,,,
17,9,32,2,0,0,0,0,0,0,,
0,9,32,0,,,,,,,,
19,10,1,1,0,0,0,0,0,0,,
0,10,1,0,,,,,,,,
0,10,1,0,,,,,,,,
0,10,2,0,,,,,,,,
0,10,2,0,,,,,,,,
24,10,2,2,0,0,0,0,0,0,,
14,10,3,1,0,0,1,0,0,0,,
0,10,3,0,,,,,,,,
0,10,3,0,,,,,,,,
0,10,4,0,,,,,,,,
0,10,4,0,,,,,,,,
17,10,4,2,1,1,0,0,0,0,,
8,10,5,1,0,0,0,0,0,0,,
0,10,5,0,,,,,,,,
0,10,5,0,,,,,,,,
0,10,6,0,,,,,,,,
0,10,6,0,,,,,,,,
29,10,6,2,0,0,1,0,0,0,,
36,10,7,1,0,0,0,0,0,0,,
0,10,7,0,,,,,,,,
0,10,7,0,,,,,,,,
0,10,8,0,,,,,,,,
0,10,8,0,,,,,,,,
26,10,8,2,0,0,0,0,0,0,,
41,10,9,1,0,0,0,0,0,0,,
0,10,9,0,,,,,,,,
0,10,9,0,,,,,,,,
0,10,10,0,,,,,,,,
0,10,10,0,,,,,,,,
3,10,10,2,1,0,0,0,0,0,,
13,10,11,1,1,1,0,1,0,0,,
0,10,11,0,,,,,,,,
0,10,11,0,,,,,,,,
0,10,12,0,,,,,,,,
21,10,12,2,0,0,0,0,0,0,,
0,10,12,0,,,,,,,,
34,10,13,1,0,0,0,0,0,0,,
0,10,13,0,,,,,,,,
0,10,13,0,,,,,,,,
0,10,14,0,,,,,,,,
7,10,14,2,1,1,0,0,0,0,,
0,10,14,0,,,,,,,,
39,10,15,1,0,0,0,0,0,0,,
0,10,15,0,,,,,,,,
0,10,15,0,,,,,,,,
0,10,16,0,,,,,,,,
35,10,16,2,0,0,0,0,0,0,,
0,10,16,0,,,,,,,,
40,10,17,1,0,0,0,0,1,0,,
0,10,17,0,,,,,,,,
0,10,17,0,,,,,,,,
0,10,18,0,,,,,,,,
16,10,18,2,0,0,0,0,0,0,,
0,10,18,0,,,,,,,,
6,10,19,1,1,0,0,0,0,0,,
0,10,19,0,,,,,,,,
0,10,19,0,,,,,,,,
0,10,20,0,,,,,,,,
5,10,20,2,1,0,0,0,0,0,,
0,10,20,0,,,,,,,,
28,10,21,1,0,1,0,0,0,0,,
0,10,21,0,,,,,,,,
0,10,21,0,,,,,,,,
0,10,22,0,,,,,,,,
11,10,22,2,0,0,0,0,0,0,,
0,10,22,0,,,,,,,,
22,10,23,1,1,0,0,0,0,0,,
0,10,23,0,,,,,,,,
0,10,23,0,,,,,,,,
0,10,24,0,,,,,,,,
12,10,24,2,0,0,0,0,1,0,,
0,10,24,0,,,,,,,,
23,10,25,1,0,0,0,0,0,0,,
0,10,25,0,,,,,,,,
0,10,25,0,,,,,,,,
0,10,26,0,,,,,,,,
33,10,26,2,1,0,0,0,0,0,,
0,10,26,0,,,,,,,,
32,10,27,1,0,0,0,0,0,0,,
0,10,27,0,,,,,,,,
0,10,27,0,,,,,,,,
0,10,28,0,,,,,,,,
38,10,28,2,0,0,0,0,0,0,,
0,10,28,0,,,,,,,,
1,10,29,1,0,0,0,0,0,0,,
0,10,29,0,,,,,,,,
0,10,29,0,,,,,,,,
0,10,30,0,,,,,,,,
31,10,30,2,0,0,0,0,0,0,,
0,10,30,0,,,,,,,,
2,10,31,1,1,0,0,0,0,0,,
0,10,31,0,,,,,,,,
0,10,31,0,,,,,,,,
0,10,32,0,,,,,,,,
10,10,32,2,0,0,0,0,0,0,,
0,10,32,0,,,,,,,,
3,11,1,1,1,1,0,0,1,0,,
0,11,1,0,,,,,,,,
0,11,1,0,,,,,,,,
0,11,2,0,,,,,,,,
0,11,2,0,,,,,,,,
11,11,2,2,1,1,0,0,0,0,,
36,11,3,1,0,0,0,1,0,0,,
0,11,3,0,,,,,,,,
0,11,3,0,,,,,,,,
0,11,4,0,,,,,,,,
0,11,4,0,,,,,,,,
38,11,4,2,1,0,0,0,0,0,,
27,11,5,1,1,0,1,0,0,0,,
0,11,5,0,,,,,,,,
0,11,5,0,,,,,,,,
0,11,6,0,,,,,,,,
0,11,6,0,,,,,,,,
40,11,6,2,0,0,0,0,0,0,,
7,11,7,1,1,1,0,0,0,0,,
0,11,7,0,,,,,,,,
0,11,7,0,,,,,,,,
0,11,8,0,,,,,,,,
0,11,8,0,,,,,,,,
1,11,8,2,1,1,0,0,1,0,,
16,11,9,1,1,1,0,0,0,0,,
0,11,9,0,,,,,,,,
0,11,9,0,,,,,,,,
0,11,10,0,,,,,,,,
0,11,10,0,,,,,,,,
25,11,10,2,0,1,1,1,0,0,,
13,11,11,1,1,0,0,1,0,0,,
0,11,11,0,,,,,,,,
0,11,11,0,,,,,,,,
0,11,12,0,,,,,,,,
15,11,12,2,1,1,0,0,1,0,,
0,11,12,0,,,,,,,,
31,11,13,1,1,0,1,0,1,0,,
0,11,13,0,,,,,,,,
0,11,13,0,,,,,,,,
0,11,14,0,,,,,,,,
32,11,14,2,1,0,1,0,0,0,,
0,11,14,0,,,,,,,,
21,11,15,1,0,1,0,0,0,0,,
0,11,15,0,,,,,,,,
0,11,15,0,,,,,,,,
0,11,16,0,,,,,,,,
20,11,16,2,0,1,1,0,0,0,,
0,11,16,0,,,,,,,,
9,11,17,1,1,1,0,0,1,0,,
0,11,17,0,,,,,,,,
0,11,17,0,,,,,,,,
0,11,18,0,,,,,,,,
5,11,18,2,1,0,1,0,0,0,,
0,11,18,0,,,,,,,,
10,11,19,1,0,0,0,0,0,0,,
0,11,19,0,,,,,,,,
0,11,19,0,,,,,,,,
0,11,20,0,,,,,,,,
42,11,20,2,1,0,0,0,0,0,,
0,11,20,0,,,,,,,,
19,11,21,1,0,0,1,1,0,0,,
0,11,21,0,,,,,,,,
0,11,21,0,,,,,,,,
0,11,22,0,,,,,,,,
6,11,22,2,0,0,0,0,1,0,,
0,11,22,0,,,,,,,,
34,11,23,1,0,0,0,0,0,0,,
0,11,23,0,,,,,,,,
0,11,23,0,,,,,,,,
0,11,24,0,,,,,,,,
14,11,24,2,1,0,0,0,0,0,,
0,11,24,0,,,,,,,,
23,11,25,1,1,1,0,0,0,0,,
0,11,25,0,,,,,,,,
0,11,25,0,,,,,,,,
0,11,26,0,,,,,,,,
35,11,26,2,0,0,1,0,1,0,,
0,11,26,0,,,,,,,,
30,11,27,1,0,0,0,0,1,0,,
0,11,27,0,,,,,,,,
0,11,27,0,,,,,,,,
0,11,28,0,,,,,,,,
29,11,28,2,1,1,0,0,0,0,,
0,11,28,0,,,,,,,,
24,11,29,1,1,0,0,0,0,0,,
0,11,29,0,,,,,,,,
0,11,29,0,,,,,,,,
0,11,30,0,,,,,,,,
18,11,30,2,1,1,0,0,0,0,,
0,11,30,0,,,,,,,,
33,11,31,1,1,0,0,0,0,0,,
0,11,31,0,,,,,,,,
0,11,31,0,,,,,,,,
0,11,32,0,,,,,,,,
22,11,32,2,0,1,1,0,0,0,,
0,11,32,0,,,,,,,,
1,12,1,1,1,1,0,0,0,0,,
0,12,1,0,,,,,,,,
0,12,1,0,,,,,,,,
0,12,2,0,,,,,,,,
0,12,2,0,,,,,,,,
30,12,2,2,1,0,0,0,0,0,,
34,12,3,1,0,0,0,0,0,0,,
0,12,3,0,,,,,,,,
0,12,3,0,,,,,,,,
0,12,4,0,,,,,,,,
0,12,4,0,,,,,,,,
23,12,4,2,0,1,0,0,0,0,,
20,12,5,1,1,1,0,0,0,0,,
0,12,5,0,,,,,,,,
0,12,5,0,,,,,,,,
0,12,6,0,,,,,,,,
0,12,6,0,,,,,,,,
38,12,6,2,1,0,0,1,1,0,,
11,12,7,1,1,0,1,0,0,0,,
0,12,7,0,,,,,,,,
0,12,7,0,,,,,,,,
0,12,8,0,,,,,,,,
0,12,8,0,,,,,,,,
25,12,8,2,1,0,0,0,0,0,,
16,12,9,1,1,0,0,0,0,0,,
0,12,9,0,,,,,,,,
0,12,9,0,,,,,,,,
0,12,10,0,,,,,,,,
0,12,10,0,,,,,,,,
7,12,10,2,1,0,1,0,0,0,,
42,12,11,1,0,0,0,0,0,0,,
0,12,11,0,,,,,,,,
0,12,11,0,,,,,,,,
0,12,12,0,,,,,,,,
6,12,12,2,0,0,0,0,1,0,,
0,12,12,0,,,,,,,,
10,12,13,1,1,1,0,1,1,0,,
0,12,13,0,,,,,,,,
0,12,13,0,,,,,,,,
0,12,14,0,,,,,,,,
27,12,14,2,1,1,0,0,1,0,,
0,12,14,0,,,,,,,,
18,12,15,1,1,0,0,0,1,0,,
0,12,15,0,,,,,,,,
0,12,15,0,,,,,,,,
0,12,16,0,,,,,,,,
22,12,16,2,0,1,0,0,0,0,,
0,12,16,0,,,,,,,,
32,12,17,1,1,1,0,1,0,0,,
0,12,17,0,,,,,,,,
0,12,17,0,,,,,,,,
0,12,18,0,,,,,,,,
28,12,18,2,0,1,0,0,0,0,,
0,12,18,0,,,,,,,,
41,12,19,1,0,0,0,0,0,0,,
0,12,19,0,,,,,,,,
0,12,19,0,,,,,,,,
0,12,20,0,,,,,,,,
15,12,20,2,1,0,0,0,0,0,,
0,12,20,0,,,,,,,,
37,12,21,1,0,0,0,0,0,0,,
0,12,21,0,,,,,,,,
0,12,21,0,,,,,,,,
0,12,22,0,,,,,,,,
3,12,22,2,1,0,0,0,0,0,,
0,12,22,0,,,,,,,,
36,12,23,1,0,0,1,0,0,0,,
0,12,23,0,,,,,,,,
0,12,23,0,,,,,,,,
0,12,24,0,,,,,,,,
14,12,24,2,0,0,0,0,1,0,,
0,12,24,0,,,,,,,,
9,12,25,1,1,0,0,0,1,0,,
0,12,25,0,,,,,,,,
0,12,25,0,,,,,,,,
0,12,26,0,,,,,,,,
13,12,26,2,1,1,0,0,0,0,,
0,12,26,0,,,,,,,,
19,12,27,1,1,0,1,0,0,0,,
0,12,27,0,,,,,,,,
0,12,27,0,,,,,,,,
0,12,28,0,,,,,,,,
5,12,28,2,1,1,0,0,0,0,,
0,12,28,0,,,,,,,,
4,12,29,1,1,0,0,1,0,0,,
0,12,29,0,,,,,,,,
0,12,29,0,,,,,,,,
0,12,30,0,,,,,,,,
40,12,30,2,1,1,0,0,0,0,,
0,12,30,0,,,,,,,,
33,12,31,1,0,1,1,0,0,0,,
0,12,31,0,,,,,,,,
0,12,31,0,,,,,,,,
0,12,32,0,,,,,,,,
29,12,32,2,1,1,0,0,0,0,,
0,12,32,0,,,,,,,,
16,13,1,1,0,0,0,0,0,0,,
0,13,1,0,,,,,,,,
0,13,1,0,,,,,,,,
0,13,2,0,,,,,,,,
0,13,2,0,,,,,,,,
27,13,2,2,0,1,1,0,0,0,,
39,13,3,1,1,1,1,0,1,0,,
0,13,3,0,,,,,,,,
0,13,3,0,,,,,,,,
0,13,4,0,,,,,,,,
0,13,4,0,,,,,,,,
34,13,4,2,0,0,0,1,0,0,,
3,13,5,1,1,0,0,0,0,0,,
0,13,5,0,,,,,,,,
0,13,5,0,,,,,,,,
0,13,6,0,,,,,,,,
0,13,6,0,,,,,,,,
8,13,6,2,1,0,0,0,0,0,,
24,13,7,1,0,0,0,0,0,0,,
0,13,7,0,,,,,,,,
0,13,7,0,,,,,,,,
0,13,8,0,,,,,,,,
0,13,8,0,,,,,,,,
5,13,8,2,0,1,0,0,0,0,,
13,13,9,1,0,1,0,0,0,0,,
0,13,9,0,,,,,,,,
0,13,9,0,,,,,,,,
0,13,10,0,,,,,,,,
0,13,10,0,,,,,,,,
37,13,10,2,0,0,0,0,0,0,,
1,13,11,1,1,0,0,0,0,0,,
0,13,11,0,,,,,,,,
0,13,11,0,,,,,,,,
0,13,12,0,,,,,,,,
2,13,12,2,1,0,0,0,0,0,,
0,13,12,0,,,,,,,,
36,13,13,1,1,0,0,1,1,0,,
0,13,13,0,,,,,,,,
0,13,13,0,,,,,,,,
0,13,14,0,,,,,,,,
10,13,14,2,1,1,0,0,0,0,,
0,13,14,0,,,,,,,,
19,13,15,1,0,0,1,0,0,0,,
0,13,15,0,,,,,,,,
0,13,15,0,,,,,,,,
0,13,16,0,,,,,,,,
18,13,16,2,1,0,1,0,0,0,,
0,13,16,0,,,,,,,,
12,13,17,1,1,0,1,0,0,0,,
0,13,17,0,,,,,,,,
0,13,17,0,,,,,,,,
0,13,18,0,,,,,,,,
30,13,18,2,0,0,0,0,1,0,,
0,13,18,0,,,,,,,,
23,13,19,1,1,1,1,0,1,0,,
0,13,19,0,,,,,,,,
0,13,19,0,,,,,,,,
0,13,20,0,,,,,,,,
43,13,20,2,0,0,0,0,0,0,,
0,13,20,0,,,,,,,,
33,13,21,1,0,0,1,0,1,0,,
0,13,21,0,,,,,,,,
0,13,21,0,,,,,,,,
0,13,22,0,,,,,,,,
20,13,22,2,0,0,0,0,1,0,,
0,13,22,0,,,,,,,,
29,13,23,1,1,0,0,0,0,0,,
0,13,23,0,,,,,,,,
0,13,23,0,,,,,,,,
0,13,24,0,,,,,,,,
32,13,24,2,1,0,0,1,0,0,,
0,13,24,0,,,,,,,,
42,13,25,1,0,0,0,0,0,0,,
0,13,25,0,,,,,,,,
0,13,25,0,,,,,,,,
0,13,26,0,,,,,,,,
15,13,26,2,0,0,0,0,0,0,,
0,13,26,0,,,,,,,,
41,13,27,1,0,0,0,0,0,0,,
0,13,27,0,,,,,,,,
0,13,27,0,,,,,,,,
0,13,28,0,,,,,,,,
21,13,28,2,0,0,0,0,0,0,,
0,13,28,0,,,,,,,,
31,13,29,1,0,0,0,0,0,0,,
0,13,29,0,,,,,,,,
0,13,29,0,,,,,,,,
0,13,30,0,,,,,,,,
22,13,30,2,0,1,0,0,0,0,,
0,13,30,0,,,,,,,,
26,13,31,1,0,0,1,0,0,0,,
0,13,31,0,,,,,,,,
0,13,31,0,,,,,,,,
0,13,32,0,,,,,,,,
11,13,32,2,0,1,0,0,0,0,,
0,13,32,0,,,,,,,,
26,14,1,1,1,1,0,0,1,0,,
0,14,1,0,,,,,,,,
0,14,1,0,,,,,,,,
0,14,2,0,,,,,,,,
0,14,2,0,,,,,,,,
39,14,2,2,1,1,0,0,0,0,,
33,14,3,1,1,0,1,0,0,0,,
0,14,3,0,,,,,,,,
0,14,3,0,,,,,,,,
0,14,4,0,,,,,,,,
0,14,4,0,,,,,,,,
7,14,4,2,1,0,0,0,0,0,,
5,14,5,1,1,0,0,0,0,0,,
0,14,5,0,,,,,,,,
0,14,5,0,,,,,,,,
0,14,6,0,,,,,,,,
0,14,6,0,,,,,,,,
28,14,6,2,0,1,0,0,0,0,,
31,14,7,1,0,0,0,0,0,0,,
0,14,7,0,,,,,,,,
0,14,7,0,,,,,,,,
0,14,8,0,,,,,,,,
0,14,8,0,,,,,,,,
11,14,8,2,1,1,0,1,1,0,,
24,14,9,1,1,0,0,0,1,0,,
0,14,9,0,,,,,,,,
0,14,9,0,,,,,,,,
0,14,10,0,,,,,,,,
0,14,10,0,,,,,,,,
19,14,10,2,1,1,1,1,1,0,,
38,14,11,1,0,1,0,0,1,0,,
0,14,11,0,,,,,,,,
0,14,11,0,,,,,,,,
0,14,12,0,,,,,,,,
41,14,12,2,1,1,0,0,0,0,,
0,14,12,0,,,,,,,,
9,14,13,1,1,0,0,0,1,0,,
0,14,13,0,,,,,,,,
0,14,13,0,,,,,,,,
0,14,14,0,,,,,,,,
21,14,14,2,0,1,1,1,0,0,,
0,14,14,0,,,,,,,,
22,14,15,1,1,0,0,0,0,0,,
0,14,15,0,,,,,,,,
0,14,15,0,,,,,,,,
0,14,16,0,,,,,,,,
2,14,16,2,1,0,0,0,0,0,,
0,14,16,0,,,,,,,,
4,14,17,1,1,1,0,0,0,0,,
0,14,17,0,,,,,,,,
0,14,17,0,,,,,,,,
0,14,18,0,,,,,,,,
23,14,18,2,1,1,0,0,0,0,,
0,14,18,0,,,,,,,,
18,14,19,1,1,1,1,0,0,0,,
0,14,19,0,,,,,,,,
0,14,19,0,,,,,,,,
0,14,20,0,,,,,,,,
42,14,20,2,1,0,0,0,1,0,,
0,14,20,0,,,,,,,,
3,14,21,1,1,0,0,0,0,0,,
0,14,21,0,,,,,,,,
0,14,21,0,,,,,,,,
0,14,22,0,,,,,,,,
17,14,22,2,1,0,1,1,0,0,,
0,14,22,0,,,,,,,,
35,14,23,1,1,1,0,0,0,0,,
0,14,23,0,,,,,,,,
0,14,23,0,,,,,,,,
0,14,24,0,,,,,,,,
16,14,24,2,1,1,0,0,0,0,,
0,14,24,0,,,,,,,,
10,14,25,1,1,1,0,0,0,0,,
0,14,25,0,,,,,,,,
0,14,25,0,,,,,,,,
0,14,26,0,,,,,,,,
30,14,26,2,1,1,0,0,0,0,,
0,14,26,0,,,,,,,,
37,14,27,1,1,1,0,0,0,0,,
0,14,27,0,,,,,,,,
0,14,27,0,,,,,,,,
0,14,28,0,,,,,,,,
1,14,28,2,0,1,0,1,1,0,,
0,14,28,0,,,,,,,,
13,14,29,1,1,1,0,0,0,0,,
0,14,29,0,,,,,,,,
0,14,29,0,,,,,,,,
0,14,30,0,,,,,,,,
36,14,30,2,0,0,0,0,1,0,,
0,14,30,0,,,,,,,,
14,14,31,1,1,1,0,0,1,0,,
0,14,31,0,,,,,,,,
0,14,31,0,,,,,,,,
0,14,32,0,,,,,,,,
15,14,32,2,1,1,1,0,0,0,,
0,14,32,0,,,,,,,,
16,15,1,1,0,1,1,0,1,0,,
0,15,1,0,,,,,,,,
0,15,1,0,,,,,,,,
0,15,2,0,,,,,,,,
0,15,2,0,,,,,,,,
3,15,2,2,1,1,1,0,0,0,,
36,15,3,1,0,1,1,0,0,0,,
0,15,3,0,,,,,,,,
0,15,3,0,,,,,,,,
0,15,4,0,,,,,,,,
0,15,4,0,,,,,,,,
7,15,4,2,1,0,0,0,0,0,,
28,15,5,1,1,1,0,0,0,0,,
0,15,5,0,,,,,,,,
0,15,5,0,,,,,,,,
0,15,6,0,,,,,,,,
0,15,6,0,,,,,,,,
12,15,6,2,0,1,0,0,0,0,,
18,15,7,1,1,0,1,0,1,0,,
0,15,7,0,,,,,,,,
0,15,7,0,,,,,,,,
0,15,8,0,,,,,,,,
0,15,8,0,,,,,,,,
24,15,8,2,1,1,0,0,0,0,,
1,15,9,1,1,1,0,0,0,0,,
0,15,9,0,,,,,,,,
0,15,9,0,,,,,,,,
0,15,10,0,,,,,,,,
0,15,10,0,,,,,,,,
9,15,10,2,1,1,0,0,0,0,,
22,15,11,1,0,0,0,0,0,0,,
0,15,11,0,,,,,,,,
0,15,11,0,,,,,,,,
0,15,12,0,,,,,,,,
30,15,12,2,1,0,0,1,1,0,,
0,15,12,0,,,,,,,,
31,15,13,1,1,0,1,0,1,0,,
0,15,13,0,,,,,,,,
0,15,13,0,,,,,,,,
0,15,14,0,,,,,,,,
40,15,14,2,0,0,1,0,1,0,,
0,15,14,0,,,,,,,,
11,15,15,1,0,1,0,0,0,0,,
0,15,15,0,,,,,,,,
0,15,15,0,,,,,,,,
0,15,16,0,,,,,,,,
27,15,16,2,0,0,1,0,0,0,,
0,15,16,0,,,,,,,,
20,15,17,1,0,0,0,1,1,0,,
0,15,17,0,,,,,,,,
0,15,17,0,,,,,,,,
0,15,18,0,,,,,,,,
26,15,18,2,0,0,0,0,0,0,,
0,15,18,0,,,,,,,,
6,15,19,1,1,0,0,0,0,0,,
0,15,19,0,,,,,,,,
0,15,19,0,,,,,,,,
0,15,20,0,,,,,,,,
33,15,20,2,0,1,0,0,0,0,,
0,15,20,0,,,,,,,,
39,15,21,1,0,0,1,0,0,0,,
0,15,21,0,,,,,,,,
0,15,21,0,,,,,,,,
0,15,22,0,,,,,,,,
41,15,22,2,0,1,0,0,1,0,,
0,15,22,0,,,,,,,,
42,15,23,1,1,1,0,0,1,0,,
0,15,23,0,,,,,,,,
0,15,23,0,,,,,,,,
0,15,24,0,,,,,,,,
35,15,24,2,0,0,0,0,0,0,,
0,15,24,0,,,,,,,,
32,15,25,1,0,0,0,0,0,0,,
0,15,25,0,,,,,,,,
0,15,25,0,,,,,,,,
0,15,26,0,,,,,,,,
21,15,26,2,0,1,1,0,0,0,,
0,15,26,0,,,,,,,,
38,15,27,1,0,1,0,1,1,0,,
0,15,27,0,,,,,,,,
0,15,27,0,,,,,,,,
0,15,28,0,,,,,,,,
5,15,28,2,1,1,1,0,0,0,,
0,15,28,0,,,,,,,,
34,15,29,1,0,1,0,0,0,0,,
0,15,29,0,,,,,,,,
0,15,29,0,,,,,,,,
0,15,30,0,,,,,,,,
14,15,30,2,0,1,0,0,0,0,,
0,15,30,0,,,,,,,,
23,15,31,1,0,1,0,0,0,0,,
0,15,31,0,,,,,,,,
0,15,31,0,,,,,,,,
0,15,32,0,,,,,,,,
15,15,32,2,1,0,0,0,0,0,,
0,15,32,0,,,,,,,,
40,16,1,1,0,0,0,0,0,0,,
0,16,1,0,,,,,,,,
0,16,1,0,,,,,,,,
0,16,2,0,,,,,,,,
0,16,2,0,,,,,,,,
14,16,2,2,0,0,0,0,0,0,,
25,16,3,1,0,0,0,0,0,0,,
0,16,3,0,,,,,,,,
0,16,3,0,,,,,,,,
0,16,4,0,,,,,,,,
0,16,4,0,,,,,,,,
28,16,4,2,0,1,0,0,0,0,,
23,16,5,1,0,0,0,0,0,0,,
0,16,5,0,,,,,,,,
0,16,5,0,,,,,,,,
0,16,6,0,,,,,,,,
0,16,6,0,,,,,,,,
6,16,6,2,0,0,0,0,0,0,,
1,16,7,1,0,0,0,0,0,0,,
0,16,7,0,,,,,,,,
0,16,7,0,,,,,,,,
0,16,8,0,,,,,,,,
0,16,8,0,,,,,,,,
33,16,8,2,0,0,0,0,0,0,,
37,16,9,1,0,0,0,0,0,0,,
0,16,9,0,,,,,,,,
0,16,9,0,,,,,,,,
0,16,10,0,,,,,,,,
0,16,10,0,,,,,,,,
35,16,10,2,0,1,0,0,0,0,,
42,16,11,1,0,0,0,0,0,0,,
0,16,11,0,,,,,,,,
0,16,11,0,,,,,,,,
0,16,12,0,,,,,,,,
17,16,12,2,0,0,0,1,0,0,,
0,16,12,0,,,,,,,,
19,16,13,1,0,0,0,0,0,0,,
0,16,13,0,,,,,,,,
0,16,13,0,,,,,,,,
0,16,14,0,,,,,,,,
31,16,14,2,0,0,0,0,0,0,,
0,16,14,0,,,,,,,,
27,16,15,1,0,0,0,0,0,0,,
0,16,15,0,,,,,,,,
0,16,15,0,,,,,,,,
0,16,16,0,,,,,,,,
10,16,16,2,0,0,0,0,0,0,,
0,16,16,0,,,,,,,,
4,16,17,1,0,0,0,0,0,0,,
0,16,17,0,,,,,,,,
0,16,17,0,,,,,,,,
0,16,18,0,,,,,,,,
22,16,18,2,0,0,1,0,0,0,,
0,16,18,0,,,,,,,,
18,16,19,1,0,0,0,0,0,0,,
0,16,19,0,,,,,,,,
0,16,19,0,,,,,,,,
0,16,20,0,,,,,,,,
30,16,20,2,0,0,0,0,0,0,,
0,16,20,0,,,,,,,,
9,16,21,1,0,0,0,0,0,0,,
0,16,21,0,,,,,,,,
0,16,21,0,,,,,,,,
0,16,22,0,,,,,,,,
32,16,22,2,0,1,0,0,0,0,,
0,16,22,0,,,,,,,,
13,16,23,1,0,0,0,0,0,0,,
0,16,23,0,,,,,,,,
0,16,23,0,,,,,,,,
0,16,24,0,,,,,,,,
3,16,24,2,0,0,0,0,1,0,,
0,16,24,0,,,,,,,,
8,16,25,1,1,0,0,0,1,0,,
0,16,25,0,,,,,,,,
0,16,25,0,,,,,,,,
0,16,26,0,,,,,,,,
21,16,26,2,1,0,0,0,0,0,,
0,16,26,0,,,,,,,,
5,16,27,1,0,0,0,1,0,0,,
0,16,27,0,,,,,,,,
0,16,27,0,,,,,,,,
0,16,28,0,,,,,,,,
12,16,28,2,0,0,0,0,0,0,,
0,16,28,0,,,,,,,,
11,16,29,1,0,0,0,0,0,0,,
0,16,29,0,,,,,,,,
0,16,29,0,,,,,,,,
0,16,30,0,,,,,,,,
20,16,30,2,0,0,0,0,0,0,,
0,16,30,0,,,,,,,,
39,16,31,1,0,0,0,0,0,0,,
0,16,31,0,,,,,,,,
0,16,31,0,,,,,,,,
0,16,32,0,,,,,,,,
16,16,32,2,0,0,0,0,0,0,,
0,16,32,0,,,,,,,,
41,17,1,1,0,0,0,0,1,0,,
0,17,1,0,,,,,,,,
0,17,1,0,,,,,,,,
0,17,2,0,,,,,,,,
0,17,2,0,,,,,,,,
12,17,2,2,0,0,1,0,0,0,,
23,17,3,1,1,0,0,0,0,0,,
0,17,3,0,,,,,,,,
0,17,3,0,,,,,,,,
0,17,4,0,,,,,,,,
0,17,4,0,,,,,,,,
15,17,4,2,0,1,0,0,0,0,,
1,17,5,1,0,0,0,0,0,0,,
0,17,5,0,,,,,,,,
0,17,5,0,,,,,,,,
0,17,6,0,,,,,,,,
0,17,6,0,,,,,,,,
21,17,6,2,1,0,0,0,0,0,,
30,17,7,1,1,0,0,0,1,0,,
0,17,7,0,,,,,,,,
0,17,7,0,,,,,,,,
0,17,8,0,,,,,,,,
0,17,8,0,,,,,,,,
36,17,8,2,1,0,0,1,1,0,,
38,17,9,1,0,0,0,0,0,0,,
0,17,9,0,,,,,,,,
0,17,9,0,,,,,,,,
0,17,10,0,,,,,,,,
0,17,10,0,,,,,,,,
27,17,10,2,0,1,0,1,0,0,,
8,17,11,1,0,0,1,0,0,0,,
0,17,11,0,,,,,,,,
0,17,11,0,,,,,,,,
0,17,12,0,,,,,,,,
26,17,12,2,0,1,0,1,0,0,,
0,17,12,0,,,,,,,,
17,17,13,1,0,1,0,0,1,0,,
0,17,13,0,,,,,,,,
0,17,13,0,,,,,,,,
0,17,14,0,,,,,,,,
7,17,14,2,0,0,0,0,1,0,,
0,17,14,0,,,,,,,,
34,17,15,1,1,1,0,0,1,0,,
0,17,15,0,,,,,,,,
0,17,15,0,,,,,,,,
0,17,16,0,,,,,,,,
3,17,16,2,1,1,0,1,0,0,,
0,17,16,0,,,,,,,,
11,17,17,1,0,0,0,0,0,0,,
0,17,17,0,,,,,,,,
0,17,17,0,,,,,,,,
0,17,18,0,,,,,,,,
35,17,18,2,0,1,0,0,0,0,,
0,17,18,0,,,,,,,,
6,17,19,1,0,0,0,0,0,0,,
0,17,19,0,,,,,,,,
0,17,19,0,,,,,,,,
0,17,20,0,,,,,,,,
14,17,20,2,0,0,0,0,0,0,,
0,17,20,0,,,,,,,,
18,17,21,1,0,1,1,0,0,0,,
0,17,21,0,,,,,,,,
0,17,21,0,,,,,,,,
0,17,22,0,,,,,,,,
20,17,22,2,1,0,0,0,0,0,,
0,17,22,0,,,,,,,,
19,17,23,1,0,0,0,0,0,0,,
0,17,23,0,,,,,,,,
0,17,23,0,,,,,,,,
0,17,24,0,,,,,,,,
29,17,24,2,0,1,0,0,0,0,,
0,17,24,0,,,,,,,,
32,17,25,1,0,0,0,1,0,0,,
0,17,25,0,,,,,,,,
0,17,25,0,,,,,,,,
0,17,26,0,,,,,,,,
40,17,26,2,1,0,0,0,0,0,,
0,17,26,0,,,,,,,,
4,17,27,1,0,0,0,1,0,0,,
0,17,27,0,,,,,,,,
0,17,27,0,,,,,,,,
0,17,28,0,,,,,,,,
33,17,28,2,1,1,0,0,0,0,,
0,17,28,0,,,,,,,,
9,17,29,1,0,0,0,0,0,0,,
0,17,29,0,,,,,,,,
0,17,29,0,,,,,,,,
0,17,30,0,,,,,,,,
5,17,30,2,0,0,0,0,1,0,,
0,17,30,0,,,,,,,,
10,17,31,1,0,1,0,0,0,0,,
0,17,31,0,,,,,,,,
0,17,31,0,,,,,,,,
0,17,32,0,,,,,,,,
25,17,32,2,1,0,0,0,0,0,,
0,17,32,0,,,,,,,,
19,18,1,1,1,1,0,0,0,0,,
0,18,1,0,,,,,,,,
0,18,1,0,,,,,,,,
0,18,2,0,,,,,,,,
0,18,2,0,,,,,,,,
12,18,2,0,,,,,,,,
6,18,3,1,0,0,0,0,0,0,,
0,18,3,0,,,,,,,,
0,18,3,0,,,,,,,,
0,18,4,0,,,,,,,,
0,18,4,0,,,,,,,,
22,18,4,2,0,1,0,0,0,0,,
4,18,5,1,0,0,0,0,0,0,,
0,18,5,0,,,,,,,,
0,18,5,0,,,,,,,,
0,18,6,0,,,,,,,,
0,18,6,0,,,,,,,,
16,18,6,2,0,0,0,0,0,0,,
30,18,7,0,,,,,,,,
0,18,7,0,,,,,,,,
0,18,7,0,,,,,,,,
0,18,8,0,,,,,,,,
0,18,8,0,,,,,,,,
13,18,8,2,1,0,0,1,0,0,,
25,18,9,1,1,0,0,0,0,0,,
0,18,9,0,,,,,,,,
0,18,9,0,,,,,,,,
0,18,10,0,,,,,,,,
0,18,10,0,,,,,,,,
8,18,10,2,1,0,0,0,0,0,,
8,18,11,0,,,,,,,,
0,18,11,0,,,,,,,,
0,18,11,0,,,,,,,,
0,18,12,0,,,,,,,,
26,18,12,0,,,,,,,,
0,18,12,0,,,,,,,,
2,18,13,1,0,0,0,0,1,0,,
0,18,13,0,,,,,,,,
0,18,13,0,,,,,,,,
0,18,14,0,,,,,,,,
7,18,14,0,,,,,,,,
0,18,14,0,,,,,,,,
34,18,15,0,,,,,,,,
0,18,15,0,,,,,,,,
0,18,15,0,,,,,,,,
0,18,16,0,,,,,,,,
1,18,16,2,1,1,0,0,0,0,,
0,18,16,0,,,,,,,,
10,18,17,1,1,0,0,0,0,0,,
0,18,17,0,,,,,,,,
0,18,17,0,,,,,,,,
0,18,18,0,,,,,,,,
35,18,18,0,,,,,,,,
0,18,18,0,,,,,,,,
24,18,19,1,1,0,0,0,0,0,,
0,18,19,0,,,,,,,,
0,18,19,0,,,,,,,,
0,18,20,0,,,,,,,,
11,18,20,2,1,0,0,0,0,0,,
0,18,20,0,,,,,,,,
3,18,21,1,1,0,0,0,0,0,,
0,18,21,0,,,,,,,,
0,18,21,0,,,,,,,,
0,18,22,0,,,,,,,,
12,18,22,2,0,0,0,0,0,0,,
0,18,22,0,,,,,,,,
19,18,23,0,,,,,,,,
0,18,23,0,,,,,,,,
0,18,23,0,,,,,,,,
0,18,24,0,,,,,,,,
29,18,24,0,,,,,,,,
0,18,24,0,,,,,,,,
32,18,25,0,,,,,,,,
0,18,25,0,,,,,,,,
0,18,25,0,,,,,,,,
0,18,26,0,,,,,,,,
40,18,26,0,,,,,,,,
0,18,26,0,,,,,,,,
4,18,27,0,,,,,,,,
0,18,27,0,,,,,,,,
0,18,27,0,,,,,,,,
0,18,28,0,,,,,,,,
18,18,28,2,0,0,0,0,0,0,,
0,18,28,0,,,,,,,,
27,18,29,1,0,1,0,0,0,0,,
0,18,29,0,,,,,,,,
0,18,29,0,,,,,,,,
0,18,30,0,,,,,,,,
28,18,30,2,1,1,0,0,0,0,,
0,18,30,0,,,,,,,,
21,18,31,1,0,1,0,0,0,0,,
0,18,31,0,,,,,,,,
0,18,31,0,,,,,,,,
0,18,32,0,,,,,,,,
15,18,32,2,0,0,0,0,0,0,,
0,18,32,0,,,,,,,,
42,19,1,1,0,0,0,0,0,0,,
0,19,1,0,,,,,,,,
0,19,1,0,,,,,,,,
0,19,2,0,,,,,,,,
0,19,2,0,,,,,,,,
2,19,2,2,1,0,0,0,0,0,,
36,19,3,1,1,0,0,0,0,0,,
0,19,3,0,,,,,,,,
0,19,3,0,,,,,,,,
0,19,4,0,,,,,,,,
0,19,4,0,,,,,,,,
19,19,4,2,1,0,0,0,1,0,,
32,19,5,1,0,1,1,0,0,0,,
0,19,5,0,,,,,,,,
0,19,5,0,,,,,,,,
0,19,6,0,,,,,,,,
0,19,6,0,,,,,,,,
21,19,6,2,0,1,1,1,0,0,,
15,19,7,1,0,1,0,0,1,0,,
0,19,7,0,,,,,,,,
0,19,7,0,,,,,,,,
0,19,8,0,,,,,,,,
0,19,8,0,,,,,,,,
40,19,8,2,0,0,0,0,1,0,,
12,19,9,1,0,0,0,0,0,0,,
0,19,9,0,,,,,,,,
0,19,9,0,,,,,,,,
0,19,10,0,,,,,,,,
0,19,10,0,,,,,,,,
10,19,10,2,0,0,0,0,1,0,,
26,19,11,1,0,0,0,0,0,0,,
0,19,11,0,,,,,,,,
0,19,11,0,,,,,,,,
0,19,12,0,,,,,,,,
30,19,12,2,0,0,0,0,0,0,,
0,19,12,0,,,,,,,,
38,19,13,1,0,0,0,0,0,0,,
0,19,13,0,,,,,,,,
0,19,13,0,,,,,,,,
0,19,14,0,,,,,,,,
14,19,14,2,0,0,1,0,0,0,,
0,19,14,0,,,,,,,,
8,19,15,1,0,0,0,1,0,0,,
0,19,15,0,,,,,,,,
0,19,15,0,,,,,,,,
0,19,16,0,,,,,,,,
7,19,16,2,0,0,0,0,0,0,,
0,19,16,0,,,,,,,,
1,19,17,1,0,0,0,0,0,0,,
0,19,17,0,,,,,,,,
0,19,17,0,,,,,,,,
0,19,18,0,,,,,,,,
27,19,18,2,0,0,0,0,0,0,,
0,19,18,0,,,,,,,,
34,19,19,1,0,0,0,0,0,0,,
0,19,19,0,,,,,,,,
0,19,19,0,,,,,,,,
0,19,20,0,,,,,,,,
17,19,20,2,1,0,0,0,1,0,,
0,19,20,0,,,,,,,,
31,19,21,1,0,0,0,0,0,0,,
0,19,21,0,,,,,,,,
0,19,21,0,,,,,,,,
0,19,22,0,,,,,,,,
5,19,22,2,0,0,0,0,0,0,,
0,19,22,0,,,,,,,,
4,19,23,1,0,0,1,0,0,0,,
0,19,23,0,,,,,,,,
0,19,23,0,,,,,,,,
0,19,24,0,,,,,,,,
18,19,24,2,0,0,0,0,0,0,,
0,19,24,0,,,,,,,,
39,19,25,1,0,0,0,0,0,0,,
0,19,25,0,,,,,,,,
0,19,25,0,,,,,,,,
0,19,26,0,,,,,,,,
23,19,26,2,0,0,0,0,0,0,,
0,19,26,0,,,,,,,,
29,19,27,1,1,0,0,0,0,0,,
0,19,27,0,,,,,,,,
0,19,27,0,,,,,,,,
0,19,28,0,,,,,,,,
25,19,28,2,1,0,0,0,0,0,,
0,19,28,0,,,,,,,,
28,19,29,1,0,0,0,0,0,0,,
0,19,29,0,,,,,,,,
0,19,29,0,,,,,,,,
0,19,30,0,,,,,,,,
35,19,30,2,0,0,0,0,0,0,,
0,19,30,0,,,,,,,,
24,19,31,1,0,0,0,0,0,0,,
0,19,31,0,,,,,,,,
0,19,31,0,,,,,,,,
0,19,32,0,,,,,,,,
6,19,32,2,0,0,0,0,0,0,,
0,19,32,0,,,,,,,,
1,20,1,1,1,0,1,0,0,0,,
0,20,1,0,,,,,,,,
0,20,1,0,,,,,,,,
0,20,2,0,,,,,,,,
0,20,2,0,,,,,,,,
28,20,2,2,0,0,0,1,0,0,,
41,20,3,1,0,0,0,1,1,0,,
0,20,3,0,,,,,,,,
0,20,3,0,,,,,,,,
0,20,4,0,,,,,,,,
0,20,4,0,,,,,,,,
3,20,4,2,1,0,1,0,0,0,,
32,20,5,1,1,0,0,1,0,0,,
0,20,5,0,,,,,,,,
0,20,5,0,,,,,,,,
0,20,6,0,,,,,,,,
0,20,6,0,,,,,,,,
38,20,6,2,1,0,0,0,0,0,,
12,20,7,1,0,0,0,1,1,0,,
0,20,7,0,,,,,,,,
0,20,7,0,,,,,,,,
0,20,8,0,,,,,,,,
0,20,8,0,,,,,,,,
30,20,8,2,0,1,0,1,1,0,,
24,20,9,1,1,0,0,0,1,0,,
0,20,9,0,,,,,,,,
0,20,9,0,,,,,,,,
0,20,10,0,,,,,,,,
0,20,10,0,,,,,,,,
7,20,10,2,1,1,0,1,1,0,,
5,20,11,1,1,0,1,0,1,0,,
0,20,11,0,,,,,,,,
0,20,11,0,,,,,,,,
0,20,12,0,,,,,,,,
27,20,12,2,1,1,0,1,0,0,,
0,20,12,0,,,,,,,,
6,20,13,1,1,1,0,1,0,0,,
0,20,13,0,,,,,,,,
0,20,13,0,,,,,,,,
0,20,14,0,,,,,,,,
15,20,14,2,1,0,1,0,0,0,,
0,20,14,0,,,,,,,,
35,20,15,1,0,1,1,1,0,0,,
0,20,15,0,,,,,,,,
0,20,15,0,,,,,,,,
0,20,16,0,,,,,,,,
43,20,16,2,0,0,0,1,1,0,,
0,20,16,0,,,,,,,,
17,20,17,1,0,0,0,0,1,0,,
0,20,17,0,,,,,,,,
0,20,17,0,,,,,,,,
0,20,18,0,,,,,,,,
16,20,18,2,1,0,1,1,0,0,,
0,20,18,0,,,,,,,,
14,20,19,1,0,0,1,0,0,0,,
0,20,19,0,,,,,,,,
0,20,19,0,,,,,,,,
0,20,20,0,,,,,,,,
23,20,20,2,0,0,1,0,0,0,,
0,20,20,0,,,,,,,,
22,20,21,1,0,0,1,0,0,0,,
0,20,21,0,,,,,,,,
0,20,21,0,,,,,,,,
0,20,22,0,,,,,,,,
26,20,22,2,0,1,0,0,0,0,,
0,20,22,0,,,,,,,,
19,20,23,1,1,1,1,0,0,0,,
0,20,23,0,,,,,,,,
0,20,23,0,,,,,,,,
0,20,24,0,,,,,,,,
36,20,24,2,1,0,1,1,0,0,,
0,20,24,0,,,,,,,,
10,20,25,1,0,0,1,0,0,0,,
0,20,25,0,,,,,,,,
0,20,25,0,,,,,,,,
0,20,26,0,,,,,,,,
37,20,26,2,1,1,0,1,0,0,,
0,20,26,0,,,,,,,,
21,20,27,1,1,0,1,0,0,0,,
0,20,27,0,,,,,,,,
0,20,27,0,,,,,,,,
0,20,28,0,,,,,,,,
34,20,28,2,0,1,0,0,1,0,,
0,20,28,0,,,,,,,,
11,20,29,1,0,0,0,1,0,0,,
0,20,29,0,,,,,,,,
0,20,29,0,,,,,,,,
0,20,30,0,,,,,,,,
40,20,30,2,1,1,1,1,0,0,,
0,20,30,0,,,,,,,,
44,20,31,1,0,1,1,0,0,0,,
0,20,31,0,,,,,,,,
0,20,31,0,,,,,,,,
0,20,32,0,,,,,,,,
9,20,32,2,1,1,1,0,1,0,,
0,20,32,0,,,,,,,,
