seq,subj,item,cond,R1,R2,R3,R4,R5,R6,R7,R8
0,1,1,0,,,,,,,,
0,1,1,0,,,,,,,,
21,1,1,2,4852,4896,3142,156,2123,6021,,
34,1,2,1,1542,3965,8044,568,1024,2592,,
0,1,2,0,,,,,,,,
0,1,2,0,,,,,,,,
0,1,3,0,,,,,,,,
0,1,3,0,,,,,,,,
3,1,3,2,1410,1981,3405,1796,2359,2256,,
29,1,4,1,1946,1764,1422,,594,1629,,
0,1,4,0,,,,,,,,
0,1,4,0,,,,,,,,
0,1,5,0,,,,,,,,
0,1,5,0,,,,,,,,
19,1,5,2,2849,2195,1201,1024,913,2930,,
14,1,6,1,1757,2308,1434,393,679,4783,,
0,1,6,0,,,,,,,,
0,1,6,0,,,,,,,,
0,1,7,0,,,,,,,,
0,1,7,0,,,,,,,,
32,1,7,2,847,2274,5844,732,497,10132,,
24,1,8,1,920,893,3240,568,861,8356,,
0,1,8,0,,,,,,,,
0,1,8,0,,,,,,,,
0,1,9,0,,,,,,,,
0,1,9,0,,,,,,,,
11,1,9,2,1630,2650,5328,1421,3033,6558,,
5,1,10,1,1165,3616,741,2734,963,3741,,
0,1,10,0,,,,,,,,
0,1,10,0,,,,,,,,
0,1,11,0,,,,,,,,
28,1,11,2,6943,4432,890,555,469,4373,,
0,1,11,0,,,,,,,,
17,1,12,1,1879,4967,980,684,454,2568,,
0,1,12,0,,,,,,,,
0,1,12,0,,,,,,,,
0,1,13,0,,,,,,,,
38,1,13,2,2604,670,1411,1287,1051,3215,,
0,1,13,0,,,,,,,,
26,1,14,1,1717,1375,2292,674,494,4558,,
0,1,14,0,,,,,,,,
0,1,14,0,,,,,,,,
0,1,15,0,,,,,,,,
9,1,15,2,909,2282,1088,679,613,4062,,
0,1,15,0,,,,,,,,
41,1,16,1,2328,6085,2024,435,500,4116,,
0,1,16,0,,,,,,,,
0,1,16,0,,,,,,,,
0,1,17,0,,,,,,,,
8,1,17,2,9118,4369,4217,2132,4420,4548,,
0,1,17,0,,,,,,,,
7,1,18,1,1773,1868,2486,1250,791,2656,,
0,1,18,0,,,,,,,,
0,1,18,0,,,,,,,,
0,1,19,0,,,,,,,,
10,1,19,2,1840,12915,1265,931,685,5462,,
0,1,19,0,,,,,,,,
43,1,20,1,7396,1073,1005,224,917,4019,,
0,1,20,0,,,,,,,,
0,1,20,0,,,,,,,,
0,1,21,0,,,,,,,,
36,1,21,2,4159,1084,538,656,896,4070,,
0,1,21,0,,,,,,,,
39,1,22,1,1141,1203,3213,331,948,2764,,
0,1,22,0,,,,,,,,
0,1,22,0,,,,,,,,
0,1,23,0,,,,,,,,
1,1,23,2,3434,3797,1857,3442,1477,1957,,
0,1,23,0,,,,,,,,
42,1,24,1,641,8768,1151,1981,464,3406,,
0,1,24,0,,,,,,,,
0,1,24,0,,,,,,,,
0,1,25,0,,,,,,,,
2,1,25,2,2815,3768,1673,1383,631,3871,,
0,1,25,0,,,,,,,,
37,1,26,1,1192,1253,1171,969,992,2418,,
0,1,26,0,,,,,,,,
0,1,26,0,,,,,,,,
0,1,27,0,,,,,,,,
13,1,27,2,1986,3758,1394,3741,644,1744,,
0,1,27,0,,,,,,,,
23,1,28,1,2150,3154,1487,1034,659,5564,,
0,1,28,0,,,,,,,,
0,1,28,0,,,,,,,,
0,1,29,0,,,,,,,,
40,1,29,2,2090,1801,1643,1581,997,9172,,
0,1,29,0,,,,,,,,
27,1,30,1,2476,2508,2187,1167,890,4512,,
0,1,30,0,,,,,,,,
0,1,30,0,,,,,,,,
0,1,31,0,,,,,,,,
16,1,31,2,1311,809,429,590,481,12616,,
0,1,31,0,,,,,,,,
18,1,32,1,1333,2601,2500,523,433,1762,,
0,1,32,0,,,,,,,,
0,1,32,0,,,,,,,,
14,2,1,1,230,3821,2503,1745,1338,3541,,
0,2,1,0,,,,,,,,
21,2,1,0,,,,,,,,
34,2,2,0,,,,,,,,
0,2,2,0,,,,,,,,
28,2,2,2,1947,1449,2719,1480,1146,1969,,
36,2,3,1,2424,1280,1855,2223,2181,1847,,
0,2,3,0,,,,,,,,
3,2,3,0,,,,,,,,
29,2,4,0,,,,,,,,
0,2,4,0,,,,,,,,
12,2,4,2,2232,5370,1778,2389,1796,5537,,
20,2,5,1,1736,1115,1389,1019,860,1594,,
0,2,5,0,,,,,,,,
19,2,5,0,,,,,,,,
14,2,6,0,,,,,,,,
0,2,6,0,,,,,,,,
6,2,6,2,1554,3350,1635,1248,1201,849,,
2,2,7,1,2736,5321,3291,1546,1145,2295,,
0,2,7,0,,,,,,,,
32,2,7,0,,,,,,,,
24,2,8,0,,,,,,,,
0,2,8,0,,,,,,,,
10,2,8,2,1368,1619,1134,860,1881,4346,,
16,2,9,1,1587,2134,1272,1402,810,959,,
0,2,9,0,,,,,,,,
11,2,9,0,,,,,,,,
5,2,10,0,,,,,,,,
0,2,10,0,,,,,,,,
25,2,10,2,1205,1606,1172,1699,1032,1245,,
8,2,11,1,2493,1986,1314,1020,393,5168,,
28,2,11,0,,,,,,,,
0,2,11,0,,,,,,,,
17,2,12,0,,,,,,,,
39,2,12,2,1247,2198,2389,2202,1314,772,,
0,2,12,0,,,,,,,,
22,2,13,1,3033,1400,2167,1702,1013,3559,,
38,2,13,0,,,,,,,,
0,2,13,0,,,,,,,,
26,2,14,0,,,,,,,,
42,2,14,2,1645,1020,1146,2524,1171,5841,,
0,2,14,0,,,,,,,,
40,2,15,1,1043,1671,1154,1748,933,3967,,
9,2,15,0,,,,,,,,
0,2,15,0,,,,,,,,
41,2,16,0,,,,,,,,
41,2,16,2,2019,1151,2654,1494,1009,2464,,
0,2,16,0,,,,,,,,
4,2,17,1,5749,1481,3143,1488,1390,1491,,
8,2,17,0,,,,,,,,
0,2,17,0,,,,,,,,
7,2,18,0,,,,,,,,
31,2,18,2,1050,1507,1066,1428,1288,964,,
0,2,18,0,,,,,,,,
24,2,19,1,1276,2348,1537,996,905,2490,,
10,2,19,0,,,,,,,,
0,2,19,0,,,,,,,,
43,2,20,0,,,,,,,,
19,2,20,2,1976,1240,1715,886,1734,4326,,
0,2,20,0,,,,,,,,
33,2,21,1,1426,2408,1777,1468,3091,1328,,
36,2,21,0,,,,,,,,
0,2,21,0,,,,,,,,
39,2,22,0,,,,,,,,
1,2,22,2,2172,3002,2028,1407,1486,7542,,
0,2,22,0,,,,,,,,
23,2,23,1,1138,1403,933,950,862,2300,,
1,2,23,0,,,,,,,,
0,2,23,0,,,,,,,,
42,2,24,0,,,,,,,,
34,2,24,2,1769,1105,1279,1626,1266,2925,,
0,2,24,0,,,,,,,,
35,2,25,1,2305,1338,1604,2204,2057,5839,,
2,2,25,0,,,,,,,,
0,2,25,0,,,,,,,,
37,2,26,0,,,,,,,,
9,2,26,2,2438,2378,1233,1691,1396,2525,,
0,2,26,0,,,,,,,,
38,2,27,1,2197,1684,1203,2058,1495,2661,,
13,2,27,0,,,,,,,,
0,2,27,0,,,,,,,,
23,2,28,0,,,,,,,,
32,2,28,2,4563,2849,897,3633,1279,3786,,
0,2,28,0,,,,,,,,
30,2,29,1,6738,1981,1667,1541,1265,2077,,
40,2,29,0,,,,,,,,
0,2,29,0,,,,,,,,
27,2,30,0,,,,,,,,
27,2,30,2,2391,1558,1495,1693,2193,5331,,
0,2,30,0,,,,,,,,
5,2,31,1,1686,1566,1971,1100,1098,1656,,
16,2,31,0,,,,,,,,
0,2,31,0,,,,,,,,
18,2,32,0,,,,,,,,
18,2,32,2,1244,3923,2305,1912,3567,833,,
0,2,32,0,,,,,,,,
14,3,1,0,,,,,,,,
0,3,1,0,,,,,,,,
29,3,1,2,5020,1976,1251,2348,1080,1231,,
40,3,2,1,2870,2024,1425,1150,1605,1402,,
0,3,2,0,,,,,,,,
28,3,2,0,,,,,,,,
36,3,3,0,,,,,,,,
0,3,3,0,,,,,,,,
11,3,3,2,3275,1623,1865,1421,830,2856,,
1,3,4,1,2419,2554,1451,1600,917,2708,,
0,3,4,0,,,,,,,,
12,3,4,0,,,,,,,,
20,3,5,0,,,,,,,,
0,3,5,0,,,,,,,,
7,3,5,2,2448,2708,3073,1189,982,1343,,
22,3,6,1,2598,3089,1561,1569,1400,1509,,
0,3,6,0,,,,,,,,
6,3,6,0,,,,,,,,
2,3,7,0,,,,,,,,
0,3,7,0,,,,,,,,
34,3,7,2,2156,1626,1244,864,1418,1288,,
14,3,8,1,1280,1832,1303,832,1542,3085,,
0,3,8,0,,,,,,,,
10,3,8,0,,,,,,,,
16,3,9,0,,,,,,,,
0,3,9,0,,,,,,,,
42,3,9,2,1520,1523,1195,760,1517,1645,,
18,3,10,1,2083,3452,2990,1266,876,1884,,
0,3,10,0,,,,,,,,
25,3,10,0,,,,,,,,
8,3,11,0,,,,,,,,
33,3,11,2,2182,1525,1014,931,624,1196,,
0,3,11,0,,,,,,,,
13,3,12,1,1192,6036,3016,5476,855,1613,,
39,3,12,0,,,,,,,,
0,3,12,0,,,,,,,,
22,3,13,0,,,,,,,,
27,3,13,2,3467,3292,1517,1402,1520,1489,,
0,3,13,0,,,,,,,,
24,3,14,1,1891,4020,3208,2472,1031,1294,,
42,3,14,0,,,,,,,,
0,3,14,0,,,,,,,,
40,3,15,0,,,,,,,,
37,3,15,2,1347,1221,1828,769,1088,2294,,
0,3,15,0,,,,,,,,
9,3,16,1,2425,1474,1376,782,827,1248,,
41,3,16,0,,,,,,,,
0,3,16,0,,,,,,,,
4,3,17,0,,,,,,,,
21,3,17,2,1223,3048,1735,919,1122,2648,,
0,3,17,0,,,,,,,,
26,3,18,1,3600,1738,19156,2126,1027,1792,,
31,3,18,0,,,,,,,,
0,3,18,0,,,,,,,,
24,3,19,0,,,,,,,,
36,3,19,2,4184,2473,2229,974,1625,2356,,
0,3,19,0,,,,,,,,
28,3,20,1,4678,1691,1152,863,900,1250,,
19,3,20,0,,,,,,,,
0,3,20,0,,,,,,,,
33,3,21,0,,,,,,,,
16,3,21,2,2585,2135,986,1611,1063,1991,,
0,3,21,0,,,,,,,,
25,3,22,1,1845,1907,1573,790,1243,1780,,
1,3,22,0,,,,,,,,
0,3,22,0,,,,,,,,
23,3,23,0,,,,,,,,
3,3,23,2,2026,3077,1456,1164,907,2125,,
0,3,23,0,,,,,,,,
20,3,24,1,2275,3202,781,1130,928,2675,,
34,3,24,0,,,,,,,,
0,3,24,0,,,,,,,,
35,3,25,0,,,,,,,,
10,3,25,2,2169,3607,1481,2296,801,1880,,
0,3,25,0,,,,,,,,
4,3,26,1,2719,2273,2105,1331,1993,2068,,
9,3,26,0,,,,,,,,
0,3,26,0,,,,,,,,
38,3,27,0,,,,,,,,
38,3,27,2,1456,1609,1710,1650,859,2120,,
0,3,27,0,,,,,,,,
6,3,28,1,3747,4258,2561,1539,1036,3456,,
32,3,28,0,,,,,,,,
0,3,28,0,,,,,,,,
30,3,29,0,,,,,,,,
31,3,29,2,2884,1268,1400,1818,1738,2853,,
0,3,29,0,,,,,,,,
32,3,30,1,2920,1873,2011,2171,1030,3673,,
27,3,30,0,,,,,,,,
0,3,30,0,,,,,,,,
5,3,31,0,,,,,,,,
39,3,31,2,1118,1775,1713,776,1461,2465,,
0,3,31,0,,,,,,,,
5,3,32,1,1306,3278,7064,783,889,1297,,
18,3,32,0,,,,,,,,
0,3,32,0,,,,,,,,
18,4,1,1,5095,1508,1870,1979,1262,2901,,
0,4,1,0,,,,,,,,
29,4,1,0,,,,,,,,
40,4,2,0,,,,,,,,
0,4,2,0,,,,,,,,
7,4,2,2,3006,2372,2580,2426,1404,3944,,
28,4,3,1,2084,1254,1750,1676,1523,1728,,
0,4,3,0,,,,,,,,
11,4,3,0,,,,,,,,
1,4,4,0,,,,,,,,
0,4,4,0,,,,,,,,
9,4,4,2,3975,3987,1290,2023,1050,2663,,
1,4,5,1,2949,1513,1321,1384,1188,1647,,
0,4,5,0,,,,,,,,
7,4,5,0,,,,,,,,
22,4,6,0,,,,,,,,
0,4,6,0,,,,,,,,
5,4,6,2,1300,2364,2471,1694,1131,1995,,
31,4,7,1,2642,2122,2555,2262,1204,2501,,
0,4,7,0,,,,,,,,
34,4,7,0,,,,,,,,
14,4,8,0,,,,,,,,
0,4,8,0,,,,,,,,
13,4,8,2,1411,1726,1609,1411,3143,3401,,
33,4,9,1,4195,1367,1070,927,1121,1306,,
0,4,9,0,,,,,,,,
42,4,9,0,,,,,,,,
18,4,10,0,,,,,,,,
0,4,10,0,,,,,,,,
36,4,10,2,1968,1509,2219,1913,1717,1950,,
38,4,11,1,1641,1885,1368,1122,861,952,,
33,4,11,0,,,,,,,,
0,4,11,0,,,,,,,,
13,4,12,0,,,,,,,,
39,4,12,2,1184,2058,1743,1504,2273,1455,,
0,4,12,0,,,,,,,,
44,4,13,1,2207,1073,1650,1794,1620,1346,,
27,4,13,0,,,,,,,,
0,4,13,0,,,,,,,,
24,4,14,0,,,,,,,,
12,4,14,2,3500,1554,2352,1219,1584,2492,,
0,4,14,0,,,,,,,,
24,4,15,1,1579,1956,2121,1301,1226,1767,,
37,4,15,0,,,,,,,,
0,4,15,0,,,,,,,,
9,4,16,0,,,,,,,,
3,4,16,2,2550,2789,3275,1438,1124,1609,,
0,4,16,0,,,,,,,,
25,4,17,1,1621,1073,1967,1272,1175,2275,,
21,4,17,0,,,,,,,,
0,4,17,0,,,,,,,,
26,4,18,0,,,,,,,,
42,4,18,2,1625,1827,1686,1929,1661,3663,,
0,4,18,0,,,,,,,,
41,4,19,1,1999,2959,2777,2720,3060,3904,,
36,4,19,0,,,,,,,,
0,4,19,0,,,,,,,,
28,4,20,0,,,,,,,,
30,4,20,2,2613,2079,2968,1579,1106,2054,,
0,4,20,0,,,,,,,,
16,4,21,1,4563,1946,1355,1305,1547,1472,,
16,4,21,0,,,,,,,,
0,4,21,0,,,,,,,,
25,4,22,0,,,,,,,,
21,4,22,2,2179,1520,1400,1101,1574,1863,,
0,4,22,0,,,,,,,,
35,4,23,1,1632,1442,1733,1273,1119,1715,,
3,4,23,0,,,,,,,,
0,4,23,0,,,,,,,,
20,4,24,0,,,,,,,,
17,4,24,2,2371,920,1400,1754,998,1480,,
0,4,24,0,,,,,,,,
27,4,25,1,1245,4621,1550,2413,1306,3226,,
10,4,25,0,,,,,,,,
0,4,25,0,,,,,,,,
4,4,26,0,,,,,,,,
4,4,26,2,2745,1385,1770,1223,1636,2944,,
0,4,26,0,,,,,,,,
22,4,27,1,3463,2323,1417,1957,903,2816,,
38,4,27,0,,,,,,,,
0,4,27,0,,,,,,,,
6,4,28,0,,,,,,,,
11,4,28,2,3380,2869,2030,2921,1450,3831,,
0,4,28,0,,,,,,,,
20,4,29,1,4957,1939,2811,2013,1527,4342,,
31,4,29,0,,,,,,,,
0,4,29,0,,,,,,,,
32,4,30,0,,,,,,,,
23,4,30,2,2824,1965,1643,1739,2109,2322,,
0,4,30,0,,,,,,,,
40,4,31,1,1552,1819,2382,1192,1396,2144,,
39,4,31,0,,,,,,,,
0,4,31,0,,,,,,,,
5,4,32,0,,,,,,,,
43,4,32,2,1060,1182,748,950,898,492,,
0,4,32,0,,,,,,,,
18,5,1,0,,,,,,,,
0,5,1,0,,,,,,,,
14,5,1,2,2331,667,550,653,682,810,,
3,5,2,1,1782,1327,1390,992,1005,735,,
0,5,2,0,,,,,,,,
7,5,2,0,,,,,,,,
28,5,3,0,,,,,,,,
0,5,3,0,,,,,,,,
22,5,3,2,2179,1273,1069,634,744,1032,,
12,5,4,1,534,1835,1225,869,536,1630,,
0,5,4,0,,,,,,,,
9,5,4,0,,,,,,,,
1,5,5,0,,,,,,,,
0,5,5,0,,,,,,,,
7,5,5,2,864,779,1545,422,693,686,,
25,5,6,1,874,4606,1260,844,899,858,,
0,5,6,0,,,,,,,,
5,5,6,0,,,,,,,,
31,5,7,0,,,,,,,,
0,5,7,0,,,,,,,,
20,5,7,2,2119,2464,1751,1181,656,925,,
39,5,8,1,730,1132,1387,521,1408,1260,,
0,5,8,0,,,,,,,,
13,5,8,0,,,,,,,,
33,5,9,0,,,,,,,,
0,5,9,0,,,,,,,,
28,5,9,2,1378,1423,1225,815,523,1010,,
30,5,10,1,1210,990,972,275,506,888,,
0,5,10,0,,,,,,,,
36,5,10,0,,,,,,,,
38,5,11,0,,,,,,,,
18,5,11,2,372,1604,734,571,437,295,,
0,5,11,0,,,,,,,,
35,5,12,1,605,1548,2327,816,860,456,,
39,5,12,0,,,,,,,,
0,5,12,0,,,,,,,,
44,5,13,0,,,,,,,,
41,5,13,2,903,1093,918,770,853,313,,
0,5,13,0,,,,,,,,
33,5,14,1,941,883,819,732,410,751,,
12,5,14,0,,,,,,,,
0,5,14,0,,,,,,,,
24,5,15,0,,,,,,,,
36,5,15,2,541,813,532,404,1357,1014,,
0,5,15,0,,,,,,,,
6,5,16,1,1235,1174,155,636,613,655,,
3,5,16,0,,,,,,,,
0,5,16,0,,,,,,,,
25,5,17,0,,,,,,,,
2,5,17,2,1554,2186,674,1092,425,1839,,
0,5,17,0,,,,,,,,
17,5,18,1,458,2991,1258,977,1118,1710,,
42,5,18,0,,,,,,,,
0,5,18,0,,,,,,,,
41,5,19,0,,,,,,,,
32,5,19,2,1032,946,788,584,581,2381,,
0,5,19,0,,,,,,,,
27,5,20,1,1167,476,940,1227,904,815,,
30,5,20,0,,,,,,,,
0,5,20,0,,,,,,,,
16,5,21,0,,,,,,,,
38,5,21,2,1337,783,580,529,1524,1156,,
0,5,21,0,,,,,,,,
37,5,22,1,1196,809,760,692,665,860,,
21,5,22,0,,,,,,,,
0,5,22,0,,,,,,,,
35,5,23,0,,,,,,,,
34,5,23,2,832,1184,812,548,693,965,,
0,5,23,0,,,,,,,,
16,5,24,1,855,634,1031,1011,712,891,,
17,5,24,0,,,,,,,,
0,5,24,0,,,,,,,,
27,5,25,0,,,,,,,,
42,5,25,2,1362,1001,1309,1062,1333,1274,,
0,5,25,0,,,,,,,,
24,5,26,1,1575,994,1026,773,600,792,,
4,5,26,0,,,,,,,,
0,5,26,0,,,,,,,,
22,5,27,0,,,,,,,,
9,5,27,2,1291,1807,769,1020,425,945,,
0,5,27,0,,,,,,,,
5,5,28,1,2104,1151,2603,776,647,1533,,
11,5,28,0,,,,,,,,
0,5,28,0,,,,,,,,
20,5,29,0,,,,,,,,
19,5,29,2,2064,1330,3597,1131,646,1286,,
0,5,29,0,,,,,,,,
11,5,30,1,1427,1309,2170,634,797,620,,
23,5,30,0,,,,,,,,
0,5,30,0,,,,,,,,
40,5,31,0,,,,,,,,
10,5,31,2,902,890,625,968,495,764,,
0,5,31,0,,,,,,,,
1,5,32,1,1817,2240,1251,1047,749,461,,
43,5,32,0,,,,,,,,
0,5,32,0,,,,,,,,
20,6,1,1,1463,3528,866,989,569,1671,,
0,6,1,0,,,,,,,,
14,6,1,0,,,,,,,,
3,6,2,0,,,,,,,,
0,6,2,0,,,,,,,,
2,6,2,2,3813,4056,2455,2787,1193,8066,,
15,6,3,1,4827,1234,1820,2530,859,2092,,
0,6,3,0,,,,,,,,
22,6,3,0,,,,,,,,
12,6,4,0,,,,,,,,
0,6,4,0,,,,,,,,
8,6,4,2,1376,6326,1302,1705,1499,6515,,
37,6,5,1,2878,1699,1452,1673,663,2263,,
0,6,5,0,,,,,,,,
7,6,5,0,,,,,,,,
25,6,6,0,,,,,,,,
0,6,6,0,,,,,,,,
4,6,6,2,2994,2912,1791,932,2295,2999,,
31,6,7,1,1572,2286,1177,465,422,3719,,
0,6,7,0,,,,,,,,
20,6,7,0,,,,,,,,
39,6,8,0,,,,,,,,
0,6,8,0,,,,,,,,
34,6,8,2,539,2856,1187,438,1008,1719,,
28,6,9,1,3914,2366,1565,1875,2872,1956,,
0,6,9,0,,,,,,,,
28,6,9,0,,,,,,,,
30,6,10,0,,,,,,,,
0,6,10,0,,,,,,,,
24,6,10,2,1378,2120,1095,998,963,3890,,
23,6,11,1,3228,3130,1502,764,604,1713,,
18,6,11,0,,,,,,,,
0,6,11,0,,,,,,,,
35,6,12,0,,,,,,,,
41,6,12,2,1774,1772,2591,1455,1009,1519,,
0,6,12,0,,,,,,,,
19,6,13,1,2491,1851,2164,1263,1014,4613,,
41,6,13,0,,,,,,,,
0,6,13,0,,,,,,,,
33,6,14,0,,,,,,,,
39,6,14,2,1812,1632,1654,492,639,5298,,
0,6,14,0,,,,,,,,
33,6,15,1,661,2425,1961,1484,605,2020,,
36,6,15,0,,,,,,,,
0,6,15,0,,,,,,,,
6,6,16,0,,,,,,,,
10,6,16,2,2713,1303,1150,510,737,3849,,
0,6,16,0,,,,,,,,
22,6,17,1,1546,2299,6690,1134,607,3522,,
2,6,17,0,,,,,,,,
0,6,17,0,,,,,,,,
17,6,18,0,,,,,,,,
11,6,18,2,2493,2422,2907,855,801,2373,,
0,6,18,0,,,,,,,,
14,6,19,1,4371,1454,3788,634,758,5158,,
32,6,19,0,,,,,,,,
0,6,19,0,,,,,,,,
27,6,20,0,,,,,,,,
30,6,20,2,2507,2798,2668,2215,776,3355,,
0,6,20,0,,,,,,,,
27,6,21,1,1946,718,878,1078,595,2050,,
38,6,21,0,,,,,,,,
0,6,21,0,,,,,,,,
37,6,22,0,,,,,,,,
12,6,22,2,2452,1366,3116,695,1364,2045,,
0,6,22,0,,,,,,,,
42,6,23,1,1112,1128,1953,1232,933,2415,,
34,6,23,0,,,,,,,,
0,6,23,0,,,,,,,,
16,6,24,0,,,,,,,,
1,6,24,2,4268,5196,2083,2616,795,4730,,
0,6,24,0,,,,,,,,
36,6,25,1,2289,205,4058,871,509,2011,,
42,6,25,0,,,,,,,,
0,6,25,0,,,,,,,,
24,6,26,0,,,,,,,,
17,6,26,2,2976,1291,2161,1509,762,840,,
0,6,26,0,,,,,,,,
40,6,27,1,2647,1799,1951,1881,1243,9227,,
9,6,27,0,,,,,,,,
0,6,27,0,,,,,,,,
5,6,28,0,,,,,,,,
26,6,28,2,1791,2069,3211,1482,2797,4026,,
0,6,28,0,,,,,,,,
7,6,29,1,2782,1637,2975,1022,1206,4956,,
19,6,29,0,,,,,,,,
0,6,29,0,,,,,,,,
11,6,30,0,,,,,,,,
6,6,30,2,3331,2028,1129,1128,6974,2387,,
0,6,30,0,,,,,,,,
18,6,31,1,1689,1196,3021,1165,1004,2964,,
10,6,31,0,,,,,,,,
0,6,31,0,,,,,,,,
1,6,32,0,,,,,,,,
13,6,32,2,2733,2906,2420,1477,1076,7124,,
0,6,32,0,,,,,,,,
20,7,1,0,,,,,,,,
0,7,1,0,,,,,,,,
40,7,1,2,3327,1501,1224,1707,1873,1937,,
25,7,2,1,3982,1700,1514,1196,1642,1088,,
0,7,2,0,,,,,,,,
2,7,2,0,,,,,,,,
15,7,3,0,,,,,,,,
0,7,3,0,,,,,,,,
14,7,3,2,5571,1339,3007,1823,1630,1167,,
22,7,4,1,5039,4665,1949,1478,1070,1424,,
0,7,4,0,,,,,,,,
8,7,4,0,,,,,,,,
37,7,5,0,,,,,,,,
0,7,5,0,,,,,,,,
35,7,5,2,2415,1485,2624,1015,994,2186,,
28,7,6,1,6195,5544,1521,1534,2749,721,,
0,7,6,0,,,,,,,,
4,7,6,0,,,,,,,,
31,7,7,0,,,,,,,,
0,7,7,0,,,,,,,,
16,7,7,2,6200,2109,1491,2297,1191,1482,,
9,7,8,1,4677,2906,2776,1573,2193,4080,,
0,7,8,0,,,,,,,,
34,7,8,0,,,,,,,,
28,7,9,0,,,,,,,,
0,7,9,0,,,,,,,,
33,7,9,2,3374,4913,3095,1720,1442,1420,,
4,7,10,1,3023,3788,1859,2082,2210,1996,,
0,7,10,0,,,,,,,,
24,7,10,0,,,,,,,,
23,7,11,0,,,,,,,,
38,7,11,2,3832,1360,1080,1687,745,1001,,
0,7,11,0,,,,,,,,
44,7,12,1,3126,4429,2332,1515,1199,559,,
41,7,12,0,,,,,,,,
0,7,12,0,,,,,,,,
19,7,13,0,,,,,,,,
2,7,13,2,6684,4908,3684,2766,1672,1929,,
0,7,13,0,,,,,,,,
42,7,14,1,3677,982,1042,951,1204,582,,
39,7,14,0,,,,,,,,
0,7,14,0,,,,,,,,
33,7,15,0,,,,,,,,
24,7,15,2,4274,2477,2394,2724,2264,996,,
0,7,15,0,,,,,,,,
11,7,16,1,2906,2392,2582,1847,2165,1016,,
10,7,16,0,,,,,,,,
0,7,16,0,,,,,,,,
22,7,17,0,,,,,,,,
3,7,17,2,,,6585,1920,1259,2915,,
0,7,17,0,,,,,,,,
37,7,18,1,2157,2494,2480,1629,,3063,,
11,7,18,0,,,,,,,,
0,7,18,0,,,,,,,,
14,7,19,0,,,,,,,,
20,7,19,2,4113,2206,2032,2006,1614,2104,,
0,7,19,0,,,,,,,,
43,7,20,1,3036,2203,1510,1928,1181,,,
30,7,20,0,,,,,,,,
0,7,20,0,,,,,,,,
27,7,21,0,,,,,,,,
19,7,21,2,3674,1358,562,,4464,1644,,
0,7,21,0,,,,,,,,
7,7,22,1,5643,5130,3387,2057,1424,1930,,
12,7,22,0,,,,,,,,
0,7,22,0,,,,,,,,
42,7,23,0,,,,,,,,
30,7,23,2,4996,1108,1120,1152,1518,963,,
0,7,23,0,,,,,,,,
18,7,24,1,5437,1157,998,2098,1147,2557,,
1,7,24,0,,,,,,,,
0,7,24,0,,,,,,,,
36,7,25,0,,,,,,,,
13,7,25,2,4227,1461,1317,1350,2346,1326,,
0,7,25,0,,,,,,,,
8,7,26,1,6118,4428,1393,1993,1538,1382,,
17,7,26,0,,,,,,,,
0,7,26,0,,,,,,,,
40,7,27,0,,,,,,,,
6,7,27,2,3752,2911,2205,3641,1690,3809,,
0,7,27,0,,,,,,,,
1,7,28,1,12174,3147,7390,3079,1686,6092,,
26,7,28,0,,,,,,,,
0,7,28,0,,,,,,,,
7,7,29,0,,,,,,,,
39,7,29,2,3676,2272,2093,1086,944,613,,
0,7,29,0,,,,,,,,
21,7,30,1,5008,2112,2824,1622,1852,836,,
6,7,30,0,,,,,,,,
0,7,30,0,,,,,,,,
18,7,31,0,,,,,,,,
32,7,31,2,2908,3356,3486,1339,1275,776,,
0,7,31,0,,,,,,,,
31,7,32,1,5831,3993,3581,1283,924,534,,
13,7,32,0,,,,,,,,
0,7,32,0,,,,,,,,
29,8,1,1,1642,2583,1762,841,662,1274,,
0,8,1,0,,,,,,,,
40,8,1,0,,,,,,,,
25,8,2,0,,,,,,,,
0,8,2,0,,,,,,,,
1,8,2,2,3363,2067,1640,1839,1236,1613,,
4,8,3,1,2140,2822,1514,1416,1829,1956,,
0,8,3,0,,,,,,,,
14,8,3,0,,,,,,,,
22,8,4,0,,,,,,,,
0,8,4,0,,,,,,,,
39,8,4,2,873,1814,1269,1508,875,1318,,
22,8,5,1,1576,1065,1307,697,714,856,,
0,8,5,0,,,,,,,,
35,8,5,0,,,,,,,,
28,8,6,0,,,,,,,,
0,8,6,0,,,,,,,,
12,8,6,2,1750,1521,1684,1084,654,951,,
27,8,7,1,1259,1112,1729,1376,733,1040,,
0,8,7,0,,,,,,,,
16,8,7,0,,,,,,,,
9,8,8,0,,,,,,,,
0,8,8,0,,,,,,,,
35,8,8,2,1087,920,717,808,1127,596,,
14,8,9,1,1852,1600,1439,1028,744,849,,
0,8,9,0,,,,,,,,
33,8,9,0,,,,,,,,
4,8,10,0,,,,,,,,
0,8,10,0,,,,,,,,
17,8,10,2,1051,1426,916,1289,1207,1169,,
25,8,11,1,1212,2236,1783,778,524,843,,
38,8,11,0,,,,,,,,
0,8,11,0,,,,,,,,
44,8,12,0,,,,,,,,
3,8,12,2,1487,3727,1610,1705,927,476,,
0,8,12,0,,,,,,,,
6,8,13,1,3367,1084,1920,1724,1136,515,,
2,8,13,0,,,,,,,,
0,8,13,0,,,,,,,,
42,8,14,0,,,,,,,,
7,8,14,2,3686,965,1694,739,1070,745,,
0,8,14,0,,,,,,,,
24,8,15,1,919,1741,1779,1169,1619,1580,,
24,8,15,0,,,,,,,,
0,8,15,0,,,,,,,,
11,8,16,0,,,,,,,,
32,8,16,2,2925,2151,2753,717,1805,643,,
0,8,16,0,,,,,,,,
11,8,17,1,1358,1386,1537,1578,1713,2752,,
3,8,17,0,,,,,,,,
0,8,17,0,,,,,,,,
37,8,18,0,,,,,,,,
21,8,18,2,2040,1155,999,719,2128,984,,
0,8,18,0,,,,,,,,
41,8,19,1,3739,,2275,4287,1632,965,,
20,8,19,0,,,,,,,,
0,8,19,0,,,,,,,,
43,8,20,0,,,,,,,,
8,8,20,2,2524,1483,2112,731,594,466,,
0,8,20,0,,,,,,,,
33,8,21,1,1545,946,1406,885,397,1794,,
19,8,21,0,,,,,,,,
0,8,21,0,,,,,,,,
7,8,22,0,,,,,,,,
34,8,22,2,1685,1784,1776,721,759,865,,
0,8,22,0,,,,,,,,
20,8,23,1,1323,1178,1995,681,830,1093,,
30,8,23,0,,,,,,,,
0,8,23,0,,,,,,,,
18,8,24,0,,,,,,,,
38,8,24,2,924,1090,680,956,742,675,,
0,8,24,0,,,,,,,,
16,8,25,1,1435,2223,1693,1499,710,982,,
13,8,25,0,,,,,,,,
0,8,25,0,,,,,,,,
8,8,26,0,,,,,,,,
31,8,26,2,1296,874,1282,1063,1081,1752,,
0,8,26,0,,,,,,,,
10,8,27,1,2535,1442,1196,1186,1100,3643,,
6,8,27,0,,,,,,,,
0,8,27,0,,,,,,,,
1,8,28,0,,,,,,,,
26,8,28,2,2258,1337,1184,1186,1209,2085,,
0,8,28,0,,,,,,,,
9,8,29,1,4122,2364,1107,922,2213,2189,,
39,8,29,0,,,,,,,,
0,8,29,0,,,,,,,,
21,8,30,0,,,,,,,,
37,8,30,2,1304,1702,1165,922,1494,1091,,
0,8,30,0,,,,,,,,
19,8,31,1,1124,1347,1814,,2030,1493,,
32,8,31,0,,,,,,,,
0,8,31,0,,,,,,,,
31,8,32,0,,,,,,,,
42,8,32,2,2655,1538,1901,1156,1159,694,,
0,8,32,0,,,,,,,,
29,9,1,0,,,,,,,,
0,9,1,0,,,,,,,,
8,9,1,2,4279,3981,2271,3325,2770,5201,,
3,9,2,1,2692,4273,4116,4444,3601,3666,,
0,9,2,0,,,,,,,,
1,9,2,0,,,,,,,,
4,9,3,0,,,,,,,,
0,9,3,0,,,,,,,,
5,9,3,2,3063,1917,1942,3019,2307,6971,,
14,9,4,1,1886,6901,5122,3211,1485,3806,,
0,9,4,0,,,,,,,,
39,9,4,0,,,,,,,,
22,9,5,0,,,,,,,,
0,9,5,0,,,,,,,,
21,9,5,2,2054,2139,3932,1984,1621,4867,,
23,9,6,1,4867,2513,2068,2690,2333,4993,,
0,9,6,0,,,,,,,,
12,9,6,0,,,,,,,,
27,9,7,0,,,,,,,,
0,9,7,0,,,,,,,,
42,9,7,2,2806,1805,4241,2171,1823,5998,,
11,9,8,1,1513,3926,2649,2006,2821,5618,,
0,9,8,0,,,,,,,,
35,9,8,0,,,,,,,,
14,9,9,0,,,,,,,,
0,9,9,0,,,,,,,,
39,9,9,2,1847,2090,1676,1593,1707,2883,,
16,9,10,1,3279,1842,2033,2826,2709,3835,,
0,9,10,0,,,,,,,,
17,9,10,0,,,,,,,,
25,9,11,0,,,,,,,,
18,9,11,2,2399,2626,4175,3267,1243,2284,,
0,9,11,0,,,,,,,,
19,9,12,1,1661,3202,1989,2050,1454,4001,,
3,9,12,0,,,,,,,,
0,9,12,0,,,,,,,,
6,9,13,0,,,,,,,,
7,9,13,2,2886,1721,4175,3693,1802,10364,,
0,9,13,0,,,,,,,,
38,9,14,1,2195,1427,1562,2137,1781,3087,,
7,9,14,0,,,,,,,,
0,9,14,0,,,,,,,,
24,9,15,0,,,,,,,,
30,9,15,2,2854,5499,2033,2353,1930,2911,,
0,9,15,0,,,,,,,,
2,9,16,1,3510,4015,3813,4589,1257,3162,,
32,9,16,0,,,,,,,,
0,9,16,0,,,,,,,,
11,9,17,0,,,,,,,,
36,9,17,2,2860,4102,2895,2000,1902,3888,,
0,9,17,0,,,,,,,,
26,9,18,1,3329,2885,3314,3903,1449,4731,,
21,9,18,0,,,,,,,,
0,9,18,0,,,,,,,,
41,9,19,0,,,,,,,,
33,9,19,2,2897,2567,3329,1754,2373,4042,,
0,9,19,0,,,,,,,,
28,9,20,1,4523,2599,3981,4349,2932,1748,,
8,9,20,0,,,,,,,,
0,9,20,0,,,,,,,,
33,9,21,0,,,,,,,,
13,9,21,2,3982,3027,2536,3428,1809,5180,,
0,9,21,0,,,,,,,,
27,9,22,1,1953,3574,2508,1555,1896,2349,,
34,9,22,0,,,,,,,,
0,9,22,0,,,,,,,,
20,9,23,0,,,,,,,,
34,9,23,2,2727,2301,1904,2945,1729,5805,,
0,9,23,0,,,,,,,,
35,9,24,1,3881,2560,2261,2496,1072,4839,,
38,9,24,0,,,,,,,,
0,9,24,0,,,,,,,,
16,9,25,0,,,,,,,,
1,9,25,2,4860,3429,3510,3900,2671,3832,,
0,9,25,0,,,,,,,,
29,9,26,1,2737,1964,2330,1597,1891,2001,,
31,9,26,0,,,,,,,,
0,9,26,0,,,,,,,,
10,9,27,0,,,,,,,,
41,9,27,2,2955,3021,2548,3765,1588,3040,,
0,9,27,0,,,,,,,,
20,9,28,1,5974,1951,2091,2880,1427,7577,,
26,9,28,0,,,,,,,,
0,9,28,0,,,,,,,,
9,9,29,0,,,,,,,,
31,9,29,2,8132,3704,5316,3534,2280,2270,,
0,9,29,0,,,,,,,,
32,9,30,1,3123,3340,3266,3887,3346,2994,,
37,9,30,0,,,,,,,,
0,9,30,0,,,,,,,,
19,9,31,0,,,,,,,,
10,9,31,2,3182,3560,3207,3770,1659,5075,,
0,9,31,0,,,,,,,,
37,9,32,1,1881,2826,1687,2452,1746,1425,,
42,9,32,0,,,,,,,,
0,9,32,0,,,,,,,,
39,10,1,1,1832,1604,1055,1196,1495,3066,,
0,10,1,0,,,,,,,,
8,10,1,0,,,,,,,,
3,10,2,0,,,,,,,,
0,10,2,0,,,,,,,,
35,10,2,2,1833,1676,1606,1209,2007,2126,,
28,10,3,1,2208,878,1028,1271,743,2334,,
0,10,3,0,,,,,,,,
5,10,3,0,,,,,,,,
14,10,4,0,,,,,,,,
0,10,4,0,,,,,,,,
16,10,4,2,1240,2385,954,1271,1281,1357,,
21,10,5,1,1645,951,941,797,1321,1215,,
0,10,5,0,,,,,,,,
21,10,5,0,,,,,,,,
23,10,6,0,,,,,,,,
0,10,6,0,,,,,,,,
25,10,6,2,1211,3039,1502,1232,1039,2598,,
30,10,7,1,1440,1659,1650,1591,1055,1372,,
0,10,7,0,,,,,,,,
42,10,7,0,,,,,,,,
11,10,8,0,,,,,,,,
0,10,8,0,,,,,,,,
7,10,8,2,1094,2219,861,882,1324,2673,,
14,10,9,1,3909,1027,1628,1236,673,6801,,
0,10,9,0,,,,,,,,
39,10,9,0,,,,,,,,
16,10,10,0,,,,,,,,
0,10,10,0,,,,,,,,
41,10,10,2,915,1723,996,873,722,1216,,
2,10,11,1,1502,2187,2316,1105,976,1417,,
18,10,11,0,,,,,,,,
0,10,11,0,,,,,,,,
19,10,12,0,,,,,,,,
5,10,12,2,1851,3350,1139,2556,1592,2673,,
0,10,12,0,,,,,,,,
43,10,13,1,1455,1051,1258,1410,1181,2824,,
7,10,13,0,,,,,,,,
0,10,13,0,,,,,,,,
38,10,14,0,,,,,,,,
33,10,14,2,853,1350,2821,1326,920,1816,,
0,10,14,0,,,,,,,,
9,10,15,1,951,813,1579,1018,1533,1244,,
30,10,15,0,,,,,,,,
0,10,15,0,,,,,,,,
2,10,16,0,,,,,,,,
11,10,16,2,1356,1304,3060,2313,658,932,,
0,10,16,0,,,,,,,,
34,10,17,1,1927,2015,1990,843,906,2873,,
36,10,17,0,,,,,,,,
0,10,17,0,,,,,,,,
26,10,18,0,,,,,,,,
23,10,18,2,972,2918,1090,1177,627,2178,,
0,10,18,0,,,,,,,,
1,10,19,1,2848,2029,1269,1118,1541,3452,,
33,10,19,0,,,,,,,,
0,10,19,0,,,,,,,,
28,10,20,0,,,,,,,,
10,10,20,2,2237,1418,2125,1020,594,1173,,
0,10,20,0,,,,,,,,
20,10,21,1,1446,778,605,1065,888,1505,,
13,10,21,0,,,,,,,,
0,10,21,0,,,,,,,,
27,10,22,0,,,,,,,,
38,10,22,2,867,1435,1424,1047,1241,1878,,
0,10,22,0,,,,,,,,
24,10,23,1,1399,1113,1980,825,884,1545,,
34,10,23,0,,,,,,,,
0,10,23,0,,,,,,,,
35,10,24,0,,,,,,,,
37,10,24,2,1354,2385,1109,1871,757,4311,,
0,10,24,0,,,,,,,,
13,10,25,1,1002,911,791,1092,1091,4163,,
1,10,25,0,,,,,,,,
0,10,25,0,,,,,,,,
29,10,26,0,,,,,,,,
19,10,26,2,1211,1491,1296,1106,896,1521,,
0,10,26,0,,,,,,,,
3,10,27,1,,3894,1164,1735,759,1670,,
41,10,27,0,,,,,,,,
0,10,27,0,,,,,,,,
20,10,28,0,,,,,,,,
12,10,28,2,2098,1648,1397,1325,947,4809,,
0,10,28,0,,,,,,,,
18,10,29,1,1832,2121,1693,1479,2727,3523,,
31,10,29,0,,,,,,,,
0,10,29,0,,,,,,,,
32,10,30,0,,,,,,,,
4,10,30,2,2708,2454,1501,1726,1287,7917,,
0,10,30,0,,,,,,,,
6,10,31,1,1399,1204,1849,1586,1129,1175,,
10,10,31,0,,,,,,,,
0,10,31,0,,,,,,,,
37,10,32,0,,,,,,,,
32,10,32,2,837,1227,1629,891,1248,854,,
0,10,32,0,,,,,,,,
39,11,1,0,,,,,,,,
0,11,1,0,,,,,,,,
25,11,1,2,2226,4553,770,1024,753,6420,,
12,11,2,1,1014,1973,1500,1895,2866,4808,,
0,11,2,0,,,,,,,,
35,11,2,0,,,,,,,,
28,11,3,0,,,,,,,,
0,11,3,0,,,,,,,,
27,11,3,2,1355,1500,632,1135,962,3766,,
40,11,4,1,1772,3631,842,1185,2139,7933,,
0,11,4,0,,,,,,,,
16,11,4,0,,,,,,,,
21,11,5,0,,,,,,,,
0,11,5,0,,,,,,,,
22,11,5,2,1429,943,972,875,1286,10182,,
7,11,6,1,325,855,716,1203,656,4686,,
0,11,6,0,,,,,,,,
25,11,6,0,,,,,,,,
30,11,7,0,,,,,,,,
0,11,7,0,,,,,,,,
10,11,7,2,1443,663,711,683,411,2889,,
14,11,8,1,4028,609,1158,447,1048,3328,,
0,11,8,0,,,,,,,,
7,11,8,0,,,,,,,,
14,11,9,0,,,,,,,,
0,11,9,0,,,,,,,,
4,11,9,2,655,1538,3463,1052,762,4611,,
29,11,10,1,475,746,765,1371,919,5388,,
0,11,10,0,,,,,,,,
41,11,10,0,,,,,,,,
2,11,11,0,,,,,,,,
38,11,11,2,1042,796,496,874,637,3672,,
0,11,11,0,,,,,,,,
24,11,12,1,717,1589,1163,1003,906,4314,,
5,11,12,0,,,,,,,,
0,11,12,0,,,,,,,,
43,11,13,0,,,,,,,,
9,11,13,2,1666,2783,1896,696,818,3689,,
0,11,13,0,,,,,,,,
33,11,14,1,368,,3129,534,680,1848,,
33,11,14,0,,,,,,,,
0,11,14,0,,,,,,,,
9,11,15,0,,,,,,,,
1,11,15,2,854,966,2005,905,835,4426,,
0,11,15,0,,,,,,,,
3,11,16,1,1306,,6299,641,558,542,,
11,11,16,0,,,,,,,,
0,11,16,0,,,,,,,,
34,11,17,0,,,,,,,,
16,11,17,2,1088,2495,1012,606,1378,13781,,
0,11,17,0,,,,,,,,
32,11,18,1,1697,1414,1616,1547,1103,5006,,
23,11,18,0,,,,,,,,
0,11,18,0,,,,,,,,
1,11,19,0,,,,,,,,
34,11,19,2,613,826,527,586,990,4420,,
0,11,19,0,,,,,,,,
18,11,20,1,1262,752,790,900,975,4224,,
10,11,20,0,,,,,,,,
0,11,20,0,,,,,,,,
20,11,21,0,,,,,,,,
35,11,21,2,,2222,431,740,860,5967,,
0,11,21,0,,,,,,,,
6,11,22,1,539,1512,935,844,601,7401,,
38,11,22,0,,,,,,,,
0,11,22,0,,,,,,,,
24,11,23,0,,,,,,,,
36,11,23,2,1082,1187,2698,1058,1635,17743,,
0,11,23,0,,,,,,,,
42,11,24,1,1088,1613,1118,759,463,1524,,
37,11,24,0,,,,,,,,
0,11,24,0,,,,,,,,
13,11,25,0,,,,,,,,
20,11,25,2,813,881,1898,1088,514,3864,,
0,11,25,0,,,,,,,,
37,11,26,1,1186,731,1247,809,779,11050,,
19,11,26,0,,,,,,,,
0,11,26,0,,,,,,,,
3,11,27,0,,,,,,,,
2,11,27,2,1325,713,1553,877,327,1169,,
0,11,27,0,,,,,,,,
31,11,28,1,1160,2013,2139,900,767,5474,,
12,11,28,0,,,,,,,,
0,11,28,0,,,,,,,,
18,11,29,0,,,,,,,,
21,11,29,2,844,1446,932,926,848,5489,,
0,11,29,0,,,,,,,,
19,11,30,1,436,3099,642,785,469,1019,,
4,11,30,0,,,,,,,,
0,11,30,0,,,,,,,,
6,11,31,0,,,,,,,,
39,11,31,2,1149,1666,1046,846,851,4603,,
0,11,31,0,,,,,,,,
17,11,32,1,505,1072,760,1477,757,2909,,
32,11,32,0,,,,,,,,
0,11,32,0,,,,,,,,
12,12,1,1,1972,1806,1808,1587,1334,899,,
0,12,1,0,,,,,,,,
25,12,1,0,,,,,,,,
12,12,2,0,,,,,,,,
0,12,2,0,,,,,,,,
10,12,2,2,2105,2069,1903,1637,1507,832,,
40,12,3,1,1925,2403,2293,1995,1384,2219,,
0,12,3,0,,,,,,,,
27,12,3,0,,,,,,,,
40,12,4,0,,,,,,,,
0,12,4,0,,,,,,,,
21,12,4,2,3011,2869,1702,2019,1341,1796,,
35,12,5,1,2596,1883,2020,1381,1038,1454,,
0,12,5,0,,,,,,,,
22,12,5,0,,,,,,,,
7,12,6,0,,,,,,,,
0,12,6,0,,,,,,,,
27,12,6,2,1379,2339,1904,1955,3044,1846,,
38,12,7,1,2463,2235,1836,2476,1489,2001,,
0,12,7,0,,,,,,,,
10,12,7,0,,,,,,,,
14,12,8,0,,,,,,,,
0,12,8,0,,,,,,,,
16,12,8,2,1177,1910,1724,1044,2138,1815,,
25,12,9,1,1346,2053,2679,2296,1845,1910,,
0,12,9,0,,,,,,,,
4,12,9,0,,,,,,,,
29,12,10,0,,,,,,,,
0,12,10,0,,,,,,,,
7,12,10,2,1188,1589,1498,1297,1222,845,,
42,12,11,1,1081,1993,1566,2205,1048,989,,
38,12,11,0,,,,,,,,
0,12,11,0,,,,,,,,
24,12,12,0,,,,,,,,
14,12,12,2,1185,2676,1585,2296,1449,992,,
0,12,12,0,,,,,,,,
23,12,13,1,1571,2018,2184,1945,1337,1093,,
9,12,13,0,,,,,,,,
0,12,13,0,,,,,,,,
33,12,14,0,,,,,,,,
37,12,14,2,1172,996,1293,1172,1043,530,,
0,12,14,0,,,,,,,,
30,12,15,1,1012,1409,1904,2392,994,853,,
1,12,15,0,,,,,,,,
0,12,15,0,,,,,,,,
3,12,16,0,,,,,,,,
20,12,16,2,1470,1538,2526,1653,999,999,,
0,12,16,0,,,,,,,,
18,12,17,1,1245,1693,2206,1403,1067,1429,,
16,12,17,0,,,,,,,,
0,12,17,0,,,,,,,,
32,12,18,0,,,,,,,,
29,12,18,2,1714,1975,1820,1306,1251,1541,,
0,12,18,0,,,,,,,,
2,12,19,1,3126,2648,1916,1086,1618,1765,,
34,12,19,0,,,,,,,,
0,12,19,0,,,,,,,,
18,12,20,0,,,,,,,,
9,12,20,2,1498,2026,2265,2230,1099,912,,
0,12,20,0,,,,,,,,
5,12,21,1,1779,1109,1239,1920,1511,1601,,
35,12,21,0,,,,,,,,
0,12,21,0,,,,,,,,
6,12,22,0,,,,,,,,
19,12,22,2,929,1882,1934,886,1919,1865,,
0,12,22,0,,,,,,,,
34,12,23,1,2058,1441,1138,1346,1460,1061,,
36,12,23,0,,,,,,,,
0,12,23,0,,,,,,,,
42,12,24,0,,,,,,,,
32,12,24,2,2273,1803,1741,2128,1051,883,,
0,12,24,0,,,,,,,,
33,12,25,1,1683,2991,2341,1670,1003,1224,,
20,12,25,0,,,,,,,,
0,12,25,0,,,,,,,,
37,12,26,0,,,,,,,,
1,12,26,2,2309,1831,1989,1486,1396,1817,,
0,12,26,0,,,,,,,,
4,12,27,1,2477,3023,1941,2439,1220,1418,,
2,12,27,0,,,,,,,,
0,12,27,0,,,,,,,,
31,12,28,0,,,,,,,,
15,12,28,2,1982,1205,2546,1667,1258,1852,,
0,12,28,0,,,,,,,,
31,12,29,1,2106,2212,1738,2265,2582,2138,,
21,12,29,0,,,,,,,,
0,12,29,0,,,,,,,,
19,12,30,0,,,,,,,,
6,12,30,2,1788,1485,1622,1977,1263,1699,,
0,12,30,0,,,,,,,,
3,12,31,1,1787,3369,2439,2030,1231,1567,,
39,12,31,0,,,,,,,,
0,12,31,0,,,,,,,,
17,12,32,0,,,,,,,,
24,12,32,2,1628,1991,2762,2412,1739,1221,,
0,12,32,0,,,,,,,,
12,13,1,0,,,,,,,,
0,13,1,0,,,,,,,,
26,13,1,2,2072,1856,1184,1389,1446,1092,,
12,13,2,1,2669,4167,3308,4134,4040,2174,,
0,13,2,0,,,,,,,,
10,13,2,0,,,,,,,,
40,13,3,0,,,,,,,,
0,13,3,0,,,,,,,,
28,13,3,2,2046,1961,1903,2475,1381,2571,,
41,13,4,1,2334,2825,1342,1614,1138,964,,
0,13,4,0,,,,,,,,
21,13,4,0,,,,,,,,
35,13,5,0,,,,,,,,
0,13,5,0,,,,,,,,
22,13,5,2,2731,1658,1980,1262,971,1239,,
7,13,6,1,1565,2719,2769,2226,2242,2025,,
0,13,6,0,,,,,,,,
27,13,6,0,,,,,,,,
38,13,7,0,,,,,,,,
0,13,7,0,,,,,,,,
10,13,7,2,3837,3374,4160,3137,1321,1878,,
14,13,8,1,1401,1801,2163,2615,2241,2131,,
0,13,8,0,,,,,,,,
16,13,8,0,,,,,,,,
25,13,9,0,,,,,,,,
0,13,9,0,,,,,,,,
4,13,9,2,2121,2371,2409,2010,1234,2940,,
30,13,10,1,1891,1695,1226,1224,2037,1228,,
0,13,10,0,,,,,,,,
7,13,10,0,,,,,,,,
42,13,11,0,,,,,,,,
39,13,11,2,1263,2334,1917,2083,1015,1175,,
0,13,11,0,,,,,,,,
24,13,12,1,2155,2417,2026,2060,2382,1626,,
14,13,12,0,,,,,,,,
0,13,12,0,,,,,,,,
23,13,13,0,,,,,,,,
9,13,13,2,4756,1770,4335,3719,2211,3358,,
0,13,13,0,,,,,,,,
34,13,14,1,1827,1347,2229,1880,1568,2794,,
37,13,14,0,,,,,,,,
0,13,14,0,,,,,,,,
30,13,15,0,,,,,,,,
1,13,15,2,1936,3506,2624,2078,1469,1011,,
0,13,15,0,,,,,,,,
3,13,16,1,2555,2603,2574,1299,1172,1138,,
20,13,16,0,,,,,,,,
0,13,16,0,,,,,,,,
18,13,17,0,,,,,,,,
16,13,17,2,3351,3265,3851,2859,1583,2346,,
0,13,17,0,,,,,,,,
33,13,18,1,2785,2394,3083,2194,3533,1411,,
29,13,18,0,,,,,,,,
0,13,18,0,,,,,,,,
2,13,19,0,,,,,,,,
35,13,19,2,2215,2872,5201,1802,2180,2767,,
0,13,19,0,,,,,,,,
18,13,20,1,3418,2950,2924,1929,1175,1136,,
9,13,20,0,,,,,,,,
0,13,20,0,,,,,,,,
5,13,21,0,,,,,,,,
36,13,21,2,2331,1731,1466,1646,1291,2557,,
0,13,21,0,,,,,,,,
6,13,22,1,1855,2985,2098,2815,2032,1586,,
19,13,22,0,,,,,,,,
0,13,22,0,,,,,,,,
34,13,23,0,,,,,,,,
37,13,23,2,2151,3272,1814,1168,1934,1976,,
0,13,23,0,,,,,,,,
43,13,24,1,2434,1609,1149,1636,909,1082,,
32,13,24,0,,,,,,,,
0,13,24,0,,,,,,,,
33,13,25,0,,,,,,,,
20,13,25,2,2807,3071,2311,2858,1962,1141,,
0,13,25,0,,,,,,,,
38,13,26,1,2080,2743,2141,1838,1278,1677,,
1,13,26,0,,,,,,,,
0,13,26,0,,,,,,,,
4,13,27,0,,,,,,,,
2,13,27,2,2108,1928,1784,2709,1514,1908,,
0,13,27,0,,,,,,,,
32,13,28,1,2813,1986,2487,1990,1504,3920,,
15,13,28,0,,,,,,,,
0,13,28,0,,,,,,,,
31,13,29,0,,,,,,,,
21,13,29,2,4519,2488,1802,4576,2003,1679,,
0,13,29,0,,,,,,,,
19,13,30,1,2813,4272,4536,2694,3103,3752,,
6,13,30,0,,,,,,,,
0,13,30,0,,,,,,,,
3,13,31,0,,,,,,,,
40,13,31,2,2712,2461,2069,1558,2575,1450,,
0,13,31,0,,,,,,,,
17,13,32,1,1976,2006,1203,2556,1191,718,,
24,13,32,0,,,,,,,,
0,13,32,0,,,,,,,,
12,14,1,1,1931,2104,839,749,826,3744,,
0,14,1,0,,,,,,,,
26,14,1,0,,,,,,,,
12,14,2,0,,,,,,,,
0,14,2,0,,,,,,,,
6,14,2,2,1679,1902,1483,1122,751,1622,,
31,14,3,1,1859,840,3137,1216,763,922,,
0,14,3,0,,,,,,,,
28,14,3,0,,,,,,,,
41,14,4,0,,,,,,,,
0,14,4,0,,,,,,,,
33,14,4,2,1202,6656,959,793,762,2239,,
26,14,5,1,877,753,819,582,507,1248,,
0,14,5,0,,,,,,,,
22,14,5,0,,,,,,,,
7,14,6,0,,,,,,,,
0,14,6,0,,,,,,,,
10,14,6,2,894,916,762,834,1373,670,,
28,14,7,1,1267,877,1308,1215,977,2744,,
0,14,7,0,,,,,,,,
10,14,7,0,,,,,,,,
14,14,8,0,,,,,,,,
0,14,8,0,,,,,,,,
38,14,8,2,1646,1110,873,642,3849,1333,,
1,14,9,1,1236,1818,1305,2172,6986,719,,
0,14,9,0,,,,,,,,
4,14,9,0,,,,,,,,
30,14,10,0,,,,,,,,
0,14,10,0,,,,,,,,
16,14,10,2,816,940,849,704,648,1467,,
25,14,11,1,1206,1104,1437,522,401,491,,
39,14,11,0,,,,,,,,
0,14,11,0,,,,,,,,
24,14,12,0,,,,,,,,
20,14,12,2,1133,2037,728,1108,710,330,,
0,14,12,0,,,,,,,,
5,14,13,1,1588,1094,1031,980,1078,1228,,
9,14,13,0,,,,,,,,
0,14,13,0,,,,,,,,
34,14,14,0,,,,,,,,
42,14,14,2,1816,3778,696,1178,817,1585,,
0,14,14,0,,,,,,,,
23,14,15,1,483,1016,801,610,522,535,,
1,14,15,0,,,,,,,,
0,14,15,0,,,,,,,,
3,14,16,0,,,,,,,,
4,14,16,2,2830,3176,1171,723,535,658,,
0,14,16,0,,,,,,,,
36,14,17,1,1778,1048,1184,707,665,1518,,
16,14,17,0,,,,,,,,
0,14,17,0,,,,,,,,
33,14,18,0,,,,,,,,
14,14,18,2,909,1794,1195,1214,958,2371,,
0,14,18,0,,,,,,,,
30,14,19,1,1749,1191,1993,926,3761,1857,,
35,14,19,0,,,,,,,,
0,14,19,0,,,,,,,,
18,14,20,0,,,,,,,,
15,14,20,2,1411,1251,2072,876,583,2604,,
0,14,20,0,,,,,,,,
8,14,21,1,3289,2177,2379,2465,1038,760,,
36,14,21,0,,,,,,,,
0,14,21,0,,,,,,,,
6,14,22,0,,,,,,,,
41,14,22,2,1627,1187,1069,2133,996,1745,,
0,14,22,0,,,,,,,,
21,14,23,1,829,992,1211,727,626,1633,,
37,14,23,0,,,,,,,,
0,14,23,0,,,,,,,,
43,14,24,0,,,,,,,,
19,14,24,2,1500,969,780,625,501,727,,
0,14,24,0,,,,,,,,
3,14,25,1,1003,2111,1056,2466,709,580,,
20,14,25,0,,,,,,,,
0,14,25,0,,,,,,,,
38,14,26,0,,,,,,,,
40,14,26,2,3807,3601,966,820,938,1064,,
0,14,26,0,,,,,,,,
18,14,27,1,5338,1278,1344,3660,1441,933,,
2,14,27,0,,,,,,,,
0,14,27,0,,,,,,,,
32,14,28,0,,,,,,,,
22,14,28,2,1729,827,1079,794,1346,1909,,
0,14,28,0,,,,,,,,
24,14,29,1,1234,1567,1013,904,686,1102,,
21,14,29,0,,,,,,,,
0,14,29,0,,,,,,,,
19,14,30,0,,,,,,,,
37,14,30,2,1338,1581,1261,1454,2640,2107,,
0,14,30,0,,,,,,,,
35,14,31,1,2492,2816,2533,603,780,733,,
40,14,31,0,,,,,,,,
0,14,31,0,,,,,,,,
17,14,32,0,,,,,,,,
9,14,32,2,1934,1273,1251,1518,3007,2090,,
0,14,32,0,,,,,,,,
12,15,1,0,,,,,,,,
0,15,1,0,,,,,,,,
36,15,1,2,1510,1518,1027,728,865,921,,
29,15,2,1,1734,1353,979,1131,837,898,,
0,15,2,0,,,,,,,,
6,15,2,0,,,,,,,,
31,15,3,0,,,,,,,,
0,15,3,0,,,,,,,,
1,15,3,2,1992,1135,1779,2276,1541,2715,,
22,15,4,1,1394,2830,967,3594,1902,1100,,
0,15,4,0,,,,,,,,
33,15,4,0,,,,,,,,
26,15,5,0,,,,,,,,
0,15,5,0,,,,,,,,
10,15,5,2,2000,1471,2356,757,1046,1630,,
5,15,6,1,1878,2156,2083,3902,1811,1199,,
0,15,6,0,,,,,,,,
10,15,6,0,,,,,,,,
28,15,7,0,,,,,,,,
0,15,7,0,,,,,,,,
20,15,7,2,995,1875,1349,924,1643,1521,,
3,15,8,1,5196,2470,1635,1325,1987,4901,,
0,15,8,0,,,,,,,,
38,15,8,0,,,,,,,,
1,15,9,0,,,,,,,,
0,15,9,0,,,,,,,,
38,15,9,2,793,1210,838,1072,714,1352,,
16,15,10,1,1785,1109,847,1092,1176,1470,,
0,15,10,0,,,,,,,,
16,15,10,0,,,,,,,,
25,15,11,0,,,,,,,,
28,15,11,2,1057,1324,847,965,627,1688,,
0,15,11,0,,,,,,,,
43,15,12,1,1019,889,927,1867,508,724,,
20,15,12,0,,,,,,,,
0,15,12,0,,,,,,,,
5,15,13,0,,,,,,,,
27,15,13,2,2107,776,1097,1188,1208,1402,,
0,15,13,0,,,,,,,,
26,15,14,1,1294,1117,775,1429,1258,989,,
42,15,14,0,,,,,,,,
0,15,14,0,,,,,,,,
23,15,15,0,,,,,,,,
25,15,15,2,771,1342,1665,1827,1005,1011,,
0,15,15,0,,,,,,,,
8,15,16,1,2064,4071,1561,1128,868,1130,,
4,15,16,0,,,,,,,,
0,15,16,0,,,,,,,,
36,15,17,0,,,,,,,,
13,15,17,2,2383,3022,1830,1299,2045,1661,,
0,15,17,0,,,,,,,,
19,15,18,1,786,1856,1412,1493,1035,1114,,
14,15,18,0,,,,,,,,
0,15,18,0,,,,,,,,
30,15,19,0,,,,,,,,
7,15,19,2,1903,3212,2280,1122,1106,3762,,
0,15,19,0,,,,,,,,
33,15,20,1,2557,1510,1184,1400,940,645,,
15,15,20,0,,,,,,,,
0,15,20,0,,,,,,,,
8,15,21,0,,,,,,,,
9,15,21,2,3171,1480,986,1539,811,3731,,
0,15,21,0,,,,,,,,
34,15,22,1,570,1443,945,658,1007,998,,
41,15,22,0,,,,,,,,
0,15,22,0,,,,,,,,
21,15,23,0,,,,,,,,
14,15,23,2,1040,1016,1294,999,1101,975,,
0,15,23,0,,,,,,,,
40,15,24,1,989,826,684,1053,337,681,,
19,15,24,0,,,,,,,,
0,15,24,0,,,,,,,,
3,15,25,0,,,,,,,,
41,15,25,2,1476,1336,764,1148,572,1384,,
0,15,25,0,,,,,,,,
31,15,26,1,1395,1058,825,1216,661,1281,,
40,15,26,0,,,,,,,,
0,15,26,0,,,,,,,,
18,15,27,0,,,,,,,,
42,15,27,2,769,1352,1055,1284,744,1625,,
0,15,27,0,,,,,,,,
15,15,28,1,1550,1296,2100,1617,809,1977,,
22,15,28,0,,,,,,,,
0,15,28,0,,,,,,,,
24,15,29,0,,,,,,,,
12,15,29,2,1223,1835,1725,1204,1367,1591,,
0,15,29,0,,,,,,,,
18,15,30,1,1350,1794,1220,1226,763,1958,,
37,15,30,0,,,,,,,,
0,15,30,0,,,,,,,,
35,15,31,0,,,,,,,,
32,15,31,2,1463,1201,786,898,858,1259,,
0,15,31,0,,,,,,,,
35,15,32,1,1258,1742,1167,1837,677,647,,
9,15,32,0,,,,,,,,
0,15,32,0,,,,,,,,
37,16,1,1,1975,3252,1689,4647,1474,1558,,
0,16,1,0,,,,,,,,
36,16,1,0,,,,,,,,
29,16,2,0,,,,,,,,
0,16,2,0,,,,,,,,
16,16,2,2,4099,4294,3397,3629,1456,2418,,
25,16,3,1,2952,2180,2428,4065,1607,1654,,
0,16,3,0,,,,,,,,
1,16,3,0,,,,,,,,
22,16,4,0,,,,,,,,
0,16,4,0,,,,,,,,
14,16,4,2,1287,3488,1780,2495,2821,3309,,
4,16,5,1,2373,2699,1681,2208,2239,1334,,
0,16,5,0,,,,,,,,
10,16,5,0,,,,,,,,
5,16,6,0,,,,,,,,
0,16,6,0,,,,,,,,
41,16,6,2,1802,2680,2203,1449,1127,635,,
10,16,7,1,2389,2439,1661,4055,859,1724,,
0,16,7,0,,,,,,,,
20,16,7,0,,,,,,,,
3,16,8,0,,,,,,,,
0,16,8,0,,,,,,,,
19,16,8,2,2426,1941,1199,1258,1395,2186,,
2,16,9,1,1618,2578,2131,1409,1449,2077,,
0,16,9,0,,,,,,,,
38,16,9,0,,,,,,,,
16,16,10,0,,,,,,,,
0,16,10,0,,,,,,,,
35,16,10,2,1302,2192,2152,1640,1376,864,,
12,16,11,1,2291,5254,2969,1849,700,778,,
28,16,11,0,,,,,,,,
0,16,11,0,,,,,,,,
43,16,12,0,,,,,,,,
31,16,12,2,1454,3753,2287,2309,2590,507,,
0,16,12,0,,,,,,,,
28,16,13,1,4254,2163,2475,4727,1835,2846,,
27,16,13,0,,,,,,,,
0,16,13,0,,,,,,,,
26,16,14,0,,,,,,,,
18,16,14,2,2267,2209,2028,1187,931,941,,
0,16,14,0,,,,,,,,
1,16,15,1,1726,4274,3991,2129,2092,1130,,
25,16,15,0,,,,,,,,
0,16,15,0,,,,,,,,
8,16,16,0,,,,,,,,
43,16,16,2,2524,1544,1608,1566,854,851,,
0,16,16,0,,,,,,,,
8,16,17,1,2265,1542,2590,1194,1331,2885,,
13,16,17,0,,,,,,,,
0,16,17,0,,,,,,,,
19,16,18,0,,,,,,,,
13,16,18,2,1921,3026,4083,1255,1660,1773,,
0,16,18,0,,,,,,,,
6,16,19,1,2208,2382,3953,1165,1357,3724,,
7,16,19,0,,,,,,,,
0,16,19,0,,,,,,,,
33,16,20,0,,,,,,,,
23,16,20,2,3344,2729,2429,2325,836,1464,,
0,16,20,0,,,,,,,,
9,16,21,1,3367,1847,3196,3901,1656,1006,,
9,16,21,0,,,,,,,,
0,16,21,0,,,,,,,,
34,16,22,0,,,,,,,,
32,16,22,2,1533,2376,2431,966,3830,979,,
0,16,22,0,,,,,,,,
30,16,23,1,2023,2624,2251,1133,1096,1366,,
14,16,23,0,,,,,,,,
0,16,23,0,,,,,,,,
40,16,24,0,,,,,,,,
24,16,24,2,5875,1899,2609,1799,2894,1002,,
0,16,24,0,,,,,,,,
27,16,25,1,2239,2081,1360,3310,854,1841,,
41,16,25,0,,,,,,,,
0,16,25,0,,,,,,,,
31,16,26,0,,,,,,,,
40,16,26,2,1820,2514,2307,1104,2365,1075,,
0,16,26,0,,,,,,,,
39,16,27,1,2233,2026,1845,2050,750,1288,,
42,16,27,0,,,,,,,,
0,16,27,0,,,,,,,,
15,16,28,0,,,,,,,,
34,16,28,2,3045,2796,2603,2743,993,3472,,
0,16,28,0,,,,,,,,
7,16,29,1,3681,2330,2987,2297,1351,1199,,
12,16,29,0,,,,,,,,
0,16,29,0,,,,,,,,
18,16,30,0,,,,,,,,
22,16,30,2,2981,3102,2577,3014,1898,1840,,
0,16,30,0,,,,,,,,
21,16,31,1,2849,2811,2049,1010,1477,1412,,
32,16,31,0,,,,,,,,
0,16,31,0,,,,,,,,
35,16,32,0,,,,,,,,
33,16,32,2,1538,3882,2084,2379,1635,432,,
0,16,32,0,,,,,,,,
37,17,1,0,,,,,,,,
0,17,1,0,,,,,,,,
27,17,1,2,2771,4785,2343,1720,1409,1759,,
11,17,2,1,4358,2711,6309,2578,2095,7730,,
0,17,2,0,,,,,,,,
16,17,2,0,,,,,,,,
25,17,3,0,,,,,,,,
0,17,3,0,,,,,,,,
7,17,3,2,1596,2146,1778,2396,1988,2314,,
36,17,4,1,2409,3582,1522,1478,876,1004,,
0,17,4,0,,,,,,,,
14,17,4,0,,,,,,,,
4,17,5,0,,,,,,,,
0,17,5,0,,,,,,,,
1,17,5,2,4117,2762,14518,1644,3071,6112,,
15,17,6,1,1260,3622,1831,1889,2005,1865,,
0,17,6,0,,,,,,,,
41,17,6,0,,,,,,,,
10,17,7,0,,,,,,,,
0,17,7,0,,,,,,,,
9,17,7,2,4005,2425,2468,9547,1108,1407,,
23,17,8,1,1459,1854,2640,1291,2742,3241,,
0,17,8,0,,,,,,,,
19,17,8,0,,,,,,,,
2,17,9,0,,,,,,,,
0,17,9,0,,,,,,,,
18,17,9,2,2525,2193,1906,3208,3978,2005,,
30,17,10,1,1026,2109,1996,1851,1307,1381,,
0,17,10,0,,,,,,,,
35,17,10,0,,,,,,,,
12,17,11,0,,,,,,,,
32,17,11,2,1431,5263,12898,1719,853,1242,,
0,17,11,0,,,,,,,,
40,17,12,1,989,2609,2871,6783,2412,979,,
31,17,12,0,,,,,,,,
0,17,12,0,,,,,,,,
28,17,13,0,,,,,,,,
20,17,13,2,2286,1701,2640,2277,2529,2344,,
0,17,13,0,,,,,,,,
42,17,14,1,1409,1852,3968,3931,,3590,,
18,17,14,0,,,,,,,,
0,17,14,0,,,,,,,,
1,17,15,0,,,,,,,,
25,17,15,2,987,1281,3211,1782,2275,2213,,
0,17,15,0,,,,,,,,
29,17,16,1,1275,1873,1369,1459,1013,,,
43,17,16,0,,,,,,,,
0,17,16,0,,,,,,,,
8,17,17,0,,,,,,,,
34,17,17,2,1726,3572,2314,1331,1555,5561,,
0,17,17,0,,,,,,,,
4,17,18,1,1901,5397,1896,4806,1786,2109,,
13,17,18,0,,,,,,,,
0,17,18,0,,,,,,,,
6,17,19,0,,,,,,,,
5,17,19,2,2321,6647,,5485,2243,3203,,
0,17,19,0,,,,,,,,
41,17,20,1,4101,2299,2179,2788,1291,12552,,
23,17,20,0,,,,,,,,
0,17,20,0,,,,,,,,
9,17,21,0,,,,,,,,
26,17,21,2,3084,2258,2337,1832,2132,1752,,
0,17,21,0,,,,,,,,
39,17,22,1,1681,1294,1268,1041,1542,2692,,
32,17,22,0,,,,,,,,
0,17,22,0,,,,,,,,
30,17,23,0,,,,,,,,
38,17,23,2,1338,3291,3397,1512,1450,2492,,
0,17,23,0,,,,,,,,
13,17,24,1,2568,1788,2091,1641,908,1648,,
24,17,24,0,,,,,,,,
0,17,24,0,,,,,,,,
27,17,25,0,,,,,,,,
22,17,25,2,3413,2345,2016,3330,9075,2473,,
0,17,25,0,,,,,,,,
6,17,26,1,2108,2649,2532,5227,2196,5694,,
40,17,26,0,,,,,,,,
0,17,26,0,,,,,,,,
39,17,27,0,,,,,,,,
3,17,27,2,2905,3249,2623,2069,2933,7691,,
0,17,27,0,,,,,,,,
21,17,28,1,7248,1716,1556,2906,1439,12307,,
34,17,28,0,,,,,,,,
0,17,28,0,,,,,,,,
7,17,29,0,,,,,,,,
33,17,29,2,522,10323,6445,1905,1216,1357,,
0,17,29,0,,,,,,,,
14,17,30,1,3124,3372,2811,1923,1456,1840,,
22,17,30,0,,,,,,,,
0,17,30,0,,,,,,,,
21,17,31,0,,,,,,,,
17,17,31,2,3982,4415,3451,1636,1121,2179,,
0,17,31,0,,,,,,,,
35,17,32,1,1109,3409,1701,1281,762,1063,,
33,17,32,0,,,,,,,,
0,17,32,0,,,,,,,,
37,18,1,0,,,,,,,,
0,18,1,0,,,,,,,,
7,18,1,2,4845,2653,1238,2321,1083,1643,,
2,18,2,1,4407,6612,2831,2533,1546,3186,,
0,18,2,0,,,,,,,,
16,18,2,0,,,,,,,,
25,18,3,0,,,,,,,,
0,18,3,0,,,,,,,,
38,18,3,2,2194,6389,2181,2461,1581,2254,,
5,18,4,1,3205,5780,2179,1805,978,3050,,
0,18,4,0,,,,,,,,
14,18,4,0,,,,,,,,
4,18,5,0,,,,,,,,
0,18,5,0,,,,,,,,
35,18,5,2,4645,,310,6231,2634,1670,,
40,18,6,1,3701,806,4471,3317,1317,1844,,
0,18,6,0,,,,,,,,
41,18,6,0,,,,,,,,
10,18,7,0,,,,,,,,
0,18,7,0,,,,,,,,
20,18,7,2,2618,4940,3976,3117,1140,5446,,
33,18,8,1,1219,3015,4375,1246,1323,3322,,
0,18,8,0,,,,,,,,
19,18,8,0,,,,,,,,
2,18,9,0,,,,,,,,
0,18,9,0,,,,,,,,
29,18,9,2,1545,2611,1598,2042,2998,835,,
10,18,10,1,5173,1816,2080,1437,1201,3482,,
0,18,10,0,,,,,,,,
35,18,10,0,,,,,,,,
12,18,11,0,,,,,,,,
27,18,11,2,2975,2654,1366,1856,712,1685,,
0,18,11,0,,,,,,,,
24,18,12,1,1053,3273,1437,1711,900,1292,,
31,18,12,0,,,,,,,,
0,18,12,0,,,,,,,,
28,18,13,0,,,,,,,,
14,18,13,2,2386,2021,2035,2294,2095,1885,,
0,18,13,0,,,,,,,,
19,18,14,1,1423,5910,2857,1273,1091,1470,,
18,18,14,0,,,,,,,,
0,18,14,0,,,,,,,,
1,18,15,0,,,,,,,,
12,18,15,2,1312,3428,1931,1496,1019,17620,,
0,18,15,0,,,,,,,,
13,18,16,1,1704,1567,7013,15288,919,1358,,
43,18,16,0,,,,,,,,
0,18,16,0,,,,,,,,
8,18,17,0,,,,,,,,
16,18,17,2,4124,3490,1428,1594,1026,5743,,
0,18,17,0,,,,,,,,
28,18,18,1,3322,10910,,,,12619,,
13,18,18,0,,,,,,,,
0,18,18,0,,,,,,,,
6,18,19,0,,,,,,,,
17,18,19,2,4090,1846,2045,1405,3570,3156,,
0,18,19,0,,,,,,,,
26,18,20,1,2891,4527,3085,3516,1308,1778,,
23,18,20,0,,,,,,,,
0,18,20,0,,,,,,,,
9,18,21,0,,,,,,,,
18,18,21,2,4318,3848,1618,1710,1830,2178,,
0,18,21,0,,,,,,,,
9,18,22,1,1037,2084,,3425,1343,2859,,
32,18,22,0,,,,,,,,
0,18,22,0,,,,,,,,
30,18,23,0,,,,,,,,
37,18,23,2,1787,4458,2953,1512,910,2133,,
0,18,23,0,,,,,,,,
22,18,24,1,2879,3852,3022,1411,660,2509,,
24,18,24,0,,,,,,,,
0,18,24,0,,,,,,,,
27,18,25,0,,,,,,,,
23,18,25,2,3329,5010,1785,2243,3257,1113,,
0,18,25,0,,,,,,,,
25,18,26,1,5153,900,1461,1489,1132,1455,,
40,18,26,0,,,,,,,,
0,18,26,0,,,,,,,,
39,18,27,0,,,,,,,,
15,18,27,2,2579,1870,3144,1768,1525,3271,,
0,18,27,0,,,,,,,,
42,18,28,1,3603,1865,3907,2053,844,3075,,
34,18,28,0,,,,,,,,
0,18,28,0,,,,,,,,
7,18,29,0,,,,,,,,
1,18,29,2,3506,3186,5851,2436,5967,6344,,
0,18,29,0,,,,,,,,
4,18,30,1,,6860,14808,1588,1268,2604,,
22,18,30,0,,,,,,,,
0,18,30,0,,,,,,,,
21,18,31,0,,,,,,,,
31,18,31,2,1159,3711,,6386,1501,4093,,
0,18,31,0,,,,,,,,
32,18,32,1,1787,,11563,1716,1052,684,,
33,18,32,0,,,,,,,,
0,18,32,0,,,,,,,,
42,19,1,1,2130,2146,1267,1194,1085,1162,,
0,19,1,0,,,,,,,,
7,19,1,0,,,,,,,,
2,19,2,0,,,,,,,,
0,19,2,0,,,,,,,,
17,19,2,2,2003,2082,2871,2664,1754,4227,,
36,19,3,1,3069,1892,1683,3106,944,810,,
0,19,3,0,,,,,,,,
38,19,3,0,,,,,,,,
5,19,4,0,,,,,,,,
0,19,4,0,,,,,,,,
1,19,4,2,2132,3270,2606,1611,1499,1536,,
31,19,5,1,4071,2346,1905,1379,1049,2610,,
0,19,5,0,,,,,,,,
35,19,5,0,,,,,,,,
40,19,6,0,,,,,,,,
0,19,6,0,,,,,,,,
24,19,6,2,1758,1418,1813,2107,1861,1118,,
7,19,7,1,2246,4050,2146,1963,1607,4940,,
0,19,7,0,,,,,,,,
20,19,7,0,,,,,,,,
33,19,8,0,,,,,,,,
0,19,8,0,,,,,,,,
3,19,8,2,3300,4067,963,1316,2028,4247,,
39,19,9,1,1542,2256,1765,1171,944,2950,,
0,19,9,0,,,,,,,,
29,19,9,0,,,,,,,,
10,19,10,0,,,,,,,,
0,19,10,0,,,,,,,,
12,19,10,2,1124,2680,1180,1315,1072,1666,,
6,19,11,1,2347,1589,1893,1151,881,1868,,
27,19,11,0,,,,,,,,
0,19,11,0,,,,,,,,
24,19,12,0,,,,,,,,
22,19,12,2,1772,2425,1629,755,1468,,,
0,19,12,0,,,,,,,,
34,19,13,1,2671,1857,2509,5967,1337,791,,
14,19,13,0,,,,,,,,
0,19,13,0,,,,,,,,
19,19,14,0,,,,,,,,
41,19,14,2,1347,2809,2427,1143,1010,1093,,
0,19,14,0,,,,,,,,
9,19,15,1,836,1336,2705,2169,1202,1539,,
12,19,15,0,,,,,,,,
0,19,15,0,,,,,,,,
13,19,16,0,,,,,,,,
20,19,16,2,2132,3364,2187,1585,980,3070,,
0,19,16,0,,,,,,,,
26,19,17,1,2325,4487,1814,1529,1726,948,,
16,19,17,0,,,,,,,,
0,19,17,0,,,,,,,,
28,19,18,0,,,,,,,,
38,19,18,2,1707,3461,2654,1557,1088,2205,,
0,19,18,0,,,,,,,,
19,19,19,1,2628,2542,2542,6389,674,,,
17,19,19,0,,,,,,,,
0,19,19,0,,,,,,,,
26,19,20,0,,,,,,,,
15,19,20,2,4011,2737,3732,1663,845,3246,,
0,19,20,0,,,,,,,,
35,19,21,1,2795,2249,1502,1814,1077,729,,
18,19,21,0,,,,,,,,
0,19,21,0,,,,,,,,
9,19,22,0,,,,,,,,
11,19,22,2,,,8016,1195,1478,5240,,
0,19,22,0,,,,,,,,
29,19,23,1,2587,1527,3427,1971,1114,1015,,
37,19,23,0,,,,,,,,
0,19,23,0,,,,,,,,
22,19,24,0,,,,,,,,
5,19,24,2,2058,1487,2682,2169,1054,3725,,
0,19,24,0,,,,,,,,
30,19,25,1,4631,3704,4314,4355,967,1671,,
23,19,25,0,,,,,,,,
0,19,25,0,,,,,,,,
25,19,26,0,,,,,,,,
21,19,26,2,1981,2601,1327,1243,4282,,,
0,19,26,0,,,,,,,,
27,19,27,1,3539,2025,1352,2927,1112,1413,,
15,19,27,0,,,,,,,,
0,19,27,0,,,,,,,,
42,19,28,0,,,,,,,,
16,19,28,2,4129,4965,2115,1521,1738,3129,,
0,19,28,0,,,,,,,,
33,19,29,1,3538,1685,2462,1259,1135,1070,,
1,19,29,0,,,,,,,,
0,19,29,0,,,,,,,,
4,19,30,0,,,,,,,,
28,19,30,2,4016,3863,1521,1723,1179,813,,
0,19,30,0,,,,,,,,
10,19,31,1,4696,3043,1849,955,879,2583,,
31,19,31,0,,,,,,,,
0,19,31,0,,,,,,,,
32,19,32,0,,,,,,,,
14,19,32,2,2551,2789,2158,2325,968,586,,
0,19,32,0,,,,,,,,
40,20,1,1,3480,5392,2460,2840,3304,1188,,
0,20,1,0,,,,,,,,
7,20,1,0,,,,,,,,
2,20,2,0,,,,,,,,
0,20,2,0,,,,,,,,
14,20,2,2,3483,2593,2707,1578,2089,2525,,
25,20,3,1,2189,1561,1905,1675,1084,1350,,
0,20,3,0,,,,,,,,
38,20,3,0,,,,,,,,
5,20,4,0,,,,,,,,
0,20,4,0,,,,,,,,
28,20,4,2,1650,3328,2570,1846,2171,1714,,
23,20,5,1,2044,2017,1548,1667,1266,1431,,
0,20,5,0,,,,,,,,
35,20,5,0,,,,,,,,
40,20,6,0,,,,,,,,
0,20,6,0,,,,,,,,
6,20,6,2,2474,2784,2909,1837,1731,1246,,
1,20,7,1,2528,3025,2980,3456,1316,2220,,
0,20,7,0,,,,,,,,
20,20,7,0,,,,,,,,
33,20,8,0,,,,,,,,
0,20,8,0,,,,,,,,
33,20,8,2,1130,1831,1350,1134,1166,1698,,
37,20,9,1,2068,1682,1530,2056,1636,1394,,
0,20,9,0,,,,,,,,
29,20,9,0,,,,,,,,
10,20,10,0,,,,,,,,
0,20,10,0,,,,,,,,
35,20,10,2,1377,2075,1620,1934,1534,1378,,
42,20,11,1,2148,1656,3049,1719,751,1049,,
27,20,11,0,,,,,,,,
0,20,11,0,,,,,,,,
24,20,12,0,,,,,,,,
17,20,12,2,2495,6301,3955,2612,1158,630,,
0,20,12,0,,,,,,,,
19,20,13,1,3607,1905,2452,2502,2664,1471,,
14,20,13,0,,,,,,,,
0,20,13,0,,,,,,,,
19,20,14,0,,,,,,,,
31,20,14,2,2266,1617,2344,1833,1643,1035,,
0,20,14,0,,,,,,,,
27,20,15,1,1100,1555,1670,1601,1111,1803,,
12,20,15,0,,,,,,,,
0,20,15,0,,,,,,,,
13,20,16,0,,,,,,,,
10,20,16,2,2492,3508,5401,2130,1060,1286,,
0,20,16,0,,,,,,,,
4,20,17,1,1709,3407,2740,2279,1091,2258,,
16,20,17,0,,,,,,,,
0,20,17,0,,,,,,,,
28,20,18,0,,,,,,,,
22,20,18,2,1519,3770,2538,1770,2043,1634,,
0,20,18,0,,,,,,,,
18,20,19,1,1836,3330,2985,1628,2100,1045,,
17,20,19,0,,,,,,,,
0,20,19,0,,,,,,,,
26,20,20,0,,,,,,,,
30,20,20,2,5163,2462,2843,1289,1068,1560,,
0,20,20,0,,,,,,,,
9,20,21,1,2605,1909,1997,2217,1174,1071,,
18,20,21,0,,,,,,,,
0,20,21,0,,,,,,,,
9,20,22,0,,,,,,,,
32,20,22,2,2271,2424,3071,1508,1390,859,,
0,20,22,0,,,,,,,,
13,20,23,1,2278,1957,1974,1891,1872,2373,,
37,20,23,0,,,,,,,,
0,20,23,0,,,,,,,,
22,20,24,0,,,,,,,,
3,20,24,2,2426,1944,2499,3007,1538,2125,,
0,20,24,0,,,,,,,,
8,20,25,1,2938,3179,2974,2824,911,1459,,
23,20,25,0,,,,,,,,
0,20,25,0,,,,,,,,
25,20,26,0,,,,,,,,
21,20,26,2,2778,3406,2536,1336,2419,845,,
0,20,26,0,,,,,,,,
5,20,27,1,3025,3441,1605,3263,1011,1455,,
15,20,27,0,,,,,,,,
0,20,27,0,,,,,,,,
42,20,28,0,,,,,,,,
12,20,28,2,3717,2432,3959,1849,1516,2403,,
0,20,28,0,,,,,,,,
11,20,29,1,3848,2560,2316,2205,1675,1394,,
1,20,29,0,,,,,,,,
0,20,29,0,,,,,,,,
4,20,30,0,,,,,,,,
20,20,30,2,3739,2591,3421,2160,3154,1539,,
0,20,30,0,,,,,,,,
39,20,31,1,2227,2483,2799,1979,1384,1156,,
31,20,31,0,,,,,,,,
0,20,31,0,,,,,,,,
32,20,32,0,,,,,,,,
16,20,32,2,2360,2433,1554,1340,1267,669,,
0,20,32,0,,,,,,,,
40,21,1,0,,,,,,,,
0,21,1,0,,,,,,,,
21,21,1,2,1990,2971,1078,1765,466,1471,,
18,21,2,1,1896,1955,1619,994,4896,5315,,
0,21,2,0,,,,,,,,
14,21,2,0,,,,,,,,
25,21,3,0,,,,,,,,
0,21,3,0,,,,,,,,
8,21,3,2,1168,973,1031,1617,776,2225,,
41,21,4,1,1488,1769,1748,1190,1161,2002,,
0,21,4,0,,,,,,,,
28,21,4,0,,,,,,,,
23,21,5,0,,,,,,,,
0,21,5,0,,,,,,,,
29,21,5,2,640,1023,809,927,584,641,,
1,21,6,1,1196,2132,1676,1323,2501,741,,
0,21,6,0,,,,,,,,
6,21,6,0,,,,,,,,
1,21,7,0,,,,,,,,
0,21,7,0,,,,,,,,
5,21,7,2,1510,2420,1718,1290,728,1132,,
16,21,8,1,550,759,1416,696,716,2833,,
0,21,8,0,,,,,,,,
33,21,8,0,,,,,,,,
37,21,9,0,,,,,,,,
0,21,9,0,,,,,,,,
13,21,9,2,872,1712,967,809,514,1412,,
31,21,10,1,944,1424,1686,1632,1318,853,,
0,21,10,0,,,,,,,,
35,21,10,0,,,,,,,,
42,21,11,0,,,,,,,,
7,21,11,2,3461,1958,2577,1966,841,1674,,
0,21,11,0,,,,,,,,
4,21,12,1,1884,3490,2888,2577,1640,1120,,
17,21,12,0,,,,,,,,
0,21,12,0,,,,,,,,
19,21,13,0,,,,,,,,
26,21,13,2,667,655,797,1504,985,547,,
0,21,13,0,,,,,,,,
40,21,14,1,221,1057,1137,663,554,459,,
31,21,14,0,,,,,,,,
0,21,14,0,,,,,,,,
27,21,15,0,,,,,,,,
10,21,15,2,585,1865,1527,939,829,704,,
0,21,15,0,,,,,,,,
24,21,16,1,876,1158,1305,676,603,543,,
10,21,16,0,,,,,,,,
0,21,16,0,,,,,,,,
4,21,17,0,,,,,,,,
33,21,17,2,2114,1800,3036,744,645,2060,,
0,21,17,0,,,,,,,,
34,21,18,1,1242,1583,1657,826,1004,930,,
22,21,18,0,,,,,,,,
0,21,18,0,,,,,,,,
18,21,19,0,,,,,,,,
3,21,19,2,2259,2214,3789,1497,1192,2607,,
0,21,19,0,,,,,,,,
12,21,20,1,4036,2049,1638,1774,1708,3440,,
30,21,20,0,,,,,,,,
0,21,20,0,,,,,,,,
9,21,21,0,,,,,,,,
37,21,21,2,1039,701,679,736,1178,325,,
0,21,21,0,,,,,,,,
35,21,22,1,,,3169,522,606,549,,
32,21,22,0,,,,,,,,
0,21,22,0,,,,,,,,
13,21,23,0,,,,,,,,
25,21,23,2,,,3295,3084,4402,2684,,
0,21,23,0,,,,,,,,
23,21,24,1,3853,994,713,899,462,1813,,
3,21,24,0,,,,,,,,
0,21,24,0,,,,,,,,
8,21,25,0,,,,,,,,
11,21,25,2,1017,2884,1778,2096,1633,3272,,
0,21,25,0,,,,,,,,
20,21,26,1,779,3587,1957,1496,3099,470,,
21,21,26,0,,,,,,,,
0,21,26,0,,,,,,,,
5,21,27,0,,,,,,,,
36,21,27,2,2293,2059,3005,830,534,1200,,
0,21,27,0,,,,,,,,
15,21,28,1,1098,3664,2209,789,718,2550,,
12,21,28,0,,,,,,,,
0,21,28,0,,,,,,,,
11,21,29,0,,,,,,,,
27,21,29,2,979,4235,2726,768,540,1215,,
0,21,29,0,,,,,,,,
38,21,30,1,1274,3084,1014,885,732,415,,
20,21,30,0,,,,,,,,
0,21,30,0,,,,,,,,
39,21,31,0,,,,,,,,
39,21,31,2,675,939,817,364,1008,2351,,
0,21,31,0,,,,,,,,
28,21,32,1,1112,2183,2893,1516,783,1220,,
16,21,32,0,,,,,,,,
0,21,32,0,,,,,,,,
