seq,subj,item,cond,R1,R2,R3,R4,R5,R6,R7,R8
11,1,1,1,2080,3182,1630,1548,1023,1716,,
0,1,1,0,,,,,,,,
0,1,1,0,,,,,,,,
0,1,2,0,,,,,,,,
0,1,2,0,,,,,,,,
13,1,2,2,2591,2153,3365,3587,2127,10983,,
21,1,3,1,1403,1436,1297,1306,921,1926,,
0,1,3,0,,,,,,,,
0,1,3,0,,,,,,,,
0,1,4,0,,,,,,,,
0,1,4,0,,,,,,,,
15,1,4,2,1467,2087,1515,1744,1141,4040,,
2,1,5,1,3105,1698,1581,1066,775,1109,,
0,1,5,0,,,,,,,,
0,1,5,0,,,,,,,,
0,1,6,0,,,,,,,,
0,1,6,0,,,,,,,,
40,1,6,2,1034,1389,2371,1828,1135,759,,
19,1,7,1,1404,2044,1492,1412,751,7217,,
0,1,7,0,,,,,,,,
0,1,7,0,,,,,,,,
0,1,8,0,,,,,,,,
0,1,8,0,,,,,,,,
30,1,8,2,918,4080,956,850,1621,4311,,
33,1,9,1,1116,1699,1177,2875,735,2486,,
0,1,9,0,,,,,,,,
0,1,9,0,,,,,,,,
0,1,10,0,,,,,,,,
0,1,10,0,,,,,,,,
37,1,10,2,1590,1760,934,1570,744,5022,,
1,1,11,1,1757,4112,3665,1442,787,2022,,
0,1,11,0,,,,,,,,
0,1,11,0,,,,,,,,
0,1,12,0,,,,,,,,
23,1,12,2,5282,2328,1729,1703,2467,7408,,
0,1,12,0,,,,,,,,
9,1,13,1,1644,4644,3873,2248,1161,3017,,
0,1,13,0,,,,,,,,
0,1,13,0,,,,,,,,
0,1,14,0,,,,,,,,
28,1,14,2,1090,1058,2198,2203,1356,1421,,
0,1,14,0,,,,,,,,
36,1,15,1,1718,1089,1176,1047,810,900,,
0,1,15,0,,,,,,,,
0,1,15,0,,,,,,,,
0,1,16,0,,,,,,,,
5,1,16,2,2285,1509,2241,3424,2125,1389,,
0,1,16,0,,,,,,,,
24,1,17,1,2047,3695,2544,1006,793,5599,,
0,1,17,0,,,,,,,,
0,1,17,0,,,,,,,,
0,1,18,0,,,,,,,,
8,1,18,2,2264,3266,3541,1087,1136,4100,,
0,1,18,0,,,,,,,,
39,1,19,1,1362,2998,3083,1170,1241,4153,,
0,1,19,0,,,,,,,,
0,1,19,0,,,,,,,,
0,1,20,0,,,,,,,,
32,1,20,2,1963,1717,1442,1484,989,2221,,
0,1,20,0,,,,,,,,
25,1,21,1,1361,1450,1571,1248,6241,1854,,
0,1,21,0,,,,,,,,
0,1,21,0,,,,,,,,
0,1,22,0,,,,,,,,
18,1,22,2,1732,1568,2060,732,1562,4003,,
0,1,22,0,,,,,,,,
10,1,23,1,1076,1211,2741,1033,1190,1518,,
0,1,23,0,,,,,,,,
0,1,23,0,,,,,,,,
0,1,24,0,,,,,,,,
29,1,24,2,1539,1117,1309,1893,658,1417,,
0,1,24,0,,,,,,,,
42,1,25,1,2230,1476,1193,1196,1033,1347,,
0,1,25,0,,,,,,,,
0,1,25,0,,,,,,,,
0,1,26,0,,,,,,,,
4,1,26,2,7276,2034,1651,1261,1168,6328,,
0,1,26,0,,,,,,,,
7,1,27,1,1147,3582,4204,3785,760,2151,,
0,1,27,0,,,,,,,,
0,1,27,0,,,,,,,,
0,1,28,0,,,,,,,,
17,1,28,2,3731,1040,2660,1299,1295,5269,,
0,1,28,0,,,,,,,,
6,1,29,1,2005,3298,2338,3262,2551,6136,,
0,1,29,0,,,,,,,,
0,1,29,0,,,,,,,,
0,1,30,0,,,,,,,,
26,1,30,2,2398,3235,1920,1457,1725,5869,,
0,1,30,0,,,,,,,,
27,1,31,1,875,1395,2606,972,1133,1820,,
0,1,31,0,,,,,,,,
0,1,31,0,,,,,,,,
0,1,32,0,,,,,,,,
35,1,32,2,759,3192,1256,944,1292,1914,,
0,1,32,0,,,,,,,,
11,2,1,0,,,,,,,,
0,2,1,0,,,,,,,,
17,2,1,2,1949,2778,1110,1281,1198,1368,,
36,2,2,1,2616,2415,2153,1886,1363,2290,,
0,2,2,0,,,,,,,,
13,2,2,0,,,,,,,,
21,2,3,0,,,,,,,,
0,2,3,0,,,,,,,,
8,2,3,2,2450,1655,1643,1717,1180,2854,,
6,2,4,1,2129,3666,2480,1923,1129,2073,,
0,2,4,0,,,,,,,,
15,2,4,0,,,,,,,,
2,2,5,0,,,,,,,,
0,2,5,0,,,,,,,,
41,2,5,2,2454,1286,1214,792,918,894,,
24,2,6,1,1653,1779,1620,1589,1040,931,,
0,2,6,0,,,,,,,,
40,2,6,0,,,,,,,,
19,2,7,0,,,,,,,,
0,2,7,0,,,,,,,,
22,2,7,2,2055,1638,1894,1508,1077,1255,,
1,2,8,1,1847,2126,1474,1375,1757,3957,,
0,2,8,0,,,,,,,,
30,2,8,0,,,,,,,,
33,2,9,0,,,,,,,,
0,2,9,0,,,,,,,,
3,2,9,2,1853,2286,1388,1688,1499,4323,,
10,2,10,1,1416,1557,1607,987,1174,1890,,
0,2,10,0,,,,,,,,
37,2,10,0,,,,,,,,
1,2,11,0,,,,,,,,
31,2,11,2,2259,2083,1583,1485,899,950,,
0,2,11,0,,,,,,,,
40,2,12,1,1532,2167,1439,1642,910,846,,
23,2,12,0,,,,,,,,
0,2,12,0,,,,,,,,
9,2,13,0,,,,,,,,
30,2,13,2,2535,1776,2128,1158,903,2408,,
0,2,13,0,,,,,,,,
21,2,14,1,1561,1524,1259,1794,1489,1133,,
28,2,14,0,,,,,,,,
0,2,14,0,,,,,,,,
36,2,15,0,,,,,,,,
34,2,15,2,1204,1655,1503,1710,1782,2798,,
0,2,15,0,,,,,,,,
29,2,16,1,1974,1748,1745,1000,1080,786,,
5,2,16,0,,,,,,,,
0,2,16,0,,,,,,,,
24,2,17,0,,,,,,,,
5,2,17,2,1894,2095,2672,1382,1198,2050,,
0,2,17,0,,,,,,,,
14,2,18,1,1492,2283,1778,1228,1315,1281,,
8,2,18,0,,,,,,,,
0,2,18,0,,,,,,,,
39,2,19,0,,,,,,,,
39,2,19,2,1895,2494,2632,1171,1739,1400,,
0,2,19,0,,,,,,,,
26,2,20,1,1893,2281,1407,1016,1067,2442,,
32,2,20,0,,,,,,,,
0,2,20,0,,,,,,,,
25,2,21,0,,,,,,,,
38,2,21,2,1916,1475,1303,3996,1346,1830,,
0,2,21,0,,,,,,,,
19,2,22,1,1123,1782,1504,1117,1080,1072,,
18,2,22,0,,,,,,,,
0,2,22,0,,,,,,,,
10,2,23,0,,,,,,,,
16,2,23,2,1704,1464,1504,1166,973,2280,,
0,2,23,0,,,,,,,,
28,2,24,1,1864,1082,1264,1394,761,1583,,
29,2,24,0,,,,,,,,
0,2,24,0,,,,,,,,
42,2,25,0,,,,,,,,
13,2,25,2,1138,1394,2058,1946,760,1747,,
0,2,25,0,,,,,,,,
12,2,26,1,1864,1741,1491,1320,1472,1320,,
4,2,26,0,,,,,,,,
0,2,26,0,,,,,,,,
7,2,27,0,,,,,,,,
20,2,27,2,2254,2697,2165,1827,794,1054,,
0,2,27,0,,,,,,,,
33,2,28,1,1417,1256,1891,2377,1590,2080,,
17,2,28,0,,,,,,,,
0,2,28,0,,,,,,,,
6,2,29,0,,,,,,,,
32,2,29,2,,4617,1562,1036,1116,1864,,
0,2,29,0,,,,,,,,
15,2,30,1,2008,2164,2121,1794,1276,3356,,
26,2,30,0,,,,,,,,
0,2,30,0,,,,,,,,
27,2,31,0,,,,,,,,
35,2,31,2,1963,1555,2430,1406,973,2076,,
0,2,31,0,,,,,,,,
27,2,32,1,1137,2518,1244,1288,951,752,,
35,2,32,0,,,,,,,,
0,2,32,0,,,,,,,,
11,3,1,0,,,,,,,,
0,3,1,0,,,,,,,,
21,3,1,2,2063,4488,646,921,1045,838,,
18,3,2,1,1343,1657,2867,809,1027,4617,,
0,3,2,0,,,,,,,,
13,3,2,0,,,,,,,,
21,3,3,0,,,,,,,,
0,3,3,0,,,,,,,,
8,3,3,2,1422,1575,1950,2488,1103,1891,,
41,3,4,1,1045,1595,1122,1064,676,1078,,
0,3,4,0,,,,,,,,
15,3,4,0,,,,,,,,
2,3,5,0,,,,,,,,
0,3,5,0,,,,,,,,
29,3,5,2,1137,994,1000,884,910,765,,
1,3,6,1,3430,2787,1927,3703,1519,1769,,
0,3,6,0,,,,,,,,
40,3,6,0,,,,,,,,
19,3,7,0,,,,,,,,
0,3,7,0,,,,,,,,
5,3,7,2,1371,829,2179,1618,815,1150,,
16,3,8,1,1036,1092,1715,887,1169,1818,,
0,3,8,0,,,,,,,,
30,3,8,0,,,,,,,,
33,3,9,0,,,,,,,,
0,3,9,0,,,,,,,,
13,3,9,2,1091,1806,2634,1526,1871,1477,,
31,3,10,1,3381,1265,947,1004,1073,1162,,
0,3,10,0,,,,,,,,
37,3,10,0,,,,,,,,
1,3,11,0,,,,,,,,
7,3,11,2,2152,1542,1610,948,564,868,,
0,3,11,0,,,,,,,,
4,3,12,1,1140,1802,1396,1284,1300,743,,
23,3,12,0,,,,,,,,
0,3,12,0,,,,,,,,
9,3,13,0,,,,,,,,
26,3,13,2,1606,1651,3871,3158,3737,392,,
0,3,13,0,,,,,,,,
40,3,14,1,,,,4633,787,598,,
28,3,14,0,,,,,,,,
0,3,14,0,,,,,,,,
36,3,15,0,,,,,,,,
10,3,15,2,1060,2279,1604,1019,1513,1184,,
0,3,15,0,,,,,,,,
24,3,16,1,1421,1913,2659,850,677,951,,
5,3,16,0,,,,,,,,
0,3,16,0,,,,,,,,
24,3,17,0,,,,,,,,
33,3,17,2,1248,1568,2038,3073,861,841,,
0,3,17,0,,,,,,,,
34,3,18,1,901,908,2051,2828,917,1201,,
8,3,18,0,,,,,,,,
0,3,18,0,,,,,,,,
39,3,19,0,,,,,,,,
3,3,19,2,2125,2245,3460,1002,1395,1717,,
0,3,19,0,,,,,,,,
12,3,20,1,2879,2164,3851,1002,919,962,,
32,3,20,0,,,,,,,,
0,3,20,0,,,,,,,,
25,3,21,0,,,,,,,,
37,3,21,2,1821,1398,848,729,1038,592,,
0,3,21,0,,,,,,,,
35,3,22,1,838,1082,3004,838,1252,665,,
18,3,22,0,,,,,,,,
0,3,22,0,,,,,,,,
10,3,23,0,,,,,,,,
25,3,23,2,1641,1129,2289,902,837,1047,,
0,3,23,0,,,,,,,,
23,3,24,1,1570,988,930,1168,786,804,,
29,3,24,0,,,,,,,,
0,3,24,0,,,,,,,,
42,3,25,0,,,,,,,,
11,3,25,2,1853,2102,1699,2179,5085,2451,,
0,3,25,0,,,,,,,,
20,3,26,1,2343,1500,955,916,928,2547,,
4,3,26,0,,,,,,,,
0,3,26,0,,,,,,,,
7,3,27,0,,,,,,,,
36,3,27,2,1172,1026,685,1695,728,576,,
0,3,27,0,,,,,,,,
15,3,28,1,1266,1483,1846,1279,1016,6134,,
17,3,28,0,,,,,,,,
0,3,28,0,,,,,,,,
6,3,29,0,,,,,,,,
27,3,29,2,1859,1327,1111,1245,1079,1045,,
0,3,29,0,,,,,,,,
38,3,30,1,2719,1550,3627,767,1506,766,,
26,3,30,0,,,,,,,,
0,3,30,0,,,,,,,,
27,3,31,0,,,,,,,,
39,3,31,2,920,1321,1290,2017,8361,951,,
0,3,31,0,,,,,,,,
28,3,32,1,919,1357,2101,787,719,633,,
35,3,32,0,,,,,,,,
0,3,32,0,,,,,,,,
21,4,1,1,1617,4653,1025,1816,1153,1761,,
0,4,1,0,,,,,,,,
21,4,1,0,,,,,,,,
18,4,2,0,,,,,,,,
0,4,2,0,,,,,,,,
31,4,2,2,2144,1358,2241,1434,1204,3282,,
41,4,3,1,2259,1227,1483,1533,1208,1262,,
0,4,3,0,,,,,,,,
8,4,3,0,,,,,,,,
41,4,4,0,,,,,,,,
0,4,4,0,,,,,,,,
12,4,4,2,1951,2883,1063,1531,1090,1648,,
34,4,5,1,2043,2958,1457,717,661,1858,,
0,4,5,0,,,,,,,,
29,4,5,0,,,,,,,,
1,4,6,0,,,,,,,,
0,4,6,0,,,,,,,,
28,4,6,2,1401,1436,1308,1536,988,1284,,
10,4,7,1,2881,2740,2195,2169,808,1394,,
0,4,7,0,,,,,,,,
5,4,7,0,,,,,,,,
16,4,8,0,,,,,,,,
0,4,8,0,,,,,,,,
5,4,8,2,1256,2347,1027,1380,2713,1448,,
24,4,9,1,1391,1498,1296,1109,917,1230,,
0,4,9,0,,,,,,,,
13,4,9,0,,,,,,,,
31,4,10,0,,,,,,,,
0,4,10,0,,,,,,,,
18,4,10,2,1645,2310,2073,1412,1263,1403,,
8,4,11,1,2518,6237,1194,700,693,1372,,
7,4,11,0,,,,,,,,
0,4,11,0,,,,,,,,
4,4,12,0,,,,,,,,
40,4,12,2,947,2362,1623,1617,1946,739,,
0,4,12,0,,,,,,,,
15,4,13,1,2253,1898,2669,1959,1758,2210,,
26,4,13,0,,,,,,,,
0,4,13,0,,,,,,,,
40,4,14,0,,,,,,,,
9,4,14,2,1196,934,1643,1306,1080,2575,,
0,4,14,0,,,,,,,,
23,4,15,1,1099,1899,1332,1055,577,1445,,
10,4,15,0,,,,,,,,
0,4,15,0,,,,,,,,
24,4,16,0,,,,,,,,
16,4,16,2,1924,1835,2072,798,750,819,,
0,4,16,0,,,,,,,,
17,4,17,1,2297,2068,2714,771,862,1654,,
33,4,17,0,,,,,,,,
0,4,17,0,,,,,,,,
34,4,18,0,,,,,,,,
37,4,18,2,3358,2468,2079,972,1104,1805,,
0,4,18,0,,,,,,,,
20,4,19,1,1508,1792,2077,1688,1156,2742,,
3,4,19,0,,,,,,,,
0,4,19,0,,,,,,,,
12,4,20,0,,,,,,,,
2,4,20,2,2151,2078,1904,2206,2247,1988,,
0,4,20,0,,,,,,,,
30,4,21,1,1777,1147,1205,1136,1086,1826,,
37,4,21,0,,,,,,,,
0,4,21,0,,,,,,,,
35,4,22,0,,,,,,,,
36,4,22,2,1730,2046,3894,1182,789,750,,
0,4,22,0,,,,,,,,
1,4,23,1,2394,2203,2033,1792,3385,1875,,
25,4,23,0,,,,,,,,
0,4,23,0,,,,,,,,
23,4,24,0,,,,,,,,
27,4,24,2,2184,1927,1447,1978,982,2998,,
0,4,24,0,,,,,,,,
4,4,25,1,2290,2279,2863,1912,993,1857,,
11,4,25,0,,,,,,,,
0,4,25,0,,,,,,,,
20,4,26,0,,,,,,,,
33,4,26,2,2331,1718,2618,1084,986,1124,,
0,4,26,0,,,,,,,,
7,4,27,1,2889,3128,1822,2438,934,1813,,
36,4,27,0,,,,,,,,
0,4,27,0,,,,,,,,
15,4,28,0,,,,,,,,
39,4,28,2,1792,2711,1705,2387,746,2982,,
0,4,28,0,,,,,,,,
38,4,29,1,2659,1319,990,1657,940,1921,,
27,4,29,0,,,,,,,,
0,4,29,0,,,,,,,,
38,4,30,0,,,,,,,,
3,4,30,2,6228,1508,1884,2121,2154,1761,,
0,4,30,0,,,,,,,,
14,4,31,1,2138,2716,1963,1233,755,2001,,
39,4,31,0,,,,,,,,
0,4,31,0,,,,,,,,
28,4,32,0,,,,,,,,
26,4,32,2,2772,2567,1251,1559,1021,3551,,
0,4,32,0,,,,,,,,
21,5,1,0,,,,,,,,
0,5,1,0,,,,,,,,
15,5,1,2,9879,3953,2317,4631,4239,2570,,
35,5,2,1,3837,2542,2999,2701,3148,2141,,
0,5,2,0,,,,,,,,
31,5,2,0,,,,,,,,
41,5,3,0,,,,,,,,
0,5,3,0,,,,,,,,
9,5,3,2,6719,4067,9620,4105,2011,2889,,
13,5,4,1,2806,4649,3827,6449,4228,11308,,
0,5,4,0,,,,,,,,
12,5,4,0,,,,,,,,
34,5,5,0,,,,,,,,
0,5,5,0,,,,,,,,
1,5,5,2,5313,3188,,11425,2580,2148,,
19,5,6,1,2474,2479,4169,4229,2270,1888,,
0,5,6,0,,,,,,,,
28,5,6,0,,,,,,,,
10,5,7,0,,,,,,,,
0,5,7,0,,,,,,,,
40,5,7,2,2818,4311,3796,6535,3223,3885,,
28,5,8,1,5659,3363,1431,1663,3062,6687,,
0,5,8,0,,,,,,,,
5,5,8,0,,,,,,,,
24,5,9,0,,,,,,,,
0,5,9,0,,,,,,,,
6,5,9,2,2715,4050,4931,2396,2393,1640,,
31,5,10,1,2329,2189,2665,2786,2071,1421,,
0,5,10,0,,,,,,,,
18,5,10,0,,,,,,,,
8,5,11,0,,,,,,,,
24,5,11,2,1856,6439,4648,6521,1363,3383,,
0,5,11,0,,,,,,,,
38,5,12,1,1287,3597,3569,3885,2142,2187,,
40,5,12,0,,,,,,,,
0,5,12,0,,,,,,,,
15,5,13,0,,,,,,,,
42,5,13,2,5387,3660,5879,3346,2572,4635,,
0,5,13,0,,,,,,,,
34,5,14,1,2092,,4583,1929,2124,1372,,
9,5,14,0,,,,,,,,
0,5,14,0,,,,,,,,
23,5,15,0,,,,,,,,
11,5,15,2,6304,5939,2248,3741,3898,,,
0,5,15,0,,,,,,,,
30,5,16,1,4111,5310,2685,1654,1590,2473,,
16,5,16,0,,,,,,,,
0,5,16,0,,,,,,,,
17,5,17,0,,,,,,,,
8,5,17,2,3089,4244,3666,2966,2449,4552,,
0,5,17,0,,,,,,,,
27,5,18,1,1909,3247,2397,2465,1349,1699,,
37,5,18,0,,,,,,,,
0,5,18,0,,,,,,,,
20,5,19,0,,,,,,,,
21,5,19,2,3641,3910,5085,2751,5427,2834,,
0,5,19,0,,,,,,,,
23,5,20,1,3188,3485,4170,5109,1874,2089,,
2,5,20,0,,,,,,,,
0,5,20,0,,,,,,,,
30,5,21,0,,,,,,,,
3,5,21,2,5316,4527,3076,,,3341,,
0,5,21,0,,,,,,,,
39,5,22,1,2190,2732,2205,1682,1633,1123,,
36,5,22,0,,,,,,,,
0,5,22,0,,,,,,,,
1,5,23,0,,,,,,,,
33,5,23,2,3610,5432,5946,2404,1616,3935,,
0,5,23,0,,,,,,,,
4,5,24,1,6326,3347,4897,11960,1407,1712,,
27,5,24,0,,,,,,,,
0,5,24,0,,,,,,,,
4,5,25,0,,,,,,,,
37,5,25,2,3013,5578,3578,5395,1793,2442,,
0,5,25,0,,,,,,,,
18,5,26,1,6386,3141,3750,2815,2073,2018,,
33,5,26,0,,,,,,,,
0,5,26,0,,,,,,,,
7,5,27,0,,,,,,,,
12,5,27,2,2881,4057,3963,3503,1401,4048,,
0,5,27,0,,,,,,,,
26,5,28,1,8315,14465,3772,2287,1576,5244,,
39,5,28,0,,,,,,,,
0,5,28,0,,,,,,,,
38,5,29,0,,,,,,,,
25,5,29,2,2937,3934,3581,3043,1929,3202,,
0,5,29,0,,,,,,,,
17,5,30,1,5518,4872,4291,3674,2077,4713,,
3,5,30,0,,,,,,,,
0,5,30,0,,,,,,,,
14,5,31,0,,,,,,,,
22,5,31,2,2426,3399,4224,4050,2312,2218,,
0,5,31,0,,,,,,,,
5,5,32,1,3785,3432,10900,3961,1249,1528,,
26,5,32,0,,,,,,,,
0,5,32,0,,,,,,,,
21,6,1,0,,,,,,,,
0,6,1,0,,,,,,,,
7,6,1,2,968,1808,1433,1886,1172,1893,,
22,6,2,1,993,1354,5384,2046,966,2214,,
0,6,2,0,,,,,,,,
31,6,2,0,,,,,,,,
41,6,3,0,,,,,,,,
0,6,3,0,,,,,,,,
27,6,3,2,839,781,1595,1565,1288,2601,,
35,6,4,1,2057,2231,1766,6097,1603,1917,,
0,6,4,0,,,,,,,,
12,6,4,0,,,,,,,,
34,6,5,0,,,,,,,,
0,6,5,0,,,,,,,,
40,6,5,2,1177,742,1161,673,701,659,,
9,6,6,1,1160,1212,954,902,839,940,,
0,6,6,0,,,,,,,,
28,6,6,0,,,,,,,,
10,6,7,0,,,,,,,,
0,6,7,0,,,,,,,,
30,6,7,2,811,1754,1513,1061,920,1397,,
3,6,8,1,1969,1738,1633,1081,1281,1165,,
0,6,8,0,,,,,,,,
5,6,8,0,,,,,,,,
24,6,9,0,,,,,,,,
0,6,9,0,,,,,,,,
19,6,9,2,779,1059,973,1226,1389,4532,,
12,6,10,1,1199,1141,2335,1074,1734,1479,,
0,6,10,0,,,,,,,,
18,6,10,0,,,,,,,,
8,6,11,0,,,,,,,,
26,6,11,2,745,820,1231,1487,2271,1094,,
0,6,11,0,,,,,,,,
6,6,12,1,1041,1577,5720,1814,2514,1772,,
40,6,12,0,,,,,,,,
0,6,12,0,,,,,,,,
15,6,13,0,,,,,,,,
21,6,13,2,1679,1708,883,901,806,1891,,
0,6,13,0,,,,,,,,
37,6,14,1,2224,1100,1079,2131,966,4577,,
9,6,14,0,,,,,,,,
0,6,14,0,,,,,,,,
23,6,15,0,,,,,,,,
25,6,15,2,438,858,628,736,678,1347,,
0,6,15,0,,,,,,,,
1,6,16,1,1834,1462,1808,1841,1085,6641,,
16,6,16,0,,,,,,,,
0,6,16,0,,,,,,,,
17,6,17,0,,,,,,,,
17,6,17,2,892,1047,1073,951,2127,4624,,
0,6,17,0,,,,,,,,
24,6,18,1,1482,1976,3069,1925,2078,4274,,
37,6,18,0,,,,,,,,
0,6,18,0,,,,,,,,
20,6,19,0,,,,,,,,
34,6,19,2,1058,920,812,749,949,1676,,
0,6,19,0,,,,,,,,
5,6,20,1,2902,2167,1024,1936,1203,4374,,
2,6,20,0,,,,,,,,
0,6,20,0,,,,,,,,
30,6,21,0,,,,,,,,
16,6,21,2,1697,922,1350,3142,1544,1253,,
0,6,21,0,,,,,,,,
14,6,22,1,3371,1201,1012,890,1670,4219,,
36,6,22,0,,,,,,,,
0,6,22,0,,,,,,,,
1,6,23,0,,,,,,,,
32,6,23,2,1684,2031,1201,1021,2292,856,,
0,6,23,0,,,,,,,,
11,6,24,1,1309,904,1065,950,585,1093,,
27,6,24,0,,,,,,,,
0,6,24,0,,,,,,,,
4,6,25,0,,,,,,,,
33,6,25,2,2521,1005,982,2824,1189,1308,,
0,6,25,0,,,,,,,,
43,6,26,1,2659,2773,1214,688,823,476,,
33,6,26,0,,,,,,,,
0,6,26,0,,,,,,,,
7,6,27,0,,,,,,,,
38,6,27,2,1083,1454,1223,1356,725,803,,
0,6,27,0,,,,,,,,
39,6,28,1,3719,1628,1332,1595,884,5776,,
39,6,28,0,,,,,,,,
0,6,28,0,,,,,,,,
38,6,29,0,,,,,,,,
42,6,29,2,2766,1058,1009,1224,2232,2568,,
0,6,29,0,,,,,,,,
15,6,30,1,1662,2633,1386,2252,1680,4065,,
3,6,30,0,,,,,,,,
0,6,30,0,,,,,,,,
14,6,31,0,,,,,,,,
18,6,31,2,1104,1563,1001,1435,1821,961,,
0,6,31,0,,,,,,,,
29,6,32,1,1570,973,3843,1225,1265,619,,
26,6,32,0,,,,,,,,
0,6,32,0,,,,,,,,
21,7,1,0,,,,,,,,
0,7,1,0,,,,,,,,
20,7,1,2,3246,2466,859,1529,1596,1023,,
16,7,2,1,1734,1753,2334,1546,1082,789,,
0,7,2,0,,,,,,,,
31,7,2,0,,,,,,,,
41,7,3,0,,,,,,,,
0,7,3,0,,,,,,,,
35,7,3,2,1098,1532,1222,2036,781,1707,,
7,7,4,1,3084,3604,1722,1112,756,735,,
0,7,4,0,,,,,,,,
12,7,4,0,,,,,,,,
34,7,5,0,,,,,,,,
0,7,5,0,,,,,,,,
27,7,5,2,1042,1895,1196,748,938,788,,
42,7,6,1,1303,1879,1463,1130,2134,661,,
0,7,6,0,,,,,,,,
28,7,6,0,,,,,,,,
10,7,7,0,,,,,,,,
0,7,7,0,,,,,,,,
3,7,7,2,1646,3005,1875,1806,1046,3032,,
12,7,8,1,900,1318,1043,1196,6559,1324,,
0,7,8,0,,,,,,,,
5,7,8,0,,,,,,,,
24,7,9,0,,,,,,,,
0,7,9,0,,,,,,,,
24,7,9,2,864,1204,1224,2063,1015,831,,
1,7,10,1,2061,2012,1657,1197,1877,1149,,
0,7,10,0,,,,,,,,
18,7,10,0,,,,,,,,
8,7,11,0,,,,,,,,
29,7,11,2,1646,2400,1044,1179,740,898,,
0,7,11,0,,,,,,,,
23,7,12,1,1501,2411,909,1639,685,532,,
40,7,12,0,,,,,,,,
0,7,12,0,,,,,,,,
15,7,13,0,,,,,,,,
15,7,13,2,1540,1922,2424,1587,1218,960,,
0,7,13,0,,,,,,,,
18,7,14,1,3639,1771,819,899,832,2215,,
9,7,14,0,,,,,,,,
0,7,14,0,,,,,,,,
23,7,15,0,,,,,,,,
41,7,15,2,968,1864,1238,1116,1353,1233,,
0,7,15,0,,,,,,,,
38,7,16,1,1172,1641,1323,873,720,687,,
16,7,16,0,,,,,,,,
0,7,16,0,,,,,,,,
17,7,17,0,,,,,,,,
33,7,17,2,1717,2501,1801,2714,952,1556,,
0,7,17,0,,,,,,,,
19,7,18,1,2254,1853,1440,1057,742,679,,
37,7,18,0,,,,,,,,
0,7,18,0,,,,,,,,
20,7,19,0,,,,,,,,
10,7,19,2,1712,2123,2734,907,987,1418,,
0,7,19,0,,,,,,,,
5,7,20,1,1625,2848,1873,1949,943,1182,,
2,7,20,0,,,,,,,,
0,7,20,0,,,,,,,,
30,7,21,0,,,,,,,,
11,7,21,2,2357,1759,602,1271,1104,1611,,
0,7,21,0,,,,,,,,
40,7,22,1,721,1316,1479,3048,859,2705,,
36,7,22,0,,,,,,,,
0,7,22,0,,,,,,,,
1,7,23,0,,,,,,,,
26,7,23,2,1139,1681,1300,1023,962,983,,
0,7,23,0,,,,,,,,
9,7,24,1,1679,4470,868,787,616,1027,,
27,7,24,0,,,,,,,,
0,7,24,0,,,,,,,,
4,7,25,0,,,,,,,,
31,7,25,2,1155,1564,882,1166,764,1249,,
0,7,25,0,,,,,,,,
30,7,26,1,914,946,1155,726,598,972,,
33,7,26,0,,,,,,,,
0,7,26,0,,,,,,,,
7,7,27,0,,,,,,,,
14,7,27,2,1179,1465,1433,1332,580,1313,,
0,7,27,0,,,,,,,,
39,7,28,1,1397,772,1707,988,974,1992,,
39,7,28,0,,,,,,,,
0,7,28,0,,,,,,,,
38,7,29,0,,,,,,,,
34,7,29,2,2345,1672,1561,1310,1333,682,,
0,7,29,0,,,,,,,,
32,7,30,1,1777,1589,2309,1235,1121,864,,
3,7,30,0,,,,,,,,
0,7,30,0,,,,,,,,
14,7,31,0,,,,,,,,
37,7,31,2,1065,1542,1617,2708,2311,1006,,
0,7,31,0,,,,,,,,
6,7,32,1,900,4234,969,1397,1222,664,,
26,7,32,0,,,,,,,,
0,7,32,0,,,,,,,,
21,8,1,0,,,,,,,,
0,8,1,0,,,,,,,,
30,8,1,2,2189,2434,1423,1487,2096,2308,,
7,8,2,1,3856,2707,2419,3820,1712,5007,,
0,8,2,0,,,,,,,,
31,8,2,0,,,,,,,,
41,8,3,0,,,,,,,,
0,8,3,0,,,,,,,,
21,8,3,2,3063,1392,1875,3440,1676,3985,,
1,8,4,1,2554,3366,2750,1686,1899,1968,,
0,8,4,0,,,,,,,,
12,8,4,0,,,,,,,,
34,8,5,0,,,,,,,,
0,8,5,0,,,,,,,,
5,8,5,2,7080,3457,1931,2001,1493,4007,,
41,8,6,1,1850,1770,1485,1864,1496,4897,,
0,8,6,0,,,,,,,,
28,8,6,0,,,,,,,,
10,8,7,0,,,,,,,,
0,8,7,0,,,,,,,,
9,8,7,2,1950,1245,1711,2006,1301,1870,,
3,8,8,1,2709,2989,1520,1578,2605,2464,,
0,8,8,0,,,,,,,,
5,8,8,0,,,,,,,,
24,8,9,0,,,,,,,,
0,8,9,0,,,,,,,,
32,8,9,2,1262,1529,1939,1752,1249,4628,,
28,8,10,1,2439,5034,1484,1730,1147,1464,,
0,8,10,0,,,,,,,,
18,8,10,0,,,,,,,,
8,8,11,0,,,,,,,,
15,8,11,2,2348,2127,1594,1436,1157,5459,,
0,8,11,0,,,,,,,,
43,8,12,1,2875,3846,2335,1863,816,906,,
40,8,12,0,,,,,,,,
0,8,12,0,,,,,,,,
15,8,13,0,,,,,,,,
18,8,13,2,2683,1764,3689,2323,1570,1648,,
0,8,13,0,,,,,,,,
11,8,14,1,2091,2111,2086,1740,1413,3130,,
9,8,14,0,,,,,,,,
0,8,14,0,,,,,,,,
23,8,15,0,,,,,,,,
12,8,15,2,1553,1619,1700,2044,1557,3117,,
0,8,15,0,,,,,,,,
39,8,16,1,3182,2435,3257,1195,1193,2348,,
16,8,16,0,,,,,,,,
0,8,16,0,,,,,,,,
17,8,17,0,,,,,,,,
44,8,17,2,5203,2107,1648,2133,1894,4454,,
0,8,17,0,,,,,,,,
36,8,18,1,1826,2176,2154,3287,1470,6907,,
37,8,18,0,,,,,,,,
0,8,18,0,,,,,,,,
20,8,19,0,,,,,,,,
17,8,19,2,2457,1973,2751,4655,2956,11646,,
0,8,19,0,,,,,,,,
26,8,20,1,3579,1495,2141,1980,1135,2291,,
2,8,20,0,,,,,,,,
0,8,20,0,,,,,,,,
30,8,21,0,,,,,,,,
25,8,21,2,2550,1792,1205,2505,2310,2470,,
0,8,21,0,,,,,,,,
20,8,22,1,2607,3060,1852,1091,1084,966,,
36,8,22,0,,,,,,,,
0,8,22,0,,,,,,,,
1,8,23,0,,,,,,,,
34,8,23,2,2085,1925,2877,974,1654,1485,,
0,8,23,0,,,,,,,,
16,8,24,1,3127,2973,2825,2095,1018,2072,,
27,8,24,0,,,,,,,,
0,8,24,0,,,,,,,,
4,8,25,0,,,,,,,,
35,8,25,2,2016,1442,1571,2537,5771,1473,,
0,8,25,0,,,,,,,,
24,8,26,1,1732,1170,2485,1071,1060,1770,,
33,8,26,0,,,,,,,,
0,8,26,0,,,,,,,,
7,8,27,0,,,,,,,,
37,8,27,2,2083,3216,2590,3023,1597,3478,,
0,8,27,0,,,,,,,,
45,8,28,1,3807,1309,3876,2649,1538,4180,,
39,8,28,0,,,,,,,,
0,8,28,0,,,,,,,,
38,8,29,0,,,,,,,,
38,8,29,2,3370,2228,1391,1819,1444,2681,,
0,8,29,0,,,,,,,,
14,8,30,1,4616,3908,1972,7336,1236,1962,,
3,8,30,0,,,,,,,,
0,8,30,0,,,,,,,,
14,8,31,0,,,,,,,,
13,8,31,2,1976,1832,3542,5590,1051,2788,,
0,8,31,0,,,,,,,,
23,8,32,1,1427,2767,1785,1683,1191,1132,,
26,8,32,0,,,,,,,,
0,8,32,0,,,,,,,,
21,9,1,0,,,,,,,,
0,9,1,0,,,,,,,,
20,9,1,2,1643,3286,2905,1102,702,600,,
11,9,2,1,2160,1338,3694,1253,944,525,,
0,9,2,0,,,,,,,,
31,9,2,0,,,,,,,,
41,9,3,0,,,,,,,,
0,9,3,0,,,,,,,,
6,9,3,2,5071,1494,1651,2632,1395,1206,,
8,9,4,1,2172,3496,9801,918,866,960,,
0,9,4,0,,,,,,,,
12,9,4,0,,,,,,,,
34,9,5,0,,,,,,,,
0,9,5,0,,,,,,,,
23,9,5,2,1689,870,966,997,703,918,,
13,9,6,1,1325,1204,1513,1392,1092,951,,
0,9,6,0,,,,,,,,
28,9,6,0,,,,,,,,
10,9,7,0,,,,,,,,
0,9,7,0,,,,,,,,
41,9,7,2,1821,1817,5396,1404,797,2285,,
44,9,8,1,922,727,1094,784,1132,1143,,
0,9,8,0,,,,,,,,
5,9,8,0,,,,,,,,
24,9,9,0,,,,,,,,
0,9,9,0,,,,,,,,
25,9,9,2,2036,3089,1018,1382,2389,2289,,
4,9,10,1,2602,2970,1525,1496,4078,1518,,
0,9,10,0,,,,,,,,
18,9,10,0,,,,,,,,
8,9,11,0,,,,,,,,
34,9,11,2,1249,4520,818,675,694,691,,
0,9,11,0,,,,,,,,
10,9,12,1,1132,3058,1910,1405,1419,544,,
40,9,12,0,,,,,,,,
0,9,12,0,,,,,,,,
15,9,13,0,,,,,,,,
27,9,13,2,2131,,,5781,1523,517,,
0,9,13,0,,,,,,,,
15,9,14,1,1056,757,837,657,687,490,,
9,9,14,0,,,,,,,,
0,9,14,0,,,,,,,,
23,9,15,0,,,,,,,,
18,9,15,2,1254,2527,2146,1214,849,547,,
0,9,15,0,,,,,,,,
29,9,16,1,1518,1601,1162,1023,591,548,,
16,9,16,0,,,,,,,,
0,9,16,0,,,,,,,,
17,9,17,0,,,,,,,,
35,9,17,2,1365,271,3782,954,950,1848,,
0,9,17,0,,,,,,,,
36,9,18,1,3488,2722,5708,876,781,748,,
37,9,18,0,,,,,,,,
0,9,18,0,,,,,,,,
20,9,19,0,,,,,,,,
3,9,19,2,2447,1162,3256,1214,3059,1263,,
0,9,19,0,,,,,,,,
31,9,20,1,2028,1179,1975,1288,821,2753,,
2,9,20,0,,,,,,,,
0,9,20,0,,,,,,,,
30,9,21,0,,,,,,,,
38,9,21,2,1534,1071,817,1814,1478,1783,,
0,9,21,0,,,,,,,,
43,9,22,1,4839,3780,1930,3994,1203,1083,,
36,9,22,0,,,,,,,,
0,9,22,0,,,,,,,,
1,9,23,0,,,,,,,,
19,9,23,2,1387,1324,2141,1316,1208,1064,,
0,9,23,0,,,,,,,,
32,9,24,1,2013,1231,1030,1563,468,1249,,
27,9,24,0,,,,,,,,
0,9,24,0,,,,,,,,
4,9,25,0,,,,,,,,
40,9,25,2,1195,1743,1343,1981,1411,851,,
0,9,25,0,,,,,,,,
17,9,26,1,2339,1416,1369,1518,936,866,,
33,9,26,0,,,,,,,,
0,9,26,0,,,,,,,,
7,9,27,0,,,,,,,,
37,9,27,2,1426,1498,2656,1313,1126,755,,
0,9,27,0,,,,,,,,
16,9,28,1,3176,1202,1905,2817,1114,2141,,
39,9,28,0,,,,,,,,
0,9,28,0,,,,,,,,
38,9,29,0,,,,,,,,
39,9,29,2,1960,2086,1502,1170,1362,1034,,
0,9,29,0,,,,,,,,
28,9,30,1,2836,1432,1285,1720,1105,1397,,
3,9,30,0,,,,,,,,
0,9,30,0,,,,,,,,
14,9,31,0,,,,,,,,
30,9,31,2,1844,9572,1473,1580,876,2275,,
0,9,31,0,,,,,,,,
33,9,32,1,1304,1888,1227,422,924,503,,
26,9,32,0,,,,,,,,
0,9,32,0,,,,,,,,
21,10,1,0,,,,,,,,
0,10,1,0,,,,,,,,
19,10,1,2,2780,1453,1450,1704,826,3655,,
22,10,2,1,2071,1416,1452,1270,1054,1563,,
0,10,2,0,,,,,,,,
31,10,2,0,,,,,,,,
41,10,3,0,,,,,,,,
0,10,3,0,,,,,,,,
41,10,3,2,1595,1946,1696,957,660,2431,,
1,10,4,1,1486,2422,1695,770,673,1100,,
0,10,4,0,,,,,,,,
12,10,4,0,,,,,,,,
34,10,5,0,,,,,,,,
0,10,5,0,,,,,,,,
32,10,5,2,3071,2272,2356,872,480,1957,,
24,10,6,1,1289,1986,7526,1136,1486,599,,
0,10,6,0,,,,,,,,
28,10,6,0,,,,,,,,
10,10,7,0,,,,,,,,
0,10,7,0,,,,,,,,
17,10,7,2,2348,1301,1779,756,855,660,,
13,10,8,1,1876,1313,1645,489,1287,2778,,
0,10,8,0,,,,,,,,
5,10,8,0,,,,,,,,
24,10,9,0,,,,,,,,
0,10,9,0,,,,,,,,
3,10,9,2,1137,1352,1563,782,722,1891,,
38,10,10,1,615,1337,1033,556,697,1017,,
0,10,10,0,,,,,,,,
18,10,10,0,,,,,,,,
8,10,11,0,,,,,,,,
11,10,11,2,1752,1610,942,912,388,685,,
0,10,11,0,,,,,,,,
15,10,12,1,1083,1569,960,1144,671,1362,,
40,10,12,0,,,,,,,,
0,10,12,0,,,,,,,,
15,10,13,0,,,,,,,,
12,10,13,2,1672,1373,2063,1251,1122,914,,
0,10,13,0,,,,,,,,
37,10,14,1,1024,1024,1630,733,581,1770,,
9,10,14,0,,,,,,,,
0,10,14,0,,,,,,,,
23,10,15,0,,,,,,,,
28,10,15,2,732,1189,1593,496,668,2419,,
0,10,15,0,,,,,,,,
7,10,16,1,1884,1672,955,609,438,627,,
16,10,16,0,,,,,,,,
0,10,16,0,,,,,,,,
17,10,17,0,,,,,,,,
30,10,17,2,1640,1783,1251,646,540,1167,,
0,10,17,0,,,,,,,,
36,10,18,1,1116,2366,2492,974,642,1223,,
37,10,18,0,,,,,,,,
0,10,18,0,,,,,,,,
20,10,19,0,,,,,,,,
10,10,19,2,1844,1292,1285,863,1097,1881,,
0,10,19,0,,,,,,,,
29,10,20,1,1896,2672,1928,974,1112,2091,,
2,10,20,0,,,,,,,,
0,10,20,0,,,,,,,,
30,10,21,0,,,,,,,,
40,10,21,2,1757,1367,735,327,1137,1551,,
0,10,21,0,,,,,,,,
26,10,22,1,948,2098,2155,786,750,1110,,
36,10,22,0,,,,,,,,
0,10,22,0,,,,,,,,
1,10,23,0,,,,,,,,
31,10,23,2,1155,973,888,1003,570,1589,,
0,10,23,0,,,,,,,,
8,10,24,1,1636,1123,1154,825,538,949,,
27,10,24,0,,,,,,,,
0,10,24,0,,,,,,,,
4,10,25,0,,,,,,,,
34,10,25,2,1325,208,4131,996,663,2558,,
0,10,25,0,,,,,,,,
27,10,26,1,1345,1578,1321,1132,646,814,,
33,10,26,0,,,,,,,,
0,10,26,0,,,,,,,,
7,10,27,0,,,,,,,,
6,10,27,2,1180,2705,2023,1244,730,7474,,
0,10,27,0,,,,,,,,
16,10,28,1,2967,1838,1189,1317,1096,4855,,
39,10,28,0,,,,,,,,
0,10,28,0,,,,,,,,
38,10,29,0,,,,,,,,
5,10,29,2,1993,2215,1492,1004,708,878,,
0,10,29,0,,,,,,,,
9,10,30,1,2459,2435,1700,1517,1128,1115,,
3,10,30,0,,,,,,,,
0,10,30,0,,,,,,,,
14,10,31,0,,,,,,,,
21,10,31,2,3096,1245,1626,947,638,3079,,
0,10,31,0,,,,,,,,
35,10,32,1,1236,1805,808,899,584,1313,,
26,10,32,0,,,,,,,,
0,10,32,0,,,,,,,,
21,11,1,0,,,,,,,,
0,11,1,0,,,,,,,,
29,11,1,2,1494,3392,1434,8011,1640,1223,,
11,11,2,1,2128,1751,3665,2503,2742,2139,,
0,11,2,0,,,,,,,,
31,11,2,0,,,,,,,,
41,11,3,0,,,,,,,,
0,11,3,0,,,,,,,,
6,11,3,2,1554,1692,2248,3051,1051,1526,,
18,11,4,1,1894,2892,2388,2062,1413,1118,,
0,11,4,0,,,,,,,,
12,11,4,0,,,,,,,,
34,11,5,0,,,,,,,,
0,11,5,0,,,,,,,,
9,11,5,2,1796,1775,3485,1624,1323,1654,,
33,11,6,1,1513,1907,2321,2241,1831,691,,
0,11,6,0,,,,,,,,
28,11,6,0,,,,,,,,
10,11,7,0,,,,,,,,
0,11,7,0,,,,,,,,
40,11,7,2,3918,2221,1875,2774,3071,2450,,
35,11,8,1,1542,1323,1697,3245,1974,1673,,
0,11,8,0,,,,,,,,
5,11,8,0,,,,,,,,
24,11,9,0,,,,,,,,
0,11,9,0,,,,,,,,
27,11,9,2,1908,2071,1669,1425,3937,1221,,
2,11,10,1,1217,1566,1083,2099,1093,922,,
0,11,10,0,,,,,,,,
18,11,10,0,,,,,,,,
8,11,11,0,,,,,,,,
15,11,11,2,2409,3857,6220,2376,1125,1038,,
0,11,11,0,,,,,,,,
31,11,12,1,1401,2998,2358,2687,2612,3066,,
40,11,12,0,,,,,,,,
0,11,12,0,,,,,,,,
15,11,13,0,,,,,,,,
20,11,13,2,2924,2341,3091,2838,1738,1208,,
0,11,13,0,,,,,,,,
13,11,14,1,1874,1391,3135,3211,1517,926,,
9,11,14,0,,,,,,,,
0,11,14,0,,,,,,,,
23,11,15,0,,,,,,,,
5,11,15,2,1050,2578,1953,2084,1536,1344,,
0,11,15,0,,,,,,,,
26,11,16,1,1796,1859,2332,2080,1069,775,,
16,11,16,0,,,,,,,,
0,11,16,0,,,,,,,,
17,11,17,0,,,,,,,,
14,11,17,2,1413,1555,3006,2801,2079,1372,,
0,11,17,0,,,,,,,,
24,11,18,1,3264,3400,2552,2554,1343,2106,,
37,11,18,0,,,,,,,,
0,11,18,0,,,,,,,,
20,11,19,0,,,,,,,,
25,11,19,2,2233,2548,3161,1786,1955,1677,,
0,11,19,0,,,,,,,,
23,11,20,1,2673,1615,2754,3564,1593,3972,,
2,11,20,0,,,,,,,,
0,11,20,0,,,,,,,,
30,11,21,0,,,,,,,,
37,11,21,2,2070,1528,2694,2076,1578,1494,,
0,11,21,0,,,,,,,,
21,11,22,1,1663,1546,1755,1580,2266,1264,,
36,11,22,0,,,,,,,,
0,11,22,0,,,,,,,,
1,11,23,0,,,,,,,,
8,11,23,2,1009,2075,1707,2649,1137,951,,
0,11,23,0,,,,,,,,
32,11,24,1,1916,1524,1376,2653,1162,1801,,
27,11,24,0,,,,,,,,
0,11,24,0,,,,,,,,
4,11,25,0,,,,,,,,
38,11,25,2,2439,2186,1397,1883,1398,1292,,
0,11,25,0,,,,,,,,
22,11,26,1,2364,1733,2433,1520,1346,782,,
33,11,26,0,,,,,,,,
0,11,26,0,,,,,,,,
7,11,27,0,,,,,,,,
4,11,27,2,2005,3317,2254,2658,1294,1775,,
0,11,27,0,,,,,,,,
17,11,28,1,3466,1493,2445,2598,1821,3512,,
39,11,28,0,,,,,,,,
0,11,28,0,,,,,,,,
38,11,29,0,,,,,,,,
1,11,29,2,2036,2071,2389,2885,1590,2462,,
0,11,29,0,,,,,,,,
39,11,30,1,4394,1714,1990,2298,1478,2613,,
3,11,30,0,,,,,,,,
0,11,30,0,,,,,,,,
14,11,31,0,,,,,,,,
16,11,31,2,2472,2112,1741,2491,3771,1551,,
0,11,31,0,,,,,,,,
42,11,32,1,1933,2857,2062,1503,1216,741,,
26,11,32,0,,,,,,,,
0,11,32,0,,,,,,,,
21,12,1,0,,,,,,,,
0,12,1,0,,,,,,,,
30,12,1,2,3108,2360,1633,3956,1416,1212,,
39,12,2,1,3338,3649,3437,2073,1486,1117,,
0,12,2,0,,,,,,,,
31,12,2,0,,,,,,,,
41,12,3,0,,,,,,,,
0,12,3,0,,,,,,,,
10,12,3,2,2807,2211,2017,3050,1243,2865,,
8,12,4,1,2536,3677,1883,2189,1594,1356,,
0,12,4,0,,,,,,,,
12,12,4,0,,,,,,,,
34,12,5,0,,,,,,,,
0,12,5,0,,,,,,,,
34,12,5,2,2115,1368,7046,1661,1224,1319,,
3,12,6,1,1638,2365,2574,2097,2214,1430,,
0,12,6,0,,,,,,,,
28,12,6,0,,,,,,,,
10,12,7,0,,,,,,,,
0,12,7,0,,,,,,,,
41,12,7,2,2821,4784,2577,2501,1512,2147,,
18,12,8,1,1844,2162,1919,1937,2758,3379,,
0,12,8,0,,,,,,,,
5,12,8,0,,,,,,,,
24,12,9,0,,,,,,,,
0,12,9,0,,,,,,,,
15,12,9,2,1712,2206,2006,2073,2025,1579,,
27,12,10,1,1806,2447,2763,2096,2083,1300,,
0,12,10,0,,,,,,,,
18,12,10,0,,,,,,,,
8,12,11,0,,,,,,,,
26,12,11,2,2612,2970,1773,1742,1432,2463,,
0,12,11,0,,,,,,,,
22,12,12,1,2284,2685,2679,2657,1232,1314,,
40,12,12,0,,,,,,,,
0,12,12,0,,,,,,,,
15,12,13,0,,,,,,,,
12,12,13,2,3075,2072,2758,2126,1618,1121,,
0,12,13,0,,,,,,,,
21,12,14,1,1543,2019,2494,1756,1262,1312,,
9,12,14,0,,,,,,,,
0,12,14,0,,,,,,,,
23,12,15,0,,,,,,,,
32,12,15,2,1107,1909,3556,2045,1426,1693,,
0,12,15,0,,,,,,,,
13,12,16,1,2419,2140,3269,2456,1129,1585,,
16,12,16,0,,,,,,,,
0,12,16,0,,,,,,,,
17,12,17,0,,,,,,,,
17,12,17,2,2291,4555,3236,1935,2347,1728,,
0,12,17,0,,,,,,,,
24,12,18,1,1990,3115,2118,1938,1255,2365,,
37,12,18,0,,,,,,,,
0,12,18,0,,,,,,,,
20,12,19,0,,,,,,,,
29,12,19,2,2608,2888,3202,2023,3069,2733,,
0,12,19,0,,,,,,,,
2,12,20,1,3275,2180,2131,2572,1226,2038,,
2,12,20,0,,,,,,,,
0,12,20,0,,,,,,,,
30,12,21,0,,,,,,,,
20,12,21,2,2710,2732,1713,4148,2217,2234,,
0,12,21,0,,,,,,,,
14,12,22,1,2433,2494,4538,2587,1845,1348,,
36,12,22,0,,,,,,,,
0,12,22,0,,,,,,,,
1,12,23,0,,,,,,,,
36,12,23,2,1549,1805,2673,1695,1456,1512,,
0,12,23,0,,,,,,,,
1,12,24,1,3050,2648,2289,2473,1322,1801,,
27,12,24,0,,,,,,,,
0,12,24,0,,,,,,,,
4,12,25,0,,,,,,,,
37,12,25,2,1844,3060,2493,2003,12165,1721,,
0,12,25,0,,,,,,,,
25,12,26,1,3474,1922,2878,1742,1382,2602,,
33,12,26,0,,,,,,,,
0,12,26,0,,,,,,,,
7,12,27,0,,,,,,,,
38,12,27,2,2817,3308,2233,3273,1359,1985,,
0,12,27,0,,,,,,,,
6,12,28,1,3334,2284,4260,2240,1396,4894,,
39,12,28,0,,,,,,,,
0,12,28,0,,,,,,,,
38,12,29,0,,,,,,,,
33,12,29,2,2227,3091,2699,3185,1528,2686,,
0,12,29,0,,,,,,,,
7,12,30,1,3131,2190,2831,2313,2008,2148,,
3,12,30,0,,,,,,,,
0,12,30,0,,,,,,,,
14,12,31,0,,,,,,,,
5,12,31,2,3255,2296,2380,2667,1694,1488,,
0,12,31,0,,,,,,,,
23,12,32,1,1765,3491,1547,1929,1471,1289,,
26,12,32,0,,,,,,,,
0,12,32,0,,,,,,,,
21,13,1,0,,,,,,,,
0,13,1,0,,,,,,,,
14,13,1,2,1118,1541,1331,1534,835,7866,,
7,13,2,1,1363,1557,1896,1946,1461,7421,,
0,13,2,0,,,,,,,,
31,13,2,0,,,,,,,,
41,13,3,0,,,,,,,,
0,13,3,0,,,,,,,,
16,13,3,2,1511,1189,1318,1746,1037,13836,,
9,13,4,1,2654,1956,1395,1503,2026,9818,,
0,13,4,0,,,,,,,,
12,13,4,0,,,,,,,,
34,13,5,0,,,,,,,,
0,13,5,0,,,,,,,,
25,13,5,2,2722,960,1393,1038,920,7883,,
21,13,6,1,1022,1318,1659,896,1053,8080,,
0,13,6,0,,,,,,,,
28,13,6,0,,,,,,,,
10,13,7,0,,,,,,,,
0,13,7,0,,,,,,,,
19,13,7,2,1736,2284,1608,1092,1033,11816,,
2,13,8,1,1296,1088,1326,1035,1329,10602,,
0,13,8,0,,,,,,,,
5,13,8,0,,,,,,,,
24,13,9,0,,,,,,,,
0,13,9,0,,,,,,,,
31,13,9,2,1000,1238,1255,2326,869,6561,,
35,13,10,1,1191,1143,1145,1312,1477,5049,,
0,13,10,0,,,,,,,,
18,13,10,0,,,,,,,,
8,13,11,0,,,,,,,,
37,13,11,2,1501,3169,1214,1320,741,2939,,
0,13,11,0,,,,,,,,
28,13,12,1,1027,1705,1600,2468,982,12113,,
40,13,12,0,,,,,,,,
0,13,12,0,,,,,,,,
15,13,13,0,,,,,,,,
42,13,13,2,1311,1876,1368,1963,1470,4357,,
0,13,13,0,,,,,,,,
34,13,14,1,1665,786,1007,1057,1360,8819,,
9,13,14,0,,,,,,,,
0,13,14,0,,,,,,,,
23,13,15,0,,,,,,,,
1,13,15,2,1334,2031,1483,1148,1017,8219,,
0,13,15,0,,,,,,,,
18,13,16,1,2228,1165,1229,1057,864,10029,,
16,13,16,0,,,,,,,,
0,13,16,0,,,,,,,,
17,13,17,0,,,,,,,,
27,13,17,2,1478,1276,1544,1411,1078,12283,,
0,13,17,0,,,,,,,,
39,13,18,1,1031,1627,2627,986,831,3075,,
37,13,18,0,,,,,,,,
0,13,18,0,,,,,,,,
20,13,19,0,,,,,,,,
4,13,19,2,1836,4155,1554,792,3623,7604,,
0,13,19,0,,,,,,,,
13,13,20,1,1606,1643,1271,1143,865,10590,,
2,13,20,0,,,,,,,,
0,13,20,0,,,,,,,,
30,13,21,0,,,,,,,,
40,13,21,2,1178,1384,1396,1145,1071,5405,,
0,13,21,0,,,,,,,,
33,13,22,1,1113,2098,1256,1152,1155,2350,,
36,13,22,0,,,,,,,,
0,13,22,0,,,,,,,,
1,13,23,0,,,,,,,,
41,13,23,2,1077,2022,2070,1798,1649,5508,,
0,13,23,0,,,,,,,,
5,13,24,1,1804,1383,1583,1871,816,8354,,
27,13,24,0,,,,,,,,
0,13,24,0,,,,,,,,
4,13,25,0,,,,,,,,
12,13,25,2,1395,3063,1332,1376,754,10269,,
0,13,25,0,,,,,,,,
38,13,26,1,1056,1332,1267,986,892,5065,,
33,13,26,0,,,,,,,,
0,13,26,0,,,,,,,,
7,13,27,0,,,,,,,,
29,13,27,2,1564,1265,1304,1519,2707,6252,,
0,13,27,0,,,,,,,,
24,13,28,1,1502,1366,1810,1111,862,10202,,
39,13,28,0,,,,,,,,
0,13,28,0,,,,,,,,
38,13,29,0,,,,,,,,
30,13,29,2,1386,1382,1510,1159,1667,6531,,
0,13,29,0,,,,,,,,
6,13,30,1,1624,1189,1913,1086,1219,8522,,
3,13,30,0,,,,,,,,
0,13,30,0,,,,,,,,
14,13,31,0,,,,,,,,
23,13,31,2,1102,1392,1769,1814,1363,13538,,
0,13,31,0,,,,,,,,
11,13,32,1,1288,1793,1814,1068,1047,7967,,
26,13,32,0,,,,,,,,
0,13,32,0,,,,,,,,
21,14,1,0,,,,,,,,
0,14,1,0,,,,,,,,
18,14,1,2,2939,1721,3852,1164,1300,865,,
14,14,2,1,4175,2341,1610,1679,1335,1238,,
0,14,2,0,,,,,,,,
31,14,2,0,,,,,,,,
41,14,3,0,,,,,,,,
0,14,3,0,,,,,,,,
1,14,3,2,3240,1891,3106,1695,1090,2404,,
7,14,4,1,3335,4320,2329,1665,1092,1700,,
0,14,4,0,,,,,,,,
12,14,4,0,,,,,,,,
34,14,5,0,,,,,,,,
0,14,5,0,,,,,,,,
29,14,5,2,3369,2179,2292,1293,1209,1458,,
20,14,6,1,1634,1584,1547,1946,1389,1330,,
0,14,6,0,,,,,,,,
28,14,6,0,,,,,,,,
10,14,7,0,,,,,,,,
0,14,7,0,,,,,,,,
12,14,7,2,2672,2316,2103,1343,1657,4130,,
22,14,8,1,1152,3675,1862,2021,1796,2119,,
0,14,8,0,,,,,,,,
5,14,8,0,,,,,,,,
24,14,9,0,,,,,,,,
0,14,9,0,,,,,,,,
40,14,9,2,1350,1984,1759,1598,916,1889,,
3,14,10,1,2082,3867,4379,3518,1388,2779,,
0,14,10,0,,,,,,,,
18,14,10,0,,,,,,,,
8,14,11,0,,,,,,,,
5,14,11,2,4911,3620,3223,1634,885,1540,,
0,14,11,0,,,,,,,,
38,14,12,1,1306,3492,1806,2453,1768,1190,,
40,14,12,0,,,,,,,,
0,14,12,0,,,,,,,,
15,14,13,0,,,,,,,,
34,14,13,2,2837,1388,2062,1522,2139,1193,,
0,14,13,0,,,,,,,,
36,14,14,1,2162,1073,1619,1712,1530,1338,,
9,14,14,0,,,,,,,,
0,14,14,0,,,,,,,,
23,14,15,0,,,,,,,,
17,14,15,2,1289,1464,1237,1679,1525,1269,,
0,14,15,0,,,,,,,,
10,14,16,1,4329,3151,1920,1865,1533,3054,,
16,14,16,0,,,,,,,,
0,14,16,0,,,,,,,,
17,14,17,0,,,,,,,,
35,14,17,2,1824,3311,2249,1533,1975,1560,,
0,14,17,0,,,,,,,,
24,14,18,1,1427,2099,1685,2044,2765,1864,,
37,14,18,0,,,,,,,,
0,14,18,0,,,,,,,,
20,14,19,0,,,,,,,,
39,14,19,2,3791,3203,2019,1170,1920,2381,,
0,14,19,0,,,,,,,,
27,14,20,1,1890,1875,1844,2508,1787,1164,,
2,14,20,0,,,,,,,,
0,14,20,0,,,,,,,,
30,14,21,0,,,,,,,,
16,14,21,2,2702,1447,1027,1602,1184,1158,,
0,14,21,0,,,,,,,,
6,14,22,1,4588,1875,1736,1212,1022,1043,,
36,14,22,0,,,,,,,,
0,14,22,0,,,,,,,,
1,14,23,0,,,,,,,,
37,14,23,2,1399,1562,2081,1000,999,1295,,
0,14,23,0,,,,,,,,
26,14,24,1,3571,1487,1367,3326,1148,1454,,
27,14,24,0,,,,,,,,
0,14,24,0,,,,,,,,
4,14,25,0,,,,,,,,
9,14,25,2,3637,3179,1486,2291,1457,1278,,
0,14,25,0,,,,,,,,
32,14,26,1,2175,3011,2912,2343,1777,1432,,
33,14,26,0,,,,,,,,
0,14,26,0,,,,,,,,
7,14,27,0,,,,,,,,
42,14,27,2,1360,2052,2317,2116,936,1094,,
0,14,27,0,,,,,,,,
25,14,28,1,2949,1653,2312,2354,2357,2560,,
39,14,28,0,,,,,,,,
0,14,28,0,,,,,,,,
38,14,29,0,,,,,,,,
11,14,29,2,3914,2685,1503,2156,1452,1255,,
0,14,29,0,,,,,,,,
43,14,30,1,1761,1707,1593,1862,1150,937,,
3,14,30,0,,,,,,,,
0,14,30,0,,,,,,,,
14,14,31,0,,,,,,,,
28,14,31,2,1733,1931,1720,2704,944,1417,,
0,14,31,0,,,,,,,,
33,14,32,1,1504,1935,1299,2506,1646,1421,,
26,14,32,0,,,,,,,,
0,14,32,0,,,,,,,,
21,15,1,0,,,,,,,,
0,15,1,0,,,,,,,,
20,15,1,2,4073,2860,2868,3389,1549,1709,,
17,15,2,1,2123,2356,2040,2495,2139,1953,,
0,15,2,0,,,,,,,,
31,15,2,0,,,,,,,,
41,15,3,0,,,,,,,,
0,15,3,0,,,,,,,,
22,15,3,2,3448,1857,1844,2339,2839,2946,,
39,15,4,1,1536,3161,1970,3172,1991,1742,,
0,15,4,0,,,,,,,,
12,15,4,0,,,,,,,,
34,15,5,0,,,,,,,,
0,15,5,0,,,,,,,,
6,15,5,2,1780,2809,3558,1832,1428,1696,,
42,15,6,1,2291,2025,1751,2078,1905,1754,,
0,15,6,0,,,,,,,,
28,15,6,0,,,,,,,,
10,15,7,0,,,,,,,,
0,15,7,0,,,,,,,,
37,15,7,2,1939,2782,2760,3796,2074,2200,,
13,15,8,1,1528,2000,1572,1396,2040,3329,,
0,15,8,0,,,,,,,,
5,15,8,0,,,,,,,,
24,15,9,0,,,,,,,,
0,15,9,0,,,,,,,,
2,15,9,2,1317,3186,3576,2990,2387,2651,,
33,15,10,1,2217,1825,2004,2341,2505,2042,,
0,15,10,0,,,,,,,,
18,15,10,0,,,,,,,,
8,15,11,0,,,,,,,,
27,15,11,2,1771,3523,2766,4230,1467,1853,,
0,15,11,0,,,,,,,,
29,15,12,1,1751,3438,1916,3001,1978,1320,,
40,15,12,0,,,,,,,,
0,15,12,0,,,,,,,,
15,15,13,0,,,,,,,,
25,15,13,2,2111,1998,2732,2362,1893,1307,,
0,15,13,0,,,,,,,,
8,15,14,1,2703,,2208,1871,1535,1767,,
9,15,14,0,,,,,,,,
0,15,14,0,,,,,,,,
23,15,15,0,,,,,,,,
15,15,15,2,1208,1751,2220,2320,1645,2112,,
0,15,15,0,,,,,,,,
16,15,16,1,1734,2206,2388,2271,2020,1577,,
16,15,16,0,,,,,,,,
0,15,16,0,,,,,,,,
17,15,17,0,,,,,,,,
4,15,17,2,1676,2478,2551,2270,1943,3190,,
0,15,17,0,,,,,,,,
32,15,18,1,1575,2037,1840,1685,1583,1596,,
37,15,18,0,,,,,,,,
0,15,18,0,,,,,,,,
20,15,19,0,,,,,,,,
31,15,19,2,2565,3093,3133,1852,1850,2776,,
0,15,19,0,,,,,,,,
1,15,20,1,2402,2432,2632,2513,1717,2935,,
2,15,20,0,,,,,,,,
0,15,20,0,,,,,,,,
30,15,21,0,,,,,,,,
11,15,21,2,3301,2391,2037,4458,1477,2762,,
0,15,21,0,,,,,,,,
24,15,22,1,1251,2286,2294,2805,2269,1669,,
36,15,22,0,,,,,,,,
0,15,22,0,,,,,,,,
1,15,23,0,,,,,,,,
30,15,23,2,1919,2009,3331,2093,1657,2292,,
0,15,23,0,,,,,,,,
19,15,24,1,2108,1628,2377,4083,1619,1726,,
27,15,24,0,,,,,,,,
0,15,24,0,,,,,,,,
4,15,25,0,,,,,,,,
35,15,25,2,2180,3873,1591,2470,2234,2040,,
0,15,25,0,,,,,,,,
5,15,26,1,1725,1661,2619,2495,2044,2102,,
33,15,26,0,,,,,,,,
0,15,26,0,,,,,,,,
7,15,27,0,,,,,,,,
26,15,27,2,1996,2580,2341,2661,2158,2138,,
0,15,27,0,,,,,,,,
36,15,28,1,1670,1402,2976,2199,1802,3854,,
39,15,28,0,,,,,,,,
0,15,28,0,,,,,,,,
38,15,29,0,,,,,,,,
41,15,29,2,2609,2204,3629,2545,2339,3028,,
0,15,29,0,,,,,,,,
28,15,30,1,2326,2277,2680,2840,2196,3578,,
3,15,30,0,,,,,,,,
0,15,30,0,,,,,,,,
14,15,31,0,,,,,,,,
10,15,31,2,2092,1985,1967,3120,1716,1944,,
0,15,31,0,,,,,,,,
12,15,32,1,2302,3713,3055,3353,1583,1425,,
26,15,32,0,,,,,,,,
0,15,32,0,,,,,,,,
21,16,1,0,,,,,,,,
0,16,1,0,,,,,,,,
16,16,1,2,1467,2611,1982,2449,927,1095,,
8,16,2,1,2060,1905,2385,2590,1295,2849,,
0,16,2,0,,,,,,,,
31,16,2,0,,,,,,,,
41,16,3,0,,,,,,,,
0,16,3,0,,,,,,,,
33,16,3,2,1708,1116,1355,1980,1355,1638,,
22,16,4,1,1430,2078,2220,2393,1309,2489,,
0,16,4,0,,,,,,,,
12,16,4,0,,,,,,,,
34,16,5,0,,,,,,,,
0,16,5,0,,,,,,,,
30,16,5,2,1727,1825,4267,1242,1190,1063,,
11,16,6,1,1484,1294,1663,1783,1603,2239,,
0,16,6,0,,,,,,,,
28,16,6,0,,,,,,,,
10,16,7,0,,,,,,,,
0,16,7,0,,,,,,,,
5,16,7,2,1377,2010,1659,2389,1501,2402,,
13,16,8,1,1005,1446,1628,1159,1392,1975,,
0,16,8,0,,,,,,,,
5,16,8,0,,,,,,,,
24,16,9,0,,,,,,,,
0,16,9,0,,,,,,,,
41,16,9,2,1192,1764,1542,2036,1327,2964,,
2,16,10,1,1648,1765,2165,1329,970,3056,,
0,16,10,0,,,,,,,,
18,16,10,0,,,,,,,,
8,16,11,0,,,,,,,,
1,16,11,2,1820,2757,1089,2181,1378,2761,,
0,16,11,0,,,,,,,,
18,16,12,1,969,2195,2090,2551,1336,1963,,
40,16,12,0,,,,,,,,
0,16,12,0,,,,,,,,
15,16,13,0,,,,,,,,
10,16,13,2,2298,1359,2906,2209,2020,2513,,
0,16,13,0,,,,,,,,
35,16,14,1,1116,845,1384,2175,1145,1069,,
9,16,14,0,,,,,,,,
0,16,14,0,,,,,,,,
23,16,15,0,,,,,,,,
27,16,15,2,1084,2126,1468,2054,1490,1033,,
0,16,15,0,,,,,,,,
36,16,16,1,1516,1865,1569,1270,806,1068,,
16,16,16,0,,,,,,,,
0,16,16,0,,,,,,,,
17,16,17,0,,,,,,,,
21,16,17,2,1414,1997,2040,1842,2945,1527,,
0,16,17,0,,,,,,,,
29,16,18,1,1414,2759,1791,1326,1839,1312,,
37,16,18,0,,,,,,,,
0,16,18,0,,,,,,,,
20,16,19,0,,,,,,,,
25,16,19,2,1546,1746,2344,1400,1568,2708,,
0,16,19,0,,,,,,,,
32,16,20,1,1468,2325,1798,1864,1289,1456,,
2,16,20,0,,,,,,,,
0,16,20,0,,,,,,,,
30,16,21,0,,,,,,,,
26,16,21,2,1420,1156,1169,1866,1433,1299,,
0,16,21,0,,,,,,,,
20,16,22,1,1037,2582,1568,2233,1658,1092,,
36,16,22,0,,,,,,,,
0,16,22,0,,,,,,,,
1,16,23,0,,,,,,,,
38,16,23,2,1126,1594,1850,1874,1111,2045,,
0,16,23,0,,,,,,,,
15,16,24,1,2216,2599,1489,2331,1075,2283,,
27,16,24,0,,,,,,,,
0,16,24,0,,,,,,,,
4,16,25,0,,,,,,,,
19,16,25,2,1355,1494,1943,2681,1325,1236,,
0,16,25,0,,,,,,,,
39,16,26,1,1654,1491,1228,1747,2205,1058,,
33,16,26,0,,,,,,,,
0,16,26,0,,,,,,,,
7,16,27,0,,,,,,,,
28,16,27,2,1601,2091,2112,2351,2120,3774,,
0,16,27,0,,,,,,,,
24,16,28,1,2263,2068,1818,2049,1892,3628,,
39,16,28,0,,,,,,,,
0,16,28,0,,,,,,,,
38,16,29,0,,,,,,,,
40,16,29,2,1512,2387,2349,2079,2212,3986,,
0,16,29,0,,,,,,,,
37,16,30,1,1961,1852,2312,1957,1390,3047,,
3,16,30,0,,,,,,,,
0,16,30,0,,,,,,,,
14,16,31,0,,,,,,,,
4,16,31,2,1331,1682,2074,4101,969,2044,,
0,16,31,0,,,,,,,,
7,16,32,1,968,2917,1321,1271,1013,935,,
26,16,32,0,,,,,,,,
0,16,32,0,,,,,,,,
28,17,1,1,1897,2378,2161,2031,2054,1104,,
0,17,1,0,,,,,,,,
16,17,1,0,,,,,,,,
8,17,2,0,,,,,,,,
0,17,2,0,,,,,,,,
38,17,2,2,2356,1904,1509,1886,2248,1222,,
41,17,3,1,3607,2436,3101,2714,1984,2533,,
0,17,3,0,,,,,,,,
33,17,3,0,,,,,,,,
22,17,4,0,,,,,,,,
0,17,4,0,,,,,,,,
6,17,4,2,1986,4792,1675,1831,1340,2210,,
30,17,5,1,2548,2492,1240,1164,2016,1913,,
0,17,5,0,,,,,,,,
30,17,5,0,,,,,,,,
11,17,6,0,,,,,,,,
0,17,6,0,,,,,,,,
2,17,6,2,4318,1850,2431,1736,1554,1416,,
17,17,7,1,2193,1887,1477,1483,1170,1915,,
0,17,7,0,,,,,,,,
5,17,7,0,,,,,,,,
13,17,8,0,,,,,,,,
0,17,8,0,,,,,,,,
10,17,8,2,1628,1864,2405,1553,3001,2985,,
36,17,9,1,2017,3039,1445,1724,1147,2245,,
0,17,9,0,,,,,,,,
41,17,9,0,,,,,,,,
2,17,10,0,,,,,,,,
0,17,10,0,,,,,,,,
15,17,10,2,2079,1432,1275,1266,1572,1448,,
40,17,11,1,1967,3370,2761,1670,2237,1436,,
1,17,11,0,,,,,,,,
0,17,11,0,,,,,,,,
18,17,12,0,,,,,,,,
22,17,12,2,2814,2262,1303,2115,1244,919,,
0,17,12,0,,,,,,,,
20,17,13,1,1972,1361,2090,2215,1301,1231,,
10,17,13,0,,,,,,,,
0,17,13,0,,,,,,,,
35,17,14,0,,,,,,,,
19,17,14,2,1226,1716,1873,1600,1636,2059,,
0,17,14,0,,,,,,,,
24,17,15,1,2103,2486,2603,1431,1438,962,,
27,17,15,0,,,,,,,,
0,17,15,0,,,,,,,,
36,17,16,0,,,,,,,,
33,17,16,2,1963,3372,4159,3960,1961,1406,,
0,17,16,0,,,,,,,,
34,17,17,1,3660,4752,2025,1134,834,999,,
21,17,17,0,,,,,,,,
0,17,17,0,,,,,,,,
29,17,18,0,,,,,,,,
26,17,18,2,3294,2029,1585,1469,1374,1449,,
0,17,18,0,,,,,,,,
9,17,19,1,3576,2660,2267,1238,1376,1873,,
25,17,19,0,,,,,,,,
0,17,19,0,,,,,,,,
32,17,20,0,,,,,,,,
5,17,20,2,2520,2140,2440,1569,1131,1880,,
0,17,20,0,,,,,,,,
27,17,21,1,3461,1263,2107,1716,2525,2519,,
26,17,21,0,,,,,,,,
0,17,21,0,,,,,,,,
20,17,22,0,,,,,,,,
14,17,22,2,2908,1788,1614,1604,2236,1127,,
0,17,22,0,,,,,,,,
8,17,23,1,1561,2113,1866,1212,878,2453,,
38,17,23,0,,,,,,,,
0,17,23,0,,,,,,,,
15,17,24,0,,,,,,,,
25,17,24,2,4193,1171,1687,3036,904,1156,,
0,17,24,0,,,,,,,,
4,17,25,1,5102,2238,2754,2199,847,1614,,
19,17,25,0,,,,,,,,
0,17,25,0,,,,,,,,
39,17,26,0,,,,,,,,
1,17,26,2,1956,1771,2308,2912,2090,2357,,
0,17,26,0,,,,,,,,
43,17,27,1,3189,3393,2936,3717,2078,2798,,
28,17,27,0,,,,,,,,
0,17,27,0,,,,,,,,
24,17,28,0,,,,,,,,
12,17,28,2,3667,1147,1910,2947,1414,3390,,
0,17,28,0,,,,,,,,
32,17,29,1,,10215,1976,1375,565,1439,,
40,17,29,0,,,,,,,,
0,17,29,0,,,,,,,,
37,17,30,0,,,,,,,,
13,17,30,2,2201,3723,1635,2516,1211,1981,,
0,17,30,0,,,,,,,,
23,17,31,1,2953,1608,1942,1019,1125,1347,,
4,17,31,0,,,,,,,,
0,17,31,0,,,,,,,,
7,17,32,0,,,,,,,,
21,17,32,2,2447,8165,2170,5972,1133,621,,
0,17,32,0,,,,,,,,
28,18,1,0,,,,,,,,
0,18,1,0,,,,,,,,
37,18,1,2,3707,2296,978,1039,811,1200,,
11,18,2,1,2091,1242,2203,1971,1151,1741,,
0,18,2,0,,,,,,,,
38,18,2,0,,,,,,,,
41,18,3,0,,,,,,,,
0,18,3,0,,,,,,,,
4,18,3,2,2263,1072,1664,902,1140,2171,,
41,18,4,1,2621,2808,1396,1257,829,1856,,
0,18,4,0,,,,,,,,
6,18,4,0,,,,,,,,
30,18,5,0,,,,,,,,
0,18,5,0,,,,,,,,
6,18,5,2,3182,2160,2284,964,756,1639,,
21,18,6,1,2232,1554,1148,1050,1019,946,,
0,18,6,0,,,,,,,,
2,18,6,0,,,,,,,,
17,18,7,0,,,,,,,,
0,18,7,0,,,,,,,,
31,18,7,2,2197,1503,1848,1842,1165,779,,
34,18,8,1,1054,1020,1280,525,1170,1131,,
0,18,8,0,,,,,,,,
10,18,8,0,,,,,,,,
36,18,9,0,,,,,,,,
0,18,9,0,,,,,,,,
39,18,9,2,1077,1482,831,699,1076,890,,
13,18,10,1,893,1277,1384,1122,926,2218,,
0,18,10,0,,,,,,,,
15,18,10,0,,,,,,,,
40,18,11,0,,,,,,,,
18,18,11,2,1179,1467,1407,1124,604,1466,,
0,18,11,0,,,,,,,,
23,18,12,1,839,2267,1263,1169,633,1312,,
22,18,12,0,,,,,,,,
0,18,12,0,,,,,,,,
20,18,13,0,,,,,,,,
43,18,13,2,1146,1284,1265,1229,1197,792,,
0,18,13,0,,,,,,,,
25,18,14,1,1945,806,922,777,1080,711,,
19,18,14,0,,,,,,,,
0,18,14,0,,,,,,,,
24,18,15,0,,,,,,,,
15,18,15,2,1136,2074,1203,1064,1190,1172,,
0,18,15,0,,,,,,,,
17,18,16,1,1214,1631,1757,1390,793,855,,
33,18,16,0,,,,,,,,
0,18,16,0,,,,,,,,
34,18,17,0,,,,,,,,
30,18,17,2,1571,1233,1533,1335,913,787,,
0,18,17,0,,,,,,,,
9,18,18,1,1871,1918,2525,1435,975,2370,,
26,18,18,0,,,,,,,,
0,18,18,0,,,,,,,,
9,18,19,0,,,,,,,,
29,18,19,2,1664,1803,2586,959,883,1251,,
0,18,19,0,,,,,,,,
33,18,20,1,1803,1348,1309,893,727,614,,
5,18,20,0,,,,,,,,
0,18,20,0,,,,,,,,
27,18,21,0,,,,,,,,
1,18,21,2,2610,967,1032,1524,1274,2239,,
0,18,21,0,,,,,,,,
2,18,22,1,4116,2028,1687,881,1656,1670,,
14,18,22,0,,,,,,,,
0,18,22,0,,,,,,,,
8,18,23,0,,,,,,,,
44,18,23,2,811,1110,1165,1175,1025,1102,,
0,18,23,0,,,,,,,,
24,18,24,1,1753,991,509,1105,646,989,,
25,18,24,0,,,,,,,,
0,18,24,0,,,,,,,,
4,18,25,0,,,,,,,,
27,18,25,2,1207,1121,1760,1175,762,853,,
0,18,25,0,,,,,,,,
20,18,26,1,1668,1299,1523,946,760,792,,
1,18,26,0,,,,,,,,
0,18,26,0,,,,,,,,
43,18,27,0,,,,,,,,
3,18,27,2,1921,1725,2161,3152,1006,1229,,
0,18,27,0,,,,,,,,
16,18,28,1,2565,872,1462,1510,1022,1998,,
12,18,28,0,,,,,,,,
0,18,28,0,,,,,,,,
32,18,29,0,,,,,,,,
10,18,29,2,2378,1416,1408,1553,953,2174,,
0,18,29,0,,,,,,,,
26,18,30,1,2210,1394,2572,1790,964,1108,,
13,18,30,0,,,,,,,,
0,18,30,0,,,,,,,,
23,18,31,0,,,,,,,,
28,18,31,2,792,1509,1362,1085,888,1120,,
0,18,31,0,,,,,,,,
36,18,32,1,1409,1659,1417,460,991,982,,
21,18,32,0,,,,,,,,
0,18,32,0,,,,,,,,
2,19,1,1,2220,2162,1916,1670,1109,2410,,
0,19,1,0,,,,,,,,
37,19,1,0,,,,,,,,
11,19,2,0,,,,,,,,
0,19,2,0,,,,,,,,
15,19,2,2,2180,1572,1745,7221,1335,1027,,
11,19,3,1,1630,1510,865,1060,606,1033,,
0,19,3,0,,,,,,,,
4,19,3,0,,,,,,,,
41,19,4,0,,,,,,,,
0,19,4,0,,,,,,,,
40,19,4,2,1186,2042,1045,1322,842,944,,
9,19,5,1,1472,1191,1038,945,966,1254,,
0,19,5,0,,,,,,,,
6,19,5,0,,,,,,,,
21,19,6,0,,,,,,,,
0,19,6,0,,,,,,,,
38,19,6,2,1020,845,1982,1269,1897,2440,,
27,19,7,1,1408,1123,1578,1238,1144,5967,,
0,19,7,0,,,,,,,,
31,19,7,0,,,,,,,,
34,19,8,0,,,,,,,,
0,19,8,0,,,,,,,,
4,19,8,2,1971,1244,791,1131,1132,2666,,
22,19,9,1,934,1067,1249,671,608,771,,
0,19,9,0,,,,,,,,
39,19,9,0,,,,,,,,
13,19,10,0,,,,,,,,
0,19,10,0,,,,,,,,
35,19,10,2,946,802,1157,1418,561,755,,
18,19,11,1,985,1112,1013,694,475,781,,
18,19,11,0,,,,,,,,
0,19,11,0,,,,,,,,
23,19,12,0,,,,,,,,
6,19,12,2,1530,2386,881,1176,881,1056,,
0,19,12,0,,,,,,,,
1,19,13,1,1803,2017,1443,903,922,2020,,
43,19,13,0,,,,,,,,
0,19,13,0,,,,,,,,
25,19,14,0,,,,,,,,
31,19,14,2,1461,755,3670,1347,1148,1796,,
0,19,14,0,,,,,,,,
30,19,15,1,851,848,836,910,737,738,,
15,19,15,0,,,,,,,,
0,19,15,0,,,,,,,,
17,19,16,0,,,,,,,,
20,19,16,2,1089,1306,1386,820,629,860,,
0,19,16,0,,,,,,,,
21,19,17,1,1200,1615,1554,565,581,1361,,
30,19,17,0,,,,,,,,
0,19,17,0,,,,,,,,
9,19,18,0,,,,,,,,
42,19,18,2,2564,2583,1612,958,828,1109,,
0,19,18,0,,,,,,,,
25,19,19,1,1561,2729,2245,836,4278,1377,,
29,19,19,0,,,,,,,,
0,19,19,0,,,,,,,,
33,19,20,0,,,,,,,,
7,19,20,2,2269,1394,2817,883,1351,1361,,
0,19,20,0,,,,,,,,
37,19,21,1,1464,932,1073,1015,824,738,,
1,19,21,0,,,,,,,,
0,19,21,0,,,,,,,,
2,19,22,0,,,,,,,,
13,19,22,2,1132,1967,1008,615,961,765,,
0,19,22,0,,,,,,,,
8,19,23,1,943,794,1625,1494,2326,1405,,
44,19,23,0,,,,,,,,
0,19,23,0,,,,,,,,
24,19,24,0,,,,,,,,
32,19,24,2,1951,891,874,867,606,1146,,
0,19,24,0,,,,,,,,
19,19,25,1,1310,1280,817,919,573,843,,
27,19,25,0,,,,,,,,
0,19,25,0,,,,,,,,
20,19,26,0,,,,,,,,
26,19,26,2,1945,1776,2089,1101,1063,5652,,
0,19,26,0,,,,,,,,
34,19,27,1,1342,1506,1081,1476,3106,1074,,
3,19,27,0,,,,,,,,
0,19,27,0,,,,,,,,
16,19,28,0,,,,,,,,
29,19,28,2,1607,1085,1680,1196,751,2054,,
0,19,28,0,,,,,,,,
33,19,29,1,1649,1350,1201,1099,795,2882,,
10,19,29,0,,,,,,,,
0,19,29,0,,,,,,,,
26,19,30,0,,,,,,,,
14,19,30,2,3370,3890,1014,995,1053,1200,,
0,19,30,0,,,,,,,,
24,19,31,1,2431,1358,1658,733,543,2471,,
28,19,31,0,,,,,,,,
0,19,31,0,,,,,,,,
36,19,32,0,,,,,,,,
17,19,32,2,1225,2635,822,823,611,557,,
0,19,32,0,,,,,,,,
