seq,subj,item,cond,R1,R2,R3,R4,R5,R6,R7,R8
0,1,1,0,,,,,,,,
0,1,1,0,,,,,,,,
50,1,1,2,0,1,1,0,,1,,
16,1,2,1,0,1,1,1,1,1,,
0,1,2,0,,,,,,,,
0,1,2,0,,,,,,,,
0,1,3,0,,,,,,,,
0,1,3,0,,,,,,,,
12,1,3,2,0,1,0,1,,1,,
59,1,4,1,0,1,1,0,,1,,
0,1,4,0,,,,,,,,
0,1,4,0,,,,,,,,
0,1,5,0,,,,,,,,
0,1,5,0,,,,,,,,
5,1,5,2,0,1,1,0,0,1,,
22,1,6,1,0,1,1,1,0,0,,
0,1,6,0,,,,,,,,
0,1,6,0,,,,,,,,
0,1,7,0,,,,,,,,
0,1,7,0,,,,,,,,
14,1,7,2,0,1,1,1,1,1,,
36,1,8,1,0,0,0,0,0,0,,
0,1,8,0,,,,,,,,
0,1,8,0,,,,,,,,
0,1,9,0,,,,,,,,
0,1,9,0,,,,,,,,
27,1,9,2,0,1,0,0,1,1,,
53,1,10,1,0,,1,0,0,1,,
0,1,10,0,,,,,,,,
0,1,10,0,,,,,,,,
0,1,11,0,,,,,,,,
55,1,11,2,0,1,1,1,1,1,,
0,1,11,0,,,,,,,,
65,1,12,1,0,0,1,1,1,0,,
0,1,12,0,,,,,,,,
0,1,12,0,,,,,,,,
0,1,13,0,,,,,,,,
33,1,13,2,0,0,0,1,,1,,
0,1,13,0,,,,,,,,
68,1,14,1,0,0,0,1,1,,1,
0,1,14,0,,,,,,,,
0,1,14,0,,,,,,,,
0,1,15,0,,,,,,,,
45,1,15,2,0,1,0,1,0,1,,
0,1,15,0,,,,,,,,
52,1,16,1,0,1,0,0,0,1,,
0,1,16,0,,,,,,,,
0,1,16,0,,,,,,,,
0,1,17,0,,,,,,,,
57,1,17,2,0,0,1,1,0,1,,
0,1,17,0,,,,,,,,
8,1,18,1,0,1,1,0,1,1,,
0,1,18,0,,,,,,,,
0,1,18,0,,,,,,,,
0,1,19,0,,,,,,,,
9,1,19,2,0,1,1,1,0,1,,
0,1,19,0,,,,,,,,
67,1,20,1,0,1,1,0,,,1,
0,1,20,0,,,,,,,,
0,1,20,0,,,,,,,,
0,1,21,0,,,,,,,,
46,1,21,2,0,0,0,0,0,1,,
0,1,21,0,,,,,,,,
64,1,22,1,0,0,1,1,1,1,,
0,1,22,0,,,,,,,,
0,1,22,0,,,,,,,,
0,1,23,0,,,,,,,,
63,1,23,2,0,0,1,0,0,1,,
0,1,23,0,,,,,,,,
18,1,24,1,0,1,1,1,,1,,
0,1,24,0,,,,,,,,
0,1,24,0,,,,,,,,
0,1,25,0,,,,,,,,
35,1,25,2,0,0,0,0,0,0,,
0,1,25,0,,,,,,,,
10,1,26,1,0,1,1,0,0,1,,
0,1,26,0,,,,,,,,
0,1,26,0,,,,,,,,
0,1,27,0,,,,,,,,
7,1,27,2,0,1,0,1,1,1,,
0,1,27,0,,,,,,,,
34,1,28,1,0,0,0,1,0,1,,
0,1,28,0,,,,,,,,
0,1,28,0,,,,,,,,
0,1,29,0,,,,,,,,
56,1,29,2,0,1,1,1,1,1,,
0,1,29,0,,,,,,,,
20,1,30,1,0,1,1,1,1,1,,
0,1,30,0,,,,,,,,
0,1,30,0,,,,,,,,
0,1,31,0,,,,,,,,
24,1,31,2,0,1,1,0,1,1,,
0,1,31,0,,,,,,,,
58,1,32,1,0,0,1,0,1,1,,
0,1,32,0,,,,,,,,
0,1,32,0,,,,,,,,
0,2,1,0,,,,,,,,
0,2,1,0,,,,,,,,
13,2,1,2,0,0,0,0,,1,,
8,2,2,1,0,0,0,0,0,0,,
0,2,2,0,,,,,,,,
0,2,2,0,,,,,,,,
0,2,3,0,,,,,,,,
0,2,3,0,,,,,,,,
61,2,3,2,0,0,0,0,0,0,,
11,2,4,1,0,0,1,0,,1,,
0,2,4,0,,,,,,,,
0,2,4,0,,,,,,,,
0,2,5,0,,,,,,,,
0,2,5,0,,,,,,,,
57,2,5,2,0,1,0,0,0,0,,
63,2,6,1,0,0,0,0,0,1,,
0,2,6,0,,,,,,,,
0,2,6,0,,,,,,,,
0,2,7,0,,,,,,,,
0,2,7,0,,,,,,,,
35,2,7,2,0,0,0,0,0,0,,
54,2,8,1,0,0,0,0,0,0,,
0,2,8,0,,,,,,,,
0,2,8,0,,,,,,,,
0,2,9,0,,,,,,,,
0,2,9,0,,,,,,,,
49,2,9,2,0,0,0,0,1,0,,
17,2,10,1,0,0,0,0,0,0,,
0,2,10,0,,,,,,,,
0,2,10,0,,,,,,,,
0,2,11,0,,,,,,,,
45,2,11,2,0,1,1,0,0,1,,
0,2,11,0,,,,,,,,
39,2,12,1,0,0,1,0,1,0,,
0,2,12,0,,,,,,,,
0,2,12,0,,,,,,,,
0,2,13,0,,,,,,,,
26,2,13,2,0,0,0,0,0,1,,
0,2,13,0,,,,,,,,
32,2,14,1,0,0,0,0,0,1,,
0,2,14,0,,,,,,,,
0,2,14,0,,,,,,,,
0,2,15,0,,,,,,,,
22,2,15,2,0,0,0,0,1,0,,
0,2,15,0,,,,,,,,
23,2,16,1,0,0,0,0,0,0,,
0,2,16,0,,,,,,,,
0,2,16,0,,,,,,,,
0,2,17,0,,,,,,,,
28,2,17,2,0,0,0,0,0,1,,
0,2,17,0,,,,,,,,
48,2,18,1,0,0,0,0,0,0,,
0,2,18,0,,,,,,,,
0,2,18,0,,,,,,,,
0,2,19,0,,,,,,,,
30,2,19,2,0,0,0,0,0,1,,
0,2,19,0,,,,,,,,
44,2,20,1,0,0,0,0,0,1,,
0,2,20,0,,,,,,,,
0,2,20,0,,,,,,,,
0,2,21,0,,,,,,,,
31,2,21,2,0,1,0,0,0,0,,
0,2,21,0,,,,,,,,
16,2,22,1,,,,,,1,,
0,2,22,0,,,,,,,,
0,2,22,0,,,,,,,,
0,2,23,0,,,,,,,,
60,2,23,2,0,0,0,0,0,0,,
0,2,23,0,,,,,,,,
37,2,24,1,0,0,0,0,,1,,
0,2,24,0,,,,,,,,
0,2,24,0,,,,,,,,
0,2,25,0,,,,,,,,
38,2,25,2,0,0,0,0,0,0,,
0,2,25,0,,,,,,,,
40,2,26,1,,1,0,0,0,0,,
0,2,26,0,,,,,,,,
0,2,26,0,,,,,,,,
0,2,27,0,,,,,,,,
27,2,27,2,0,1,1,0,1,0,,
0,2,27,0,,,,,,,,
65,2,28,1,0,1,1,0,0,1,,
0,2,28,0,,,,,,,,
0,2,28,0,,,,,,,,
0,2,29,0,,,,,,,,
5,2,29,2,0,0,0,0,0,1,,
0,2,29,0,,,,,,,,
10,2,30,1,0,0,0,0,0,0,,
0,2,30,0,,,,,,,,
0,2,30,0,,,,,,,,
0,2,31,0,,,,,,,,
52,2,31,2,0,0,0,0,0,0,,
0,2,31,0,,,,,,,,
53,2,32,1,0,0,0,0,0,0,,
0,2,32,0,,,,,,,,
0,2,32,0,,,,,,,,
0,3,1,0,,,,,,,,
0,3,1,0,,,,,,,,
17,3,1,2,0,0,1,0,0,1,,
37,3,2,1,0,0,0,1,0,1,,
0,3,2,0,,,,,,,,
0,3,2,0,,,,,,,,
0,3,3,0,,,,,,,,
0,3,3,0,,,,,,,,
42,3,3,2,0,1,0,0,1,0,,
60,3,4,1,0,1,0,0,1,0,,
0,3,4,0,,,,,,,,
0,3,4,0,,,,,,,,
0,3,5,0,,,,,,,,
0,3,5,0,,,,,,,,
66,3,5,2,0,0,0,0,1,0,,
48,3,6,1,0,0,0,1,0,0,,
0,3,6,0,,,,,,,,
0,3,6,0,,,,,,,,
0,3,7,0,,,,,,,,
0,3,7,0,,,,,,,,
29,3,7,2,0,1,0,0,1,0,,
51,3,8,1,0,0,1,1,0,1,,
0,3,8,0,,,,,,,,
0,3,8,0,,,,,,,,
0,3,9,0,,,,,,,,
0,3,9,0,,,,,,,,
13,3,9,2,0,0,0,0,1,1,,
54,3,10,1,,1,0,0,0,0,,
0,3,10,0,,,,,,,,
0,3,10,0,,,,,,,,
0,3,11,0,,,,,,,,
6,3,11,2,0,0,1,0,1,1,,
0,3,11,0,,,,,,,,
20,3,12,1,0,1,0,0,0,,,
0,3,12,0,,,,,,,,
0,3,12,0,,,,,,,,
0,3,13,0,,,,,,,,
44,3,13,2,0,0,0,0,0,1,,
0,3,13,0,,,,,,,,
23,3,14,1,0,0,0,0,1,1,,
0,3,14,0,,,,,,,,
0,3,14,0,,,,,,,,
0,3,15,0,,,,,,,,
27,3,15,2,0,0,1,,1,0,,
0,3,15,0,,,,,,,,
41,3,16,1,0,0,0,1,0,0,,
0,3,16,0,,,,,,,,
0,3,16,0,,,,,,,,
0,3,17,0,,,,,,,,
56,3,17,2,0,0,0,1,0,1,,
0,3,17,0,,,,,,,,
65,3,18,1,0,0,0,0,0,,,
0,3,18,0,,,,,,,,
0,3,18,0,,,,,,,,
0,3,19,0,,,,,,,,
47,3,19,2,0,1,0,1,0,1,,
0,3,19,0,,,,,,,,
63,3,20,1,0,0,0,1,0,1,,
0,3,20,0,,,,,,,,
0,3,20,0,,,,,,,,
0,3,21,0,,,,,,,,
10,3,21,2,0,0,0,0,0,0,,
0,3,21,0,,,,,,,,
19,3,22,1,0,0,1,1,1,0,,
0,3,22,0,,,,,,,,
0,3,22,0,,,,,,,,
0,3,23,0,,,,,,,,
33,3,23,2,0,0,0,0,0,1,,
0,3,23,0,,,,,,,,
68,3,24,1,0,0,0,0,,1,,
0,3,24,0,,,,,,,,
0,3,24,0,,,,,,,,
0,3,25,0,,,,,,,,
59,3,25,2,0,0,0,0,0,1,,
0,3,25,0,,,,,,,,
28,3,26,1,0,1,0,0,0,0,,
0,3,26,0,,,,,,,,
0,3,26,0,,,,,,,,
0,3,27,0,,,,,,,,
50,3,27,2,0,0,1,0,0,1,,
0,3,27,0,,,,,,,,
39,3,28,1,0,0,1,1,1,0,,
0,3,28,0,,,,,,,,
0,3,28,0,,,,,,,,
0,3,29,0,,,,,,,,
21,3,29,2,0,0,0,0,1,1,,
0,3,29,0,,,,,,,,
35,3,30,1,0,1,0,1,0,0,,
0,3,30,0,,,,,,,,
0,3,30,0,,,,,,,,
0,3,31,0,,,,,,,,
53,3,31,2,0,0,0,0,0,1,,
0,3,31,0,,,,,,,,
36,3,32,1,0,1,0,0,1,0,,
0,3,32,0,,,,,,,,
0,3,32,0,,,,,,,,
0,4,1,0,,,,,,,,
0,4,1,0,,,,,,,,
49,4,1,2,0,0,0,0,0,0,,
43,4,2,1,0,0,0,0,0,0,,
0,4,2,0,,,,,,,,
0,4,2,0,,,,,,,,
0,4,3,0,,,,,,,,
0,4,3,0,,,,,,,,
35,4,3,2,0,0,0,1,,1,,
55,4,4,1,0,0,0,0,,1,,
0,4,4,0,,,,,,,,
0,4,4,0,,,,,,,,
0,4,5,0,,,,,,,,
0,4,5,0,,,,,,,,
6,4,5,2,0,0,0,1,0,0,,
18,4,6,1,0,0,0,0,0,1,,
0,4,6,0,,,,,,,,
0,4,6,0,,,,,,,,
0,4,7,0,,,,,,,,
0,4,7,0,,,,,,,,
24,4,7,2,0,0,0,0,0,0,,
32,4,8,1,0,1,0,0,0,0,,
0,4,8,0,,,,,,,,
0,4,8,0,,,,,,,,
0,4,9,0,,,,,,,,
0,4,9,0,,,,,,,,
30,4,9,2,0,0,0,0,,1,,
13,4,10,1,0,0,,1,0,1,,
0,4,10,0,,,,,,,,
0,4,10,0,,,,,,,,
0,4,11,0,,,,,,,,
40,4,11,2,0,1,0,0,0,0,,
0,4,11,0,,,,,,,,
11,4,12,1,0,1,0,1,,1,,
0,4,12,0,,,,,,,,
0,4,12,0,,,,,,,,
0,4,13,0,,,,,,,,
64,4,13,2,0,0,0,0,,1,,
0,4,13,0,,,,,,,,
46,4,14,1,0,1,0,0,0,0,,
0,4,14,0,,,,,,,,
0,4,14,0,,,,,,,,
0,4,15,0,,,,,,,,
34,4,15,2,0,0,0,1,1,1,,
0,4,15,0,,,,,,,,
26,4,16,1,0,1,0,0,0,0,1,
0,4,16,0,,,,,,,,
0,4,16,0,,,,,,,,
0,4,17,0,,,,,,,,
47,4,17,2,0,1,0,0,0,0,,
0,4,17,0,,,,,,,,
57,4,18,1,0,1,0,0,0,0,,
0,4,18,0,,,,,,,,
0,4,18,0,,,,,,,,
0,4,19,0,,,,,,,,
29,4,19,2,0,1,0,0,0,0,,
0,4,19,0,,,,,,,,
65,4,20,1,0,1,0,0,0,0,,
0,4,20,0,,,,,,,,
0,4,20,0,,,,,,,,
0,4,21,0,,,,,,,,
8,4,21,2,0,0,0,0,0,0,,
0,4,21,0,,,,,,,,
39,4,22,1,0,0,0,0,0,1,,
0,4,22,0,,,,,,,,
0,4,22,0,,,,,,,,
0,4,23,0,,,,,,,,
52,4,23,2,0,0,0,0,0,0,,
0,4,23,0,,,,,,,,
63,4,24,1,0,0,0,0,,1,,
0,4,24,0,,,,,,,,
0,4,24,0,,,,,,,,
0,4,25,0,,,,,,,,
15,4,25,2,0,1,1,0,,,,
0,4,25,0,,,,,,,,
12,4,26,1,0,0,0,0,0,0,,
0,4,26,0,,,,,,,,
0,4,26,0,,,,,,,,
0,4,27,0,,,,,,,,
67,4,27,2,0,0,0,0,0,1,,
0,4,27,0,,,,,,,,
22,4,28,1,0,1,0,0,0,1,,
0,4,28,0,,,,,,,,
0,4,28,0,,,,,,,,
0,4,29,0,,,,,,,,
41,4,29,2,0,0,0,1,0,1,,
0,4,29,0,,,,,,,,
5,4,30,1,0,0,0,0,0,0,,
0,4,30,0,,,,,,,,
0,4,30,0,,,,,,,,
0,4,31,0,,,,,,,,
48,4,31,2,0,0,0,1,0,0,,
0,4,31,0,,,,,,,,
45,4,32,1,0,0,0,0,0,0,,
0,4,32,0,,,,,,,,
0,4,32,0,,,,,,,,
0,5,1,0,,,,,,,,
0,5,1,0,,,,,,,,
54,5,1,2,0,0,0,0,0,1,,
38,5,2,1,0,0,0,0,,1,,
0,5,2,0,,,,,,,,
0,5,2,0,,,,,,,,
0,5,3,0,,,,,,,,
0,5,3,0,,,,,,,,
11,5,3,2,0,0,0,0,0,0,,
43,5,4,1,0,0,0,0,0,0,,
0,5,4,0,,,,,,,,
0,5,4,0,,,,,,,,
0,5,5,0,,,,,,,,
0,5,5,0,,,,,,,,
56,5,5,2,0,0,0,0,0,1,,
40,5,6,1,0,0,0,0,0,1,,
0,5,6,0,,,,,,,,
0,5,6,0,,,,,,,,
0,5,7,0,,,,,,,,
0,5,7,0,,,,,,,,
36,5,7,2,0,0,1,0,0,0,,
31,5,8,1,0,1,0,0,0,0,,
0,5,8,0,,,,,,,,
0,5,8,0,,,,,,,,
0,5,9,0,,,,,,,,
0,5,9,0,,,,,,,,
60,5,9,2,0,0,0,0,0,1,,
22,5,10,1,0,0,0,0,0,1,,
0,5,10,0,,,,,,,,
0,5,10,0,,,,,,,,
0,5,11,0,,,,,,,,
46,5,11,2,0,0,1,0,1,1,,
0,5,11,0,,,,,,,,
18,5,12,1,0,0,0,0,,0,1,
0,5,12,0,,,,,,,,
0,5,12,0,,,,,,,,
0,5,13,0,,,,,,,,
29,5,13,2,0,0,0,0,0,1,,
0,5,13,0,,,,,,,,
35,5,14,1,0,0,0,0,0,0,,
0,5,14,0,,,,,,,,
0,5,14,0,,,,,,,,
0,5,15,0,,,,,,,,
68,5,15,2,0,0,1,0,0,1,,
0,5,15,0,,,,,,,,
15,5,16,1,0,0,0,0,1,1,,
0,5,16,0,,,,,,,,
0,5,16,0,,,,,,,,
0,5,17,0,,,,,,,,
28,5,17,2,0,0,0,0,0,1,,
0,5,17,0,,,,,,,,
47,5,18,1,0,0,0,0,0,0,,
0,5,18,0,,,,,,,,
0,5,18,0,,,,,,,,
0,5,19,0,,,,,,,,
34,5,19,2,0,0,0,0,0,0,,
0,5,19,0,,,,,,,,
16,5,20,1,0,0,0,0,0,1,,
0,5,20,0,,,,,,,,
0,5,20,0,,,,,,,,
0,5,21,0,,,,,,,,
7,5,21,2,0,0,0,0,0,1,,
0,5,21,0,,,,,,,,
21,5,22,1,,,,,1,1,,
0,5,22,0,,,,,,,,
0,5,22,0,,,,,,,,
0,5,23,0,,,,,,,,
25,5,23,2,0,0,0,0,0,1,,
0,5,23,0,,,,,,,,
45,5,24,1,0,0,0,0,1,1,,
0,5,24,0,,,,,,,,
0,5,24,0,,,,,,,,
0,5,25,0,,,,,,,,
30,5,25,2,0,0,0,0,0,1,,
0,5,25,0,,,,,,,,
53,5,26,1,0,0,0,0,1,1,,
0,5,26,0,,,,,,,,
0,5,26,0,,,,,,,,
0,5,27,0,,,,,,,,
8,5,27,2,0,0,0,0,0,1,,
0,5,27,0,,,,,,,,
51,5,28,1,0,0,0,0,,1,,
0,5,28,0,,,,,,,,
0,5,28,0,,,,,,,,
0,5,29,0,,,,,,,,
63,5,29,2,0,0,1,0,0,0,,
0,5,29,0,,,,,,,,
24,5,30,1,0,1,0,0,,1,,
0,5,30,0,,,,,,,,
0,5,30,0,,,,,,,,
0,5,31,0,,,,,,,,
6,5,31,2,0,0,0,1,1,0,,
0,5,31,0,,,,,,,,
14,5,32,1,0,0,0,0,0,1,,
0,5,32,0,,,,,,,,
0,5,32,0,,,,,,,,
0,6,1,0,,,,,,,,
0,6,1,0,,,,,,,,
57,6,1,2,0,0,0,0,1,0,,
43,6,2,1,0,0,1,0,0,0,1,
0,6,2,0,,,,,,,,
0,6,2,0,,,,,,,,
0,6,3,0,,,,,,,,
0,6,3,0,,,,,,,,
36,6,3,2,0,1,0,1,,1,,
66,6,4,1,0,0,1,0,0,0,,
0,6,4,0,,,,,,,,
0,6,4,0,,,,,,,,
0,6,5,0,,,,,,,,
0,6,5,0,,,,,,,,
51,6,5,2,0,1,0,0,0,0,,
64,6,6,1,0,0,1,1,0,0,,
0,6,6,0,,,,,,,,
0,6,6,0,,,,,,,,
0,6,7,0,,,,,,,,
0,6,7,0,,,,,,,,
68,6,7,2,0,0,0,0,1,1,,
17,6,8,1,0,1,1,1,0,1,,
0,6,8,0,,,,,,,,
0,6,8,0,,,,,,,,
0,6,9,0,,,,,,,,
0,6,9,0,,,,,,,,
15,6,9,2,0,1,1,0,1,1,,
22,6,10,1,0,0,1,0,0,1,,
0,6,10,0,,,,,,,,
0,6,10,0,,,,,,,,
0,6,11,0,,,,,,,,
40,6,11,2,,1,0,0,0,0,,
0,6,11,0,,,,,,,,
21,6,12,1,0,1,1,1,,1,,
0,6,12,0,,,,,,,,
0,6,12,0,,,,,,,,
0,6,13,0,,,,,,,,
46,6,13,2,0,,1,0,0,0,,
0,6,13,0,,,,,,,,
38,6,14,1,0,0,0,0,1,1,1,
0,6,14,0,,,,,,,,
0,6,14,0,,,,,,,,
0,6,15,0,,,,,,,,
8,6,15,2,0,0,1,0,1,1,,
0,6,15,0,,,,,,,,
19,6,16,1,0,0,0,0,0,1,,
0,6,16,0,,,,,,,,
0,6,16,0,,,,,,,,
0,6,17,0,,,,,,,,
27,6,17,2,0,1,1,1,1,1,,
0,6,17,0,,,,,,,,
28,6,18,1,0,0,1,1,,1,,
0,6,18,0,,,,,,,,
0,6,18,0,,,,,,,,
0,6,19,0,,,,,,,,
62,6,19,2,0,0,1,,1,1,,
0,6,19,0,,,,,,,,
42,6,20,1,0,0,1,1,0,1,,
0,6,20,0,,,,,,,,
0,6,20,0,,,,,,,,
0,6,21,0,,,,,,,,
33,6,21,2,0,0,0,1,1,1,,
0,6,21,0,,,,,,,,
53,6,22,1,0,1,0,0,0,0,,
0,6,22,0,,,,,,,,
0,6,22,0,,,,,,,,
0,6,23,0,,,,,,,,
54,6,23,2,0,0,1,0,1,1,,
0,6,23,0,,,,,,,,
13,6,24,1,0,0,1,0,,1,,
0,6,24,0,,,,,,,,
0,6,24,0,,,,,,,,
0,6,25,0,,,,,,,,
12,6,25,2,0,0,,1,1,0,,
0,6,25,0,,,,,,,,
45,6,26,1,0,0,1,0,1,1,,
0,6,26,0,,,,,,,,
0,6,26,0,,,,,,,,
0,6,27,0,,,,,,,,
61,6,27,2,0,0,1,0,0,0,,
0,6,27,0,,,,,,,,
14,6,28,1,0,1,0,0,0,1,,
0,6,28,0,,,,,,,,
0,6,28,0,,,,,,,,
0,6,29,0,,,,,,,,
7,6,29,2,0,0,,1,,1,,
0,6,29,0,,,,,,,,
63,6,30,1,0,1,0,1,0,1,,
0,6,30,0,,,,,,,,
0,6,30,0,,,,,,,,
0,6,31,0,,,,,,,,
6,6,31,2,0,1,0,0,1,1,,
0,6,31,0,,,,,,,,
56,6,32,1,0,0,1,0,0,0,1,
0,6,32,0,,,,,,,,
0,6,32,0,,,,,,,,
0,7,1,0,,,,,,,,
0,7,1,0,,,,,,,,
43,7,1,2,0,0,0,0,,1,,
12,7,2,1,0,1,0,0,0,1,,
0,7,2,0,,,,,,,,
0,7,2,0,,,,,,,,
0,7,3,0,,,,,,,,
0,7,3,0,,,,,,,,
35,7,3,2,0,0,0,0,,1,,
21,7,4,1,0,0,0,,1,0,,
0,7,4,0,,,,,,,,
0,7,4,0,,,,,,,,
0,7,5,0,,,,,,,,
0,7,5,0,,,,,,,,
46,7,5,2,0,0,0,0,0,0,,
6,7,6,1,0,0,0,1,1,1,,
0,7,6,0,,,,,,,,
0,7,6,0,,,,,,,,
0,7,7,0,,,,,,,,
0,7,7,0,,,,,,,,
29,7,7,2,0,0,,1,0,0,,
17,7,8,1,0,0,0,1,0,0,,
0,7,8,0,,,,,,,,
0,7,8,0,,,,,,,,
0,7,9,0,,,,,,,,
0,7,9,0,,,,,,,,
23,7,9,2,0,0,1,0,1,1,,
49,7,10,1,0,1,1,0,0,0,,
0,7,10,0,,,,,,,,
0,7,10,0,,,,,,,,
0,7,11,0,,,,,,,,
45,7,11,2,0,0,1,1,0,1,,
0,7,11,0,,,,,,,,
10,7,12,1,0,0,,1,1,1,,
0,7,12,0,,,,,,,,
0,7,12,0,,,,,,,,
0,7,13,0,,,,,,,,
37,7,13,2,0,1,0,0,0,1,,
0,7,13,0,,,,,,,,
19,7,14,1,0,0,0,0,0,0,,
0,7,14,0,,,,,,,,
0,7,14,0,,,,,,,,
0,7,15,0,,,,,,,,
26,7,15,2,0,0,1,0,1,1,,
0,7,15,0,,,,,,,,
31,7,16,1,0,0,0,0,0,0,,
0,7,16,0,,,,,,,,
0,7,16,0,,,,,,,,
0,7,17,0,,,,,,,,
58,7,17,2,0,1,0,0,0,0,,
0,7,17,0,,,,,,,,
28,7,18,1,0,,1,1,1,1,,
0,7,18,0,,,,,,,,
0,7,18,0,,,,,,,,
0,7,19,0,,,,,,,,
56,7,19,2,0,,1,0,0,0,,
0,7,19,0,,,,,,,,
16,7,20,1,0,1,1,0,0,0,,
0,7,20,0,,,,,,,,
0,7,20,0,,,,,,,,
0,7,21,0,,,,,,,,
42,7,21,2,0,0,0,0,,1,,
0,7,21,0,,,,,,,,
27,7,22,1,0,0,0,1,0,1,,
0,7,22,0,,,,,,,,
0,7,22,0,,,,,,,,
0,7,23,0,,,,,,,,
59,7,23,2,0,0,0,0,0,0,,
0,7,23,0,,,,,,,,
20,7,24,1,0,0,0,0,,1,,
0,7,24,0,,,,,,,,
0,7,24,0,,,,,,,,
0,7,25,0,,,,,,,,
40,7,25,2,0,0,0,0,0,0,,
0,7,25,0,,,,,,,,
60,7,26,1,0,0,0,0,0,0,,
0,7,26,0,,,,,,,,
0,7,26,0,,,,,,,,
0,7,27,0,,,,,,,,
11,7,27,2,0,0,0,1,0,1,,
0,7,27,0,,,,,,,,
48,7,28,1,0,0,0,0,0,0,,
0,7,28,0,,,,,,,,
0,7,28,0,,,,,,,,
0,7,29,0,,,,,,,,
65,7,29,2,0,,1,0,0,1,,
0,7,29,0,,,,,,,,
52,7,30,1,0,1,0,0,0,0,,
0,7,30,0,,,,,,,,
0,7,30,0,,,,,,,,
0,7,31,0,,,,,,,,
57,7,31,2,0,0,0,0,0,1,,
0,7,31,0,,,,,,,,
32,7,32,1,0,0,0,0,0,0,,
0,7,32,0,,,,,,,,
0,7,32,0,,,,,,,,
57,8,1,1,0,0,0,0,,1,,
0,8,1,0,,,,,,,,
43,8,1,0,,,,,,,,
12,8,2,0,,,,,,,,
0,8,2,0,,,,,,,,
25,8,2,2,0,1,1,0,0,1,,
46,8,3,1,0,0,0,1,,1,,
0,8,3,0,,,,,,,,
35,8,3,0,,,,,,,,
21,8,4,0,,,,,,,,
0,8,4,0,,,,,,,,
23,8,4,2,0,0,0,1,0,1,,
10,8,5,1,0,0,0,1,0,1,,
0,8,5,0,,,,,,,,
46,8,5,0,,,,,,,,
6,8,6,0,,,,,,,,
0,8,6,0,,,,,,,,
66,8,6,2,0,1,0,1,1,0,,
18,8,7,1,0,1,1,1,0,0,,
0,8,7,0,,,,,,,,
29,8,7,0,,,,,,,,
17,8,8,0,,,,,,,,
0,8,8,0,,,,,,,,
32,8,8,2,0,0,0,0,0,0,,
8,8,9,1,0,1,0,0,0,1,,
0,8,9,0,,,,,,,,
23,8,9,0,,,,,,,,
49,8,10,0,,,,,,,,
0,8,10,0,,,,,,,,
56,8,10,2,0,0,0,0,0,0,,
20,8,11,1,0,0,1,1,1,1,,
45,8,11,0,,,,,,,,
0,8,11,0,,,,,,,,
10,8,12,0,,,,,,,,
51,8,12,2,0,1,0,0,,1,,
0,8,12,0,,,,,,,,
49,8,13,1,0,1,0,0,,1,,
37,8,13,0,,,,,,,,
0,8,13,0,,,,,,,,
19,8,14,0,,,,,,,,
31,8,14,2,0,1,1,0,1,0,,
0,8,14,0,,,,,,,,
7,8,15,1,0,0,1,1,1,1,,
26,8,15,0,,,,,,,,
0,8,15,0,,,,,,,,
31,8,16,0,,,,,,,,
67,8,16,2,0,1,0,1,0,1,,
0,8,16,0,,,,,,,,
14,8,17,1,0,0,1,0,0,1,,
58,8,17,0,,,,,,,,
0,8,17,0,,,,,,,,
28,8,18,0,,,,,,,,
22,8,18,2,0,0,1,1,0,1,,
0,8,18,0,,,,,,,,
12,8,19,1,0,1,0,0,0,1,,
56,8,19,0,,,,,,,,
0,8,19,0,,,,,,,,
16,8,20,0,,,,,,,,
42,8,20,2,0,1,1,0,,1,,
0,8,20,0,,,,,,,,
15,8,21,1,0,,1,0,,1,,
42,8,21,0,,,,,,,,
0,8,21,0,,,,,,,,
27,8,22,0,,,,,,,,
52,8,22,2,0,0,1,1,0,1,,
0,8,22,0,,,,,,,,
50,8,23,1,0,1,0,0,0,0,,
59,8,23,0,,,,,,,,
0,8,23,0,,,,,,,,
20,8,24,0,,,,,,,,
43,8,24,2,0,0,0,0,,1,,
0,8,24,0,,,,,,,,
48,8,25,1,0,0,0,1,0,1,,
40,8,25,0,,,,,,,,
0,8,25,0,,,,,,,,
60,8,26,0,,,,,,,,
65,8,26,2,0,0,0,0,0,0,,
0,8,26,0,,,,,,,,
63,8,27,1,0,0,1,1,1,1,,
11,8,27,0,,,,,,,,
0,8,27,0,,,,,,,,
48,8,28,0,,,,,,,,
54,8,28,2,0,1,0,0,1,1,,
0,8,28,0,,,,,,,,
13,8,29,1,0,1,0,0,1,1,,
65,8,29,0,,,,,,,,
0,8,29,0,,,,,,,,
52,8,30,0,,,,,,,,
41,8,30,2,0,0,0,0,0,1,,
0,8,30,0,,,,,,,,
39,8,31,1,0,1,0,0,0,0,,
57,8,31,0,,,,,,,,
0,8,31,0,,,,,,,,
32,8,32,0,,,,,,,,
53,8,32,2,0,0,1,1,0,0,,
0,8,32,0,,,,,,,,
57,9,1,0,,,,,,,,
0,9,1,0,,,,,,,,
57,9,1,2,0,1,1,0,,0,,
20,9,2,1,0,1,1,1,1,1,,
0,9,2,0,,,,,,,,
25,9,2,0,,,,,,,,
46,9,3,0,,,,,,,,
0,9,3,0,,,,,,,,
28,9,3,2,0,1,1,1,1,1,,
6,9,4,1,0,0,1,0,1,1,,
0,9,4,0,,,,,,,,
23,9,4,0,,,,,,,,
10,9,5,0,,,,,,,,
0,9,5,0,,,,,,,,
64,9,5,2,0,1,1,1,1,1,,
14,9,6,1,0,0,1,1,1,1,,
0,9,6,0,,,,,,,,
66,9,6,0,,,,,,,,
18,9,7,0,,,,,,,,
0,9,7,0,,,,,,,,
18,9,7,2,0,1,0,0,0,0,,
50,9,8,1,0,0,1,0,1,1,,
0,9,8,0,,,,,,,,
32,9,8,0,,,,,,,,
8,9,9,0,,,,,,,,
0,9,9,0,,,,,,,,
48,9,9,2,0,0,1,1,0,1,,
9,9,10,1,0,1,1,1,1,1,,
0,9,10,0,,,,,,,,
56,9,10,0,,,,,,,,
20,9,11,0,,,,,,,,
44,9,11,2,,1,1,1,1,1,,
0,9,11,0,,,,,,,,
39,9,12,1,0,0,1,1,1,1,,
51,9,12,0,,,,,,,,
0,9,12,0,,,,,,,,
49,9,13,0,,,,,,,,
12,9,13,2,0,1,1,1,1,1,,
0,9,13,0,,,,,,,,
56,9,14,1,0,1,1,1,1,,1,
31,9,14,0,,,,,,,,
0,9,14,0,,,,,,,,
7,9,15,0,,,,,,,,
47,9,15,2,0,0,1,1,1,1,,
0,9,15,0,,,,,,,,
45,9,16,1,0,1,1,1,0,1,,
67,9,16,0,,,,,,,,
0,9,16,0,,,,,,,,
14,9,17,0,,,,,,,,
59,9,17,2,0,1,,1,0,1,,
0,9,17,0,,,,,,,,
11,9,18,1,0,1,1,1,1,0,,
22,9,18,0,,,,,,,,
0,9,18,0,,,,,,,,
12,9,19,0,,,,,,,,
34,9,19,2,0,0,1,0,1,0,,
0,9,19,0,,,,,,,,
42,9,20,1,0,1,1,1,1,1,,
42,9,20,0,,,,,,,,
0,9,20,0,,,,,,,,
15,9,21,0,,,,,,,,
17,9,21,2,0,,1,1,1,,,
0,9,21,0,,,,,,,,
27,9,22,1,0,0,1,1,1,1,,
52,9,22,0,,,,,,,,
0,9,22,0,,,,,,,,
50,9,23,0,,,,,,,,
46,9,23,2,0,1,1,1,1,,1,
0,9,23,0,,,,,,,,
36,9,24,1,0,0,1,1,1,1,,
43,9,24,0,,,,,,,,
0,9,24,0,,,,,,,,
48,9,25,0,,,,,,,,
43,9,25,2,0,1,1,1,1,1,,
0,9,25,0,,,,,,,,
32,9,26,1,0,0,1,1,1,1,,
65,9,26,0,,,,,,,,
0,9,26,0,,,,,,,,
63,9,27,0,,,,,,,,
62,9,27,2,0,1,1,1,1,1,,
0,9,27,0,,,,,,,,
33,9,28,1,0,0,0,0,1,1,,
54,9,28,0,,,,,,,,
0,9,28,0,,,,,,,,
13,9,29,0,,,,,,,,
52,9,29,2,0,1,1,1,1,0,,
0,9,29,0,,,,,,,,
30,9,30,1,0,,1,1,1,0,,
41,9,30,0,,,,,,,,
0,9,30,0,,,,,,,,
39,9,31,0,,,,,,,,
16,9,31,2,0,0,1,1,0,1,,
0,9,31,0,,,,,,,,
35,9,32,1,0,0,0,0,1,0,,
53,9,32,0,,,,,,,,
0,9,32,0,,,,,,,,
57,10,1,0,,,,,,,,
0,10,1,0,,,,,,,,
5,10,1,2,0,1,,1,,1,,
62,10,2,1,0,0,0,0,,1,,
0,10,2,0,,,,,,,,
25,10,2,0,,,,,,,,
46,10,3,0,,,,,,,,
0,10,3,0,,,,,,,,
36,10,3,2,0,1,0,0,,1,,
53,10,4,1,0,1,0,0,1,1,,
0,10,4,0,,,,,,,,
23,10,4,0,,,,,,,,
10,10,5,0,,,,,,,,
0,10,5,0,,,,,,,,
44,10,5,2,0,0,0,0,0,1,,
20,10,6,1,0,0,0,1,0,1,,
0,10,6,0,,,,,,,,
66,10,6,0,,,,,,,,
18,10,7,0,,,,,,,,
0,10,7,0,,,,,,,,
47,10,7,2,0,0,1,0,0,1,,
24,10,8,1,0,1,0,1,1,,,
0,10,8,0,,,,,,,,
32,10,8,0,,,,,,,,
8,10,9,0,,,,,,,,
0,10,9,0,,,,,,,,
11,10,9,2,0,0,0,1,,1,,
56,10,10,1,0,0,1,0,0,1,,
0,10,10,0,,,,,,,,
56,10,10,0,,,,,,,,
20,10,11,0,,,,,,,,
8,10,11,2,0,0,1,0,0,1,,
0,10,11,0,,,,,,,,
17,10,12,1,0,0,1,0,,0,,
51,10,12,0,,,,,,,,
0,10,12,0,,,,,,,,
49,10,13,0,,,,,,,,
34,10,13,2,0,1,1,1,,1,,
0,10,13,0,,,,,,,,
15,10,14,1,,1,0,1,1,0,,
31,10,14,0,,,,,,,,
0,10,14,0,,,,,,,,
7,10,15,0,,,,,,,,
66,10,15,2,0,0,1,0,1,0,,
0,10,15,0,,,,,,,,
18,10,16,1,0,0,1,0,0,0,,
67,10,16,0,,,,,,,,
0,10,16,0,,,,,,,,
14,10,17,0,,,,,,,,
29,10,17,2,0,0,1,1,1,0,,
0,10,17,0,,,,,,,,
10,10,18,1,0,0,0,1,0,1,,
22,10,18,0,,,,,,,,
0,10,18,0,,,,,,,,
12,10,19,0,,,,,,,,
39,10,19,2,0,1,0,0,0,0,,
0,10,19,0,,,,,,,,
40,10,20,1,0,0,0,0,0,0,,
42,10,20,0,,,,,,,,
0,10,20,0,,,,,,,,
15,10,21,0,,,,,,,,
16,10,21,2,0,1,1,0,1,0,,
0,10,21,0,,,,,,,,
33,10,22,1,0,0,0,1,0,0,,
52,10,22,0,,,,,,,,
0,10,22,0,,,,,,,,
50,10,23,0,,,,,,,,
27,10,23,2,0,0,,1,0,1,,
0,10,23,0,,,,,,,,
9,10,24,1,0,0,0,0,,1,,
43,10,24,0,,,,,,,,
0,10,24,0,,,,,,,,
48,10,25,0,,,,,,,,
58,10,25,2,0,1,0,0,,1,,
0,10,25,0,,,,,,,,
31,10,26,1,0,0,0,,1,1,,
65,10,26,0,,,,,,,,
0,10,26,0,,,,,,,,
63,10,27,0,,,,,,,,
65,10,27,2,0,0,1,0,0,0,,
0,10,27,0,,,,,,,,
38,10,28,1,0,1,0,0,0,1,,
54,10,28,0,,,,,,,,
0,10,28,0,,,,,,,,
13,10,29,0,,,,,,,,
7,10,29,2,0,0,1,0,1,0,,
0,10,29,0,,,,,,,,
32,10,30,1,0,0,0,0,0,1,,
41,10,30,0,,,,,,,,
0,10,30,0,,,,,,,,
39,10,31,0,,,,,,,,
23,10,31,2,0,0,0,0,0,1,,
0,10,31,0,,,,,,,,
64,10,32,1,0,0,1,1,1,0,,
53,10,32,0,,,,,,,,
0,10,32,0,,,,,,,,
57,11,1,0,,,,,,,,
0,11,1,0,,,,,,,,
13,11,1,2,0,0,1,0,0,1,,
34,11,2,1,0,0,0,0,0,1,,
0,11,2,0,,,,,,,,
25,11,2,0,,,,,,,,
46,11,3,0,,,,,,,,
0,11,3,0,,,,,,,,
11,11,3,2,0,0,0,0,,1,,
26,11,4,1,0,1,1,0,1,0,,
0,11,4,0,,,,,,,,
23,11,4,0,,,,,,,,
10,11,5,0,,,,,,,,
0,11,5,0,,,,,,,,
19,11,5,2,0,0,1,0,0,0,,
54,11,6,1,0,0,0,0,0,1,,
0,11,6,0,,,,,,,,
66,11,6,0,,,,,,,,
18,11,7,0,,,,,,,,
0,11,7,0,,,,,,,,
36,11,7,2,0,0,1,0,1,1,,
31,11,8,1,0,0,0,0,0,1,,
0,11,8,0,,,,,,,,
32,11,8,0,,,,,,,,
8,11,9,0,,,,,,,,
0,11,9,0,,,,,,,,
43,11,9,2,0,0,1,0,1,1,,
38,11,10,1,0,1,0,0,0,1,,
0,11,10,0,,,,,,,,
56,11,10,0,,,,,,,,
20,11,11,0,,,,,,,,
52,11,11,2,0,0,0,0,0,1,,
0,11,11,0,,,,,,,,
25,11,12,1,0,1,0,0,,1,,
51,11,12,0,,,,,,,,
0,11,12,0,,,,,,,,
49,11,13,0,,,,,,,,
68,11,13,2,0,0,0,0,0,1,,
0,11,13,0,,,,,,,,
50,11,14,1,0,1,0,0,1,1,,
31,11,14,0,,,,,,,,
0,11,14,0,,,,,,,,
7,11,15,0,,,,,,,,
53,11,15,2,0,0,0,0,1,1,,
0,11,15,0,,,,,,,,
63,11,16,1,0,0,0,0,0,0,,
67,11,16,0,,,,,,,,
0,11,16,0,,,,,,,,
14,11,17,0,,,,,,,,
22,11,17,2,0,0,0,0,0,1,,
0,11,17,0,,,,,,,,
21,11,18,1,0,0,0,0,0,1,,
22,11,18,0,,,,,,,,
0,11,18,0,,,,,,,,
12,11,19,0,,,,,,,,
59,11,19,2,0,0,0,0,0,1,,
0,11,19,0,,,,,,,,
10,11,20,1,,1,0,1,0,0,,
42,11,20,0,,,,,,,,
0,11,20,0,,,,,,,,
15,11,21,0,,,,,,,,
23,11,21,2,0,0,0,0,1,1,,
0,11,21,0,,,,,,,,
57,11,22,1,0,1,1,1,1,1,,
52,11,22,0,,,,,,,,
0,11,22,0,,,,,,,,
50,11,23,0,,,,,,,,
18,11,23,2,0,0,0,0,0,1,,
0,11,23,0,,,,,,,,
65,11,24,1,0,0,0,1,,1,,
43,11,24,0,,,,,,,,
0,11,24,0,,,,,,,,
48,11,25,0,,,,,,,,
49,11,25,2,0,0,0,0,0,1,,
0,11,25,0,,,,,,,,
56,11,26,1,0,0,0,1,0,1,,
65,11,26,0,,,,,,,,
0,11,26,0,,,,,,,,
63,11,27,0,,,,,,,,
33,11,27,2,0,0,1,0,0,1,,
0,11,27,0,,,,,,,,
47,11,28,1,0,0,0,0,1,0,,
54,11,28,0,,,,,,,,
0,11,28,0,,,,,,,,
13,11,29,0,,,,,,,,
24,11,29,2,,1,1,1,1,1,,
0,11,29,0,,,,,,,,
60,11,30,1,0,0,0,0,0,0,,
41,11,30,0,,,,,,,,
0,11,30,0,,,,,,,,
39,11,31,0,,,,,,,,
30,11,31,2,,1,0,1,0,1,,
0,11,31,0,,,,,,,,
17,11,32,1,0,0,0,1,0,1,,
53,11,32,0,,,,,,,,
0,11,32,0,,,,,,,,
57,12,1,0,,,,,,,,
0,12,1,0,,,,,,,,
24,12,1,2,0,0,0,0,,1,1,
62,12,2,1,0,0,0,0,0,1,,
0,12,2,0,,,,,,,,
25,12,2,0,,,,,,,,
46,12,3,0,,,,,,,,
0,12,3,0,,,,,,,,
28,12,3,2,0,0,0,0,,1,,
9,12,4,1,0,0,0,0,0,1,,
0,12,4,0,,,,,,,,
23,12,4,0,,,,,,,,
10,12,5,0,,,,,,,,
0,12,5,0,,,,,,,,
30,12,5,2,0,1,,1,1,1,,
18,12,6,1,0,0,0,0,0,1,,
0,12,6,0,,,,,,,,
66,12,6,0,,,,,,,,
18,12,7,0,,,,,,,,
0,12,7,0,,,,,,,,
36,12,7,2,0,0,1,1,0,1,,
53,12,8,1,0,1,0,0,0,1,,
0,12,8,0,,,,,,,,
32,12,8,0,,,,,,,,
8,12,9,0,,,,,,,,
0,12,9,0,,,,,,,,
60,12,9,2,0,0,0,1,1,0,,
32,12,10,1,0,0,0,0,0,0,,
0,12,10,0,,,,,,,,
56,12,10,0,,,,,,,,
20,12,11,0,,,,,,,,
7,12,11,2,0,0,1,,1,1,,
0,12,11,0,,,,,,,,
69,12,12,1,0,0,1,1,0,1,,
51,12,12,0,,,,,,,,
0,12,12,0,,,,,,,,
49,12,13,0,,,,,,,,
38,12,13,2,0,,1,1,0,1,,
0,12,13,0,,,,,,,,
11,12,14,1,0,1,0,0,0,1,,
31,12,14,0,,,,,,,,
0,12,14,0,,,,,,,,
7,12,15,0,,,,,,,,
64,12,15,2,0,0,0,0,1,1,,
0,12,15,0,,,,,,,,
14,12,16,1,,1,1,0,0,1,,
67,12,16,0,,,,,,,,
0,12,16,0,,,,,,,,
14,12,17,0,,,,,,,,
20,12,17,2,0,1,0,0,1,0,,
0,12,17,0,,,,,,,,
68,12,18,1,0,0,0,0,0,1,,
22,12,18,0,,,,,,,,
0,12,18,0,,,,,,,,
12,12,19,0,,,,,,,,
49,12,19,2,0,0,1,0,0,1,,
0,12,19,0,,,,,,,,
70,12,20,1,0,0,,1,0,0,,
42,12,20,0,,,,,,,,
0,12,20,0,,,,,,,,
15,12,21,0,,,,,,,,
6,12,21,2,0,0,0,0,0,1,,
0,12,21,0,,,,,,,,
51,12,22,1,0,0,1,0,1,1,,
52,12,22,0,,,,,,,,
0,12,22,0,,,,,,,,
50,12,23,0,,,,,,,,
48,12,23,2,0,1,0,0,0,1,,
0,12,23,0,,,,,,,,
26,12,24,1,0,0,0,0,,1,,
43,12,24,0,,,,,,,,
0,12,24,0,,,,,,,,
48,12,25,0,,,,,,,,
8,12,25,2,0,0,0,0,,1,,
0,12,25,0,,,,,,,,
42,12,26,1,0,0,,1,0,1,,
65,12,26,0,,,,,,,,
0,12,26,0,,,,,,,,
63,12,27,0,,,,,,,,
67,12,27,2,0,0,1,0,1,1,,
0,12,27,0,,,,,,,,
39,12,28,1,0,0,0,0,,1,,
54,12,28,0,,,,,,,,
0,12,28,0,,,,,,,,
13,12,29,0,,,,,,,,
23,12,29,2,0,1,1,,1,0,1,
0,12,29,0,,,,,,,,
40,12,30,1,0,0,0,0,0,1,,
41,12,30,0,,,,,,,,
0,12,30,0,,,,,,,,
39,12,31,0,,,,,,,,
55,12,31,2,0,0,0,0,1,0,,
0,12,31,0,,,,,,,,
41,12,32,1,0,0,0,0,0,,1,
53,12,32,0,,,,,,,,
0,12,32,0,,,,,,,,
57,13,1,0,,,,,,,,
0,13,1,0,,,,,,,,
64,13,1,2,0,0,0,0,,1,,
56,13,2,1,0,1,1,1,0,1,,
0,13,2,0,,,,,,,,
25,13,2,0,,,,,,,,
46,13,3,0,,,,,,,,
0,13,3,0,,,,,,,,
22,13,3,2,0,0,0,0,,1,,
53,13,4,1,0,1,0,0,0,1,,
0,13,4,0,,,,,,,,
23,13,4,0,,,,,,,,
10,13,5,0,,,,,,,,
0,13,5,0,,,,,,,,
60,13,5,2,0,0,0,0,0,1,,
43,13,6,1,0,0,0,0,0,0,,
0,13,6,0,,,,,,,,
66,13,6,0,,,,,,,,
18,13,7,0,,,,,,,,
0,13,7,0,,,,,,,,
30,13,7,2,0,0,0,0,0,1,,
48,13,8,1,0,0,0,0,0,0,,
0,13,8,0,,,,,,,,
32,13,8,0,,,,,,,,
8,13,9,0,,,,,,,,
0,13,9,0,,,,,,,,
18,13,9,2,0,0,0,1,0,1,,
45,13,10,1,0,0,0,0,0,1,,
0,13,10,0,,,,,,,,
56,13,10,0,,,,,,,,
20,13,11,0,,,,,,,,
58,13,11,2,0,0,1,0,0,1,,
0,13,11,0,,,,,,,,
29,13,12,1,0,0,1,1,1,1,,
51,13,12,0,,,,,,,,
0,13,12,0,,,,,,,,
49,13,13,0,,,,,,,,
50,13,13,2,0,0,0,0,0,1,,
0,13,13,0,,,,,,,,
35,13,14,1,0,0,0,0,1,1,,
31,13,14,0,,,,,,,,
0,13,14,0,,,,,,,,
7,13,15,0,,,,,,,,
47,13,15,2,0,0,1,0,0,1,,
0,13,15,0,,,,,,,,
17,13,16,1,0,0,1,1,0,1,,
67,13,16,0,,,,,,,,
0,13,16,0,,,,,,,,
14,13,17,0,,,,,,,,
38,13,17,2,0,0,0,0,0,1,,
0,13,17,0,,,,,,,,
51,13,18,1,0,0,1,1,0,0,,
22,13,18,0,,,,,,,,
0,13,18,0,,,,,,,,
12,13,19,0,,,,,,,,
9,13,19,2,0,0,1,0,0,0,,
0,13,19,0,,,,,,,,
55,13,20,1,0,0,0,0,0,1,,
42,13,20,0,,,,,,,,
0,13,20,0,,,,,,,,
15,13,21,0,,,,,,,,
14,13,21,2,0,0,0,0,0,0,,
0,13,21,0,,,,,,,,
37,13,22,1,0,0,0,0,1,1,,
52,13,22,0,,,,,,,,
0,13,22,0,,,,,,,,
50,13,23,0,,,,,,,,
5,13,23,2,,1,0,0,0,0,,
0,13,23,0,,,,,,,,
7,13,24,1,0,0,0,0,,1,,
43,13,24,0,,,,,,,,
0,13,24,0,,,,,,,,
48,13,25,0,,,,,,,,
59,13,25,2,0,0,0,0,0,1,,
0,13,25,0,,,,,,,,
8,13,26,1,0,0,1,0,0,1,,
65,13,26,0,,,,,,,,
0,13,26,0,,,,,,,,
63,13,27,0,,,,,,,,
6,13,27,2,0,0,0,0,0,1,,
0,13,27,0,,,,,,,,
15,13,28,1,0,0,0,1,0,1,,
54,13,28,0,,,,,,,,
0,13,28,0,,,,,,,,
13,13,29,0,,,,,,,,
12,13,29,2,0,0,1,0,0,1,,
0,13,29,0,,,,,,,,
26,13,30,1,0,0,0,1,1,1,,
41,13,30,0,,,,,,,,
0,13,30,0,,,,,,,,
39,13,31,0,,,,,,,,
36,13,31,2,0,0,0,0,0,1,,
0,13,31,0,,,,,,,,
28,13,32,1,0,0,0,1,0,1,,
53,13,32,0,,,,,,,,
0,13,32,0,,,,,,,,
57,14,1,0,,,,,,,,
0,14,1,0,,,,,,,,
26,14,1,2,0,0,1,1,,1,,
39,14,2,1,0,1,1,1,1,1,,
0,14,2,0,,,,,,,,
25,14,2,0,,,,,,,,
46,14,3,0,,,,,,,,
0,14,3,0,,,,,,,,
16,14,3,2,0,1,1,0,,1,,
66,14,4,1,0,1,1,1,0,1,,
0,14,4,0,,,,,,,,
23,14,4,0,,,,,,,,
10,14,5,0,,,,,,,,
0,14,5,0,,,,,,,,
54,14,5,2,0,1,1,1,1,0,,
37,14,6,1,0,0,1,0,0,0,,
0,14,6,0,,,,,,,,
66,14,6,0,,,,,,,,
18,14,7,0,,,,,,,,
0,14,7,0,,,,,,,,
11,14,7,2,0,0,1,1,1,1,,
50,14,8,1,0,0,0,0,1,1,,
0,14,8,0,,,,,,,,
32,14,8,0,,,,,,,,
8,14,9,0,,,,,,,,
0,14,9,0,,,,,,,,
5,14,9,2,0,0,1,1,1,1,,
60,14,10,1,0,1,1,1,0,1,1,
0,14,10,0,,,,,,,,
56,14,10,0,,,,,,,,
20,14,11,0,,,,,,,,
44,14,11,2,0,1,1,1,0,0,,
0,14,11,0,,,,,,,,
7,14,12,1,0,1,1,0,0,1,,
51,14,12,0,,,,,,,,
0,14,12,0,,,,,,,,
49,14,13,0,,,,,,,,
33,14,13,2,0,1,1,1,1,1,1,
0,14,13,0,,,,,,,,
63,14,14,1,0,0,0,1,1,,1,
31,14,14,0,,,,,,,,
0,14,14,0,,,,,,,,
7,14,15,0,,,,,,,,
48,14,15,2,0,1,1,0,0,0,,
0,14,15,0,,,,,,,,
35,14,16,1,0,0,1,1,0,0,,
67,14,16,0,,,,,,,,
0,14,16,0,,,,,,,,
14,14,17,0,,,,,,,,
59,14,17,2,0,1,1,0,0,1,,
0,14,17,0,,,,,,,,
53,14,18,1,0,1,1,,1,0,,
22,14,18,0,,,,,,,,
0,14,18,0,,,,,,,,
12,14,19,0,,,,,,,,
51,14,19,2,0,1,1,0,0,0,,
0,14,19,0,,,,,,,,
23,14,20,1,0,1,1,0,,1,,
42,14,20,0,,,,,,,,
0,14,20,0,,,,,,,,
15,14,21,0,,,,,,,,
15,14,21,2,0,,1,1,0,0,,
0,14,21,0,,,,,,,,
29,14,22,1,0,1,1,1,1,,,
52,14,22,0,,,,,,,,
0,14,22,0,,,,,,,,
50,14,23,0,,,,,,,,
55,14,23,2,0,0,,1,1,0,1,
0,14,23,0,,,,,,,,
36,14,24,1,0,1,1,1,1,1,,
43,14,24,0,,,,,,,,
0,14,24,0,,,,,,,,
48,14,25,0,,,,,,,,
14,14,25,2,0,1,0,0,0,0,,
0,14,25,0,,,,,,,,
30,14,26,1,0,1,0,0,0,1,,
65,14,26,0,,,,,,,,
0,14,26,0,,,,,,,,
63,14,27,0,,,,,,,,
18,14,27,2,0,0,1,0,1,1,,
0,14,27,0,,,,,,,,
34,14,28,1,0,1,0,1,0,1,,
54,14,28,0,,,,,,,,
0,14,28,0,,,,,,,,
13,14,29,0,,,,,,,,
13,14,29,2,0,1,0,0,1,1,,
0,14,29,0,,,,,,,,
46,14,30,1,0,1,1,0,0,1,,
41,14,30,0,,,,,,,,
0,14,30,0,,,,,,,,
39,14,31,0,,,,,,,,
49,14,31,2,0,1,1,0,1,,1,
0,14,31,0,,,,,,,,
45,14,32,1,0,1,1,1,0,0,,
53,14,32,0,,,,,,,,
0,14,32,0,,,,,,,,
57,15,1,0,,,,,,,,
0,15,1,0,,,,,,,,
63,15,1,2,0,0,0,0,0,0,,
22,15,2,1,0,0,0,0,,1,,
0,15,2,0,,,,,,,,
25,15,2,0,,,,,,,,
46,15,3,0,,,,,,,,
0,15,3,0,,,,,,,,
56,15,3,2,0,0,0,0,,1,,
59,15,4,1,0,0,0,0,1,0,,
0,15,4,0,,,,,,,,
23,15,4,0,,,,,,,,
10,15,5,0,,,,,,,,
0,15,5,0,,,,,,,,
25,15,5,2,0,0,1,0,0,1,,
52,15,6,1,0,0,0,0,0,0,,
0,15,6,0,,,,,,,,
66,15,6,0,,,,,,,,
18,15,7,0,,,,,,,,
0,15,7,0,,,,,,,,
47,15,7,2,0,0,0,0,0,0,,
13,15,8,1,0,0,0,0,0,0,,
0,15,8,0,,,,,,,,
32,15,8,0,,,,,,,,
8,15,9,0,,,,,,,,
0,15,9,0,,,,,,,,
50,15,9,2,0,0,0,0,0,1,,
54,15,10,1,0,0,0,0,1,0,,
0,15,10,0,,,,,,,,
56,15,10,0,,,,,,,,
20,15,11,0,,,,,,,,
66,15,11,2,0,0,1,0,0,1,,
0,15,11,0,,,,,,,,
21,15,12,1,0,0,0,0,,1,,
51,15,12,0,,,,,,,,
0,15,12,0,,,,,,,,
49,15,13,0,,,,,,,,
67,15,13,2,0,,1,0,,1,,
0,15,13,0,,,,,,,,
20,15,14,1,0,0,0,0,0,0,,
31,15,14,0,,,,,,,,
0,15,14,0,,,,,,,,
7,15,15,0,,,,,,,,
36,15,15,2,0,0,1,0,1,0,,
0,15,15,0,,,,,,,,
62,15,16,1,0,1,0,0,0,0,,
67,15,16,0,,,,,,,,
0,15,16,0,,,,,,,,
14,15,17,0,,,,,,,,
24,15,17,2,0,0,1,0,0,0,,
0,15,17,0,,,,,,,,
8,15,18,1,0,0,0,1,0,0,,
22,15,18,0,,,,,,,,
0,15,18,0,,,,,,,,
12,15,19,0,,,,,,,,
15,15,19,2,0,1,0,0,0,0,,
0,15,19,0,,,,,,,,
11,15,20,1,0,0,0,0,0,0,,
42,15,20,0,,,,,,,,
0,15,20,0,,,,,,,,
15,15,21,0,,,,,,,,
17,15,21,2,0,0,0,0,,1,,
0,15,21,0,,,,,,,,
19,15,22,1,0,0,0,0,0,0,,
52,15,22,0,,,,,,,,
0,15,22,0,,,,,,,,
50,15,23,0,,,,,,,,
33,15,23,2,0,0,0,0,0,0,,
0,15,23,0,,,,,,,,
58,15,24,1,0,1,1,0,,1,,
43,15,24,0,,,,,,,,
0,15,24,0,,,,,,,,
48,15,25,0,,,,,,,,
10,15,25,2,0,0,0,0,0,0,,
0,15,25,0,,,,,,,,
65,15,26,1,0,0,0,0,0,0,,
65,15,26,0,,,,,,,,
0,15,26,0,,,,,,,,
63,15,27,0,,,,,,,,
45,15,27,2,0,0,0,0,0,1,,
0,15,27,0,,,,,,,,
39,15,28,1,0,1,1,1,,1,,
54,15,28,0,,,,,,,,
0,15,28,0,,,,,,,,
13,15,29,0,,,,,,,,
40,15,29,2,0,,1,0,0,0,,
0,15,29,0,,,,,,,,
5,15,30,1,0,0,0,0,0,0,,
41,15,30,0,,,,,,,,
0,15,30,0,,,,,,,,
39,15,31,0,,,,,,,,
34,15,31,2,0,0,0,0,0,1,,
0,15,31,0,,,,,,,,
49,15,32,1,0,0,1,0,0,0,,
53,15,32,0,,,,,,,,
0,15,32,0,,,,,,,,
57,16,1,0,,,,,,,,
0,16,1,0,,,,,,,,
35,16,1,2,0,1,0,0,1,,,
21,16,2,1,0,1,1,1,0,,,
0,16,2,0,,,,,,,,
25,16,2,0,,,,,,,,
46,16,3,0,,,,,,,,
0,16,3,0,,,,,,,,
14,16,3,2,0,0,0,0,0,0,,
55,16,4,1,0,1,1,1,0,1,,
0,16,4,0,,,,,,,,
23,16,4,0,,,,,,,,
10,16,5,0,,,,,,,,
0,16,5,0,,,,,,,,
10,16,5,2,0,1,0,0,0,0,,
46,16,6,1,0,0,0,1,1,1,,
0,16,6,0,,,,,,,,
66,16,6,0,,,,,,,,
18,16,7,0,,,,,,,,
0,16,7,0,,,,,,,,
29,16,7,2,0,1,1,0,1,1,,
20,16,8,1,0,0,0,0,0,0,,
0,16,8,0,,,,,,,,
32,16,8,0,,,,,,,,
8,16,9,0,,,,,,,,
0,16,9,0,,,,,,,,
50,16,9,2,0,1,1,0,1,1,,
54,16,10,1,0,1,0,1,0,1,,
0,16,10,0,,,,,,,,
56,16,10,0,,,,,,,,
20,16,11,0,,,,,,,,
57,16,11,2,0,1,1,1,0,1,,
0,16,11,0,,,,,,,,
45,16,12,1,0,0,1,1,,,,
51,16,12,0,,,,,,,,
0,16,12,0,,,,,,,,
49,16,13,0,,,,,,,,
66,16,13,2,0,0,0,1,,0,,
0,16,13,0,,,,,,,,
15,16,14,1,0,0,1,1,0,0,0,
31,16,14,0,,,,,,,,
0,16,14,0,,,,,,,,
7,16,15,0,,,,,,,,
25,16,15,2,0,0,1,1,0,,1,
0,16,15,0,,,,,,,,
12,16,16,1,0,0,0,,1,,1,
67,16,16,0,,,,,,,,
0,16,16,0,,,,,,,,
14,16,17,0,,,,,,,,
41,16,17,2,0,1,1,0,1,1,,
0,16,17,0,,,,,,,,
40,16,18,1,0,0,1,1,1,1,,
22,16,18,0,,,,,,,,
0,16,18,0,,,,,,,,
12,16,19,0,,,,,,,,
7,16,19,2,0,0,0,0,0,1,,
0,16,19,0,,,,,,,,
63,16,20,1,0,0,1,0,,1,,
42,16,20,0,,,,,,,,
0,16,20,0,,,,,,,,
15,16,21,0,,,,,,,,
51,16,21,2,0,0,1,0,1,1,,
0,16,21,0,,,,,,,,
37,16,22,1,0,0,1,0,1,0,,
52,16,22,0,,,,,,,,
0,16,22,0,,,,,,,,
50,16,23,0,,,,,,,,
13,16,23,2,0,0,0,0,0,1,1,
0,16,23,0,,,,,,,,
59,16,24,1,0,1,1,1,,1,,
43,16,24,0,,,,,,,,
0,16,24,0,,,,,,,,
48,16,25,0,,,,,,,,
61,16,25,2,0,0,0,0,,1,,
0,16,25,0,,,,,,,,
47,16,26,1,0,1,0,0,0,0,,
65,16,26,0,,,,,,,,
0,16,26,0,,,,,,,,
63,16,27,0,,,,,,,,
9,16,27,2,0,0,0,0,0,1,,
0,16,27,0,,,,,,,,
43,16,28,1,0,1,1,0,1,0,,
54,16,28,0,,,,,,,,
0,16,28,0,,,,,,,,
13,16,29,0,,,,,,,,
17,16,29,2,0,0,0,1,1,0,1,
0,16,29,0,,,,,,,,
18,16,30,1,0,0,1,0,1,1,,
41,16,30,0,,,,,,,,
0,16,30,0,,,,,,,,
39,16,31,0,,,,,,,,
60,16,31,2,0,0,1,0,0,0,,
0,16,31,0,,,,,,,,
39,16,32,1,0,1,0,0,1,1,1,
53,16,32,0,,,,,,,,
0,16,32,0,,,,,,,,
57,17,1,0,,,,,,,,
0,17,1,0,,,,,,,,
22,17,1,2,0,0,1,0,,0,,
36,17,2,1,0,0,0,0,,1,,
0,17,2,0,,,,,,,,
25,17,2,0,,,,,,,,
46,17,3,0,,,,,,,,
0,17,3,0,,,,,,,,
23,17,3,2,0,1,0,0,,1,,
63,17,4,1,0,1,1,0,0,1,,
0,17,4,0,,,,,,,,
23,17,4,0,,,,,,,,
10,17,5,0,,,,,,,,
0,17,5,0,,,,,,,,
37,17,5,2,0,1,0,0,0,1,,
62,17,6,1,0,0,1,0,0,1,,
0,17,6,0,,,,,,,,
66,17,6,0,,,,,,,,
18,17,7,0,,,,,,,,
0,17,7,0,,,,,,,,
55,17,7,2,0,0,1,0,0,0,,
25,17,8,1,0,0,0,1,0,1,,
0,17,8,0,,,,,,,,
32,17,8,0,,,,,,,,
8,17,9,0,,,,,,,,
0,17,9,0,,,,,,,,
43,17,9,2,0,0,0,1,0,1,,
56,17,10,1,0,0,0,0,0,1,,
0,17,10,0,,,,,,,,
56,17,10,0,,,,,,,,
20,17,11,0,,,,,,,,
5,17,11,2,0,0,0,1,0,1,,
0,17,11,0,,,,,,,,
18,17,12,1,0,0,1,0,1,1,,
51,17,12,0,,,,,,,,
0,17,12,0,,,,,,,,
49,17,13,0,,,,,,,,
50,17,13,2,0,,1,0,,1,,
0,17,13,0,,,,,,,,
13,17,14,1,0,0,0,0,1,1,,
31,17,14,0,,,,,,,,
0,17,14,0,,,,,,,,
7,17,15,0,,,,,,,,
39,17,15,2,0,0,0,1,1,1,,
0,17,15,0,,,,,,,,
11,17,16,1,0,0,0,0,0,1,,
67,17,16,0,,,,,,,,
0,17,16,0,,,,,,,,
14,17,17,0,,,,,,,,
41,17,17,2,0,1,0,1,0,0,,
0,17,17,0,,,,,,,,
53,17,18,1,0,1,0,0,0,0,,
22,17,18,0,,,,,,,,
0,17,18,0,,,,,,,,
12,17,19,0,,,,,,,,
54,17,19,2,0,0,0,0,1,1,,
0,17,19,0,,,,,,,,
45,17,20,1,0,0,1,0,,1,,
42,17,20,0,,,,,,,,
0,17,20,0,,,,,,,,
15,17,21,0,,,,,,,,
34,17,21,2,0,0,1,0,0,0,,
0,17,21,0,,,,,,,,
14,17,22,1,0,0,0,0,0,0,,
52,17,22,0,,,,,,,,
0,17,22,0,,,,,,,,
50,17,23,0,,,,,,,,
60,17,23,2,0,0,0,0,0,1,,
0,17,23,0,,,,,,,,
7,17,24,1,0,,1,0,,1,,
43,17,24,0,,,,,,,,
0,17,24,0,,,,,,,,
48,17,25,0,,,,,,,,
12,17,25,2,0,0,0,0,,1,,
0,17,25,0,,,,,,,,
35,17,26,1,0,0,0,1,0,1,,
65,17,26,0,,,,,,,,
0,17,26,0,,,,,,,,
63,17,27,0,,,,,,,,
32,17,27,2,0,0,0,1,0,0,,
0,17,27,0,,,,,,,,
8,17,28,1,0,0,0,0,,1,,
54,17,28,0,,,,,,,,
0,17,28,0,,,,,,,,
13,17,29,0,,,,,,,,
6,17,29,2,0,0,1,0,0,0,,
0,17,29,0,,,,,,,,
19,17,30,1,0,0,0,0,0,0,,
41,17,30,0,,,,,,,,
0,17,30,0,,,,,,,,
39,17,31,0,,,,,,,,
15,17,31,2,0,0,0,1,0,0,,
0,17,31,0,,,,,,,,
16,17,32,1,0,0,0,0,0,1,,
53,17,32,0,,,,,,,,
0,17,32,0,,,,,,,,
57,18,1,0,,,,,,,,
0,18,1,0,,,,,,,,
13,18,1,2,0,0,1,0,0,1,,
48,18,2,1,0,0,1,0,0,0,,
0,18,2,0,,,,,,,,
25,18,2,0,,,,,,,,
46,18,3,0,,,,,,,,
0,18,3,0,,,,,,,,
33,18,3,2,0,0,0,0,0,1,,
66,18,4,1,0,0,1,0,0,1,,
0,18,4,0,,,,,,,,
23,18,4,0,,,,,,,,
10,18,5,0,,,,,,,,
0,18,5,0,,,,,,,,
60,18,5,2,0,0,0,0,0,1,,
22,18,6,1,0,0,1,0,0,0,,
0,18,6,0,,,,,,,,
66,18,6,0,,,,,,,,
18,18,7,0,,,,,,,,
0,18,7,0,,,,,,,,
55,18,7,2,0,0,0,0,1,0,,
15,18,8,1,0,1,0,0,0,0,,
0,18,8,0,,,,,,,,
32,18,8,0,,,,,,,,
8,18,9,0,,,,,,,,
0,18,9,0,,,,,,,,
30,18,9,2,0,0,0,0,,1,,
26,18,10,1,0,0,0,0,0,1,,
0,18,10,0,,,,,,,,
56,18,10,0,,,,,,,,
20,18,11,0,,,,,,,,
63,18,11,2,0,0,1,0,0,1,,
0,18,11,0,,,,,,,,
41,18,12,1,0,0,0,0,0,1,,
51,18,12,0,,,,,,,,
0,18,12,0,,,,,,,,
49,18,13,0,,,,,,,,
24,18,13,2,0,0,0,0,0,1,,
0,18,13,0,,,,,,,,
5,18,14,1,0,0,0,0,0,1,,
31,18,14,0,,,,,,,,
0,18,14,0,,,,,,,,
7,18,15,0,,,,,,,,
50,18,15,2,0,0,0,1,0,0,,
0,18,15,0,,,,,,,,
59,18,16,1,0,0,0,0,0,1,,
67,18,16,0,,,,,,,,
0,18,16,0,,,,,,,,
14,18,17,0,,,,,,,,
21,18,17,2,0,0,0,0,0,0,,
0,18,17,0,,,,,,,,
25,18,18,1,0,0,1,0,0,1,,
22,18,18,0,,,,,,,,
0,18,18,0,,,,,,,,
12,18,19,0,,,,,,,,
10,18,19,2,0,0,1,0,0,1,,
0,18,19,0,,,,,,,,
52,18,20,1,0,0,1,0,0,0,,
42,18,20,0,,,,,,,,
0,18,20,0,,,,,,,,
15,18,21,0,,,,,,,,
45,18,21,2,0,0,0,0,0,0,,
0,18,21,0,,,,,,,,
36,18,22,1,0,0,0,0,0,1,,
52,18,22,0,,,,,,,,
0,18,22,0,,,,,,,,
50,18,23,0,,,,,,,,
32,18,23,2,0,0,0,0,0,1,,
0,18,23,0,,,,,,,,
37,18,24,1,0,1,0,0,,1,,
43,18,24,0,,,,,,,,
0,18,24,0,,,,,,,,
48,18,25,0,,,,,,,,
54,18,25,2,0,0,0,1,0,1,,
0,18,25,0,,,,,,,,
12,18,26,1,0,0,1,1,0,1,,
65,18,26,0,,,,,,,,
0,18,26,0,,,,,,,,
63,18,27,0,,,,,,,,
18,18,27,2,0,0,1,1,0,1,,
0,18,27,0,,,,,,,,
57,18,28,1,0,0,0,0,0,1,,
54,18,28,0,,,,,,,,
0,18,28,0,,,,,,,,
13,18,29,0,,,,,,,,
42,18,29,2,0,0,0,0,0,1,,
0,18,29,0,,,,,,,,
17,18,30,1,0,0,0,0,0,1,,
41,18,30,0,,,,,,,,
0,18,30,0,,,,,,,,
39,18,31,0,,,,,,,,
35,18,31,2,0,0,0,0,0,1,,
0,18,31,0,,,,,,,,
51,18,32,1,0,0,0,0,0,1,,
53,18,32,0,,,,,,,,
0,18,32,0,,,,,,,,
23,19,1,1,0,0,0,0,,1,,
0,19,1,0,,,,,,,,
13,19,1,0,,,,,,,,
48,19,2,0,,,,,,,,
0,19,2,0,,,,,,,,
25,19,2,2,0,1,1,1,,1,,
36,19,3,1,0,0,0,0,,1,,
0,19,3,0,,,,,,,,
33,19,3,0,,,,,,,,
66,19,4,0,,,,,,,,
0,19,4,0,,,,,,,,
27,19,4,2,0,0,0,0,0,1,,
6,19,5,1,0,0,0,0,0,0,,
0,19,5,0,,,,,,,,
60,19,5,0,,,,,,,,
22,19,6,0,,,,,,,,
0,19,6,0,,,,,,,,
61,19,6,2,0,0,1,0,0,0,,
32,19,7,1,0,1,0,1,0,1,,
0,19,7,0,,,,,,,,
55,19,7,0,,,,,,,,
15,19,8,0,,,,,,,,
0,19,8,0,,,,,,,,
50,19,8,2,0,0,1,0,0,0,,
53,19,9,1,0,0,0,0,0,1,,
0,19,9,0,,,,,,,,
30,19,9,0,,,,,,,,
26,19,10,0,,,,,,,,
0,19,10,0,,,,,,,,
58,19,10,2,0,0,0,1,0,1,,
5,19,11,1,0,0,1,1,0,1,,
63,19,11,0,,,,,,,,
0,19,11,0,,,,,,,,
41,19,12,0,,,,,,,,
38,19,12,2,0,0,0,0,,1,,
0,19,12,0,,,,,,,,
20,19,13,1,0,0,0,1,1,1,,
24,19,13,0,,,,,,,,
0,19,13,0,,,,,,,,
5,19,14,0,,,,,,,,
47,19,14,2,0,0,0,1,0,1,,
0,19,14,0,,,,,,,,
57,19,15,1,0,0,0,1,1,0,,
50,19,15,0,,,,,,,,
0,19,15,0,,,,,,,,
59,19,16,0,,,,,,,,
13,19,16,2,0,0,0,0,0,0,,
0,19,16,0,,,,,,,,
43,19,17,1,0,0,1,0,0,1,,
21,19,17,0,,,,,,,,
0,19,17,0,,,,,,,,
25,19,18,0,,,,,,,,
19,19,18,2,0,0,1,1,0,1,,
0,19,18,0,,,,,,,,
60,19,19,1,0,0,0,0,0,1,,
10,19,19,0,,,,,,,,
0,19,19,0,,,,,,,,
52,19,20,0,,,,,,,,
52,19,20,2,0,0,1,0,0,1,,
0,19,20,0,,,,,,,,
44,19,21,1,0,0,0,0,1,1,,
45,19,21,0,,,,,,,,
0,19,21,0,,,,,,,,
36,19,22,0,,,,,,,,
31,19,22,2,0,0,0,0,0,1,,
0,19,22,0,,,,,,,,
22,19,23,1,0,0,0,0,0,1,,
32,19,23,0,,,,,,,,
0,19,23,0,,,,,,,,
37,19,24,0,,,,,,,,
49,19,24,2,0,1,0,0,,1,,
0,19,24,0,,,,,,,,
64,19,25,1,0,0,0,0,,1,,
54,19,25,0,,,,,,,,
0,19,25,0,,,,,,,,
12,19,26,0,,,,,,,,
8,19,26,2,0,0,0,0,0,1,,
0,19,26,0,,,,,,,,
18,19,27,1,0,0,1,0,0,1,,
18,19,27,0,,,,,,,,
0,19,27,0,,,,,,,,
57,19,28,0,,,,,,,,
30,19,28,2,0,1,0,1,0,1,,
0,19,28,0,,,,,,,,
17,19,29,1,0,1,1,0,0,,1,
42,19,29,0,,,,,,,,
0,19,29,0,,,,,,,,
17,19,30,0,,,,,,,,
45,19,30,2,0,1,0,0,0,1,,
0,19,30,0,,,,,,,,
46,19,31,1,0,0,0,0,0,1,,
35,19,31,0,,,,,,,,
0,19,31,0,,,,,,,,
51,19,32,0,,,,,,,,
56,19,32,2,0,0,0,0,0,1,,
0,19,32,0,,,,,,,,
23,20,1,0,,,,,,,,
0,20,1,0,,,,,,,,
32,20,1,2,0,0,1,0,0,0,,
61,20,2,1,0,0,0,0,0,0,,
0,20,2,0,,,,,,,,
25,20,2,0,,,,,,,,
36,20,3,0,,,,,,,,
0,20,3,0,,,,,,,,
17,20,3,2,0,0,0,0,,1,,
14,20,4,1,0,0,1,0,0,0,,
0,20,4,0,,,,,,,,
27,20,4,0,,,,,,,,
6,20,5,0,,,,,,,,
0,20,5,0,,,,,,,,
66,20,5,2,0,0,0,0,0,0,,
41,20,6,1,0,0,0,0,0,0,,
0,20,6,0,,,,,,,,
61,20,6,0,,,,,,,,
32,20,7,0,,,,,,,,
0,20,7,0,,,,,,,,
39,20,7,2,0,0,1,0,0,0,,
7,20,8,1,0,0,0,0,0,1,,
0,20,8,0,,,,,,,,
50,20,8,0,,,,,,,,
53,20,9,0,,,,,,,,
0,20,9,0,,,,,,,,
9,20,9,2,0,0,0,0,0,1,,
22,20,10,1,0,0,0,0,0,0,,
0,20,10,0,,,,,,,,
58,20,10,0,,,,,,,,
5,20,11,0,,,,,,,,
53,20,11,2,0,0,1,0,0,1,,
0,20,11,0,,,,,,,,
65,20,12,1,,1,0,0,1,0,,
38,20,12,0,,,,,,,,
0,20,12,0,,,,,,,,
20,20,13,0,,,,,,,,
50,20,13,2,0,,1,0,0,1,,
0,20,13,0,,,,,,,,
38,20,14,1,0,0,0,0,0,0,,
47,20,14,0,,,,,,,,
0,20,14,0,,,,,,,,
57,20,15,0,,,,,,,,
59,20,15,2,0,0,0,0,0,1,,
0,20,15,0,,,,,,,,
48,20,16,1,0,0,0,0,0,1,,
13,20,16,0,,,,,,,,
0,20,16,0,,,,,,,,
43,20,17,0,,,,,,,,
12,20,17,2,0,0,0,0,0,0,,
0,20,17,0,,,,,,,,
29,20,18,1,0,0,1,0,0,0,,
19,20,18,0,,,,,,,,
0,20,18,0,,,,,,,,
60,20,19,0,,,,,,,,
64,20,19,2,0,0,0,0,0,0,,
0,20,19,0,,,,,,,,
45,20,20,1,0,0,0,0,0,1,,
52,20,20,0,,,,,,,,
0,20,20,0,,,,,,,,
44,20,21,0,,,,,,,,
63,20,21,2,0,0,0,0,0,0,,
0,20,21,0,,,,,,,,
35,20,22,1,0,0,,1,0,0,,
31,20,22,0,,,,,,,,
0,20,22,0,,,,,,,,
22,20,23,0,,,,,,,,
31,20,23,2,0,0,0,0,0,0,,
0,20,23,0,,,,,,,,
47,20,24,1,0,0,0,0,,0,,
49,20,24,0,,,,,,,,
0,20,24,0,,,,,,,,
64,20,25,0,,,,,,,,
26,20,25,2,0,0,0,0,1,0,,
0,20,25,0,,,,,,,,
24,20,26,1,0,0,0,0,0,0,,
8,20,26,0,,,,,,,,
0,20,26,0,,,,,,,,
18,20,27,0,,,,,,,,
37,20,27,2,0,1,1,1,0,0,,
0,20,27,0,,,,,,,,
57,20,28,1,0,0,0,0,,1,,
30,20,28,0,,,,,,,,
0,20,28,0,,,,,,,,
17,20,29,0,,,,,,,,
56,20,29,2,,1,0,0,0,0,,
0,20,29,0,,,,,,,,
30,20,30,1,0,0,0,0,0,1,,
45,20,30,0,,,,,,,,
0,20,30,0,,,,,,,,
46,20,31,0,,,,,,,,
60,20,31,2,0,0,0,0,0,0,,
0,20,31,0,,,,,,,,
46,20,32,1,0,0,1,0,0,0,,
56,20,32,0,,,,,,,,
0,20,32,0,,,,,,,,
23,21,1,0,,,,,,,,
0,21,1,0,,,,,,,,
35,21,1,2,0,1,0,0,0,0,,
32,21,2,1,0,0,1,0,0,1,,
0,21,2,0,,,,,,,,
25,21,2,0,,,,,,,,
36,21,3,0,,,,,,,,
0,21,3,0,,,,,,,,
18,21,3,2,0,0,0,0,,1,,
66,21,4,1,0,0,0,0,0,0,,
0,21,4,0,,,,,,,,
27,21,4,0,,,,,,,,
6,21,5,0,,,,,,,,
0,21,5,0,,,,,,,,
47,21,5,2,0,0,0,0,0,0,,
5,21,6,1,0,0,0,0,1,,,
0,21,6,0,,,,,,,,
61,21,6,0,,,,,,,,
32,21,7,0,,,,,,,,
0,21,7,0,,,,,,,,
13,21,7,2,0,0,1,0,1,0,,
30,21,8,1,0,0,0,0,0,0,,
0,21,8,0,,,,,,,,
50,21,8,0,,,,,,,,
53,21,9,0,,,,,,,,
0,21,9,0,,,,,,,,
27,21,9,2,0,0,0,1,0,1,,
49,21,10,1,0,0,0,0,0,0,,
0,21,10,0,,,,,,,,
58,21,10,0,,,,,,,,
5,21,11,0,,,,,,,,
15,21,11,2,0,0,0,0,,1,,
0,21,11,0,,,,,,,,
12,21,12,1,0,0,0,0,,1,,
38,21,12,0,,,,,,,,
0,21,12,0,,,,,,,,
20,21,13,0,,,,,,,,
44,21,13,2,0,1,1,0,,1,,
0,21,13,0,,,,,,,,
64,21,14,1,,,,1,0,0,,
47,21,14,0,,,,,,,,
0,21,14,0,,,,,,,,
57,21,15,0,,,,,,,,
20,21,15,2,0,0,1,0,0,1,,
0,21,15,0,,,,,,,,
41,21,16,1,0,0,0,0,0,0,,
13,21,16,0,,,,,,,,
0,21,16,0,,,,,,,,
43,21,17,0,,,,,,,,
51,21,17,2,0,0,0,1,0,0,,
0,21,17,0,,,,,,,,
52,21,18,1,0,0,0,0,0,0,,
19,21,18,0,,,,,,,,
0,21,18,0,,,,,,,,
60,21,19,0,,,,,,,,
7,21,19,2,0,0,0,0,0,0,,
0,21,19,0,,,,,,,,
26,21,20,1,0,0,1,0,0,0,,
52,21,20,0,,,,,,,,
0,21,20,0,,,,,,,,
44,21,21,0,,,,,,,,
58,21,21,2,0,0,0,0,0,0,,
0,21,21,0,,,,,,,,
55,21,22,1,0,1,1,0,0,0,,
31,21,22,0,,,,,,,,
0,21,22,0,,,,,,,,
22,21,23,0,,,,,,,,
42,21,23,2,0,0,1,0,0,0,,
0,21,23,0,,,,,,,,
40,21,24,1,0,0,0,0,,1,,
49,21,24,0,,,,,,,,
0,21,24,0,,,,,,,,
64,21,25,0,,,,,,,,
23,21,25,2,0,0,0,0,,1,,
0,21,25,0,,,,,,,,
34,21,26,1,0,0,0,0,0,1,,
8,21,26,0,,,,,,,,
0,21,26,0,,,,,,,,
18,21,27,0,,,,,,,,
56,21,27,2,0,0,0,0,1,1,,
0,21,27,0,,,,,,,,
29,21,28,1,0,0,0,1,1,1,,
30,21,28,0,,,,,,,,
0,21,28,0,,,,,,,,
17,21,29,0,,,,,,,,
45,21,29,2,0,0,0,0,0,0,,
0,21,29,0,,,,,,,,
62,21,30,1,0,0,1,0,0,0,,
45,21,30,0,,,,,,,,
0,21,30,0,,,,,,,,
46,21,31,0,,,,,,,,
63,21,31,2,0,0,0,0,1,0,,
0,21,31,0,,,,,,,,
46,21,32,1,0,0,1,0,0,0,,
56,21,32,0,,,,,,,,
0,21,32,0,,,,,,,,
42,22,1,1,0,0,1,1,,1,,
0,22,1,0,,,,,,,,
35,22,1,0,,,,,,,,
32,22,2,0,,,,,,,,
0,22,2,0,,,,,,,,
57,22,2,2,0,0,0,0,0,0,,
67,22,3,1,0,0,1,1,0,0,,
0,22,3,0,,,,,,,,
18,22,3,0,,,,,,,,
66,22,4,0,,,,,,,,
0,22,4,0,,,,,,,,
28,22,4,2,0,0,0,,1,1,,
60,22,5,1,0,0,0,0,0,1,,
0,22,5,0,,,,,,,,
47,22,5,0,,,,,,,,
5,22,6,0,,,,,,,,
0,22,6,0,,,,,,,,
54,22,6,2,0,0,0,0,0,1,,
26,22,7,1,0,0,1,1,0,0,,
0,22,7,0,,,,,,,,
13,22,7,0,,,,,,,,
30,22,8,0,,,,,,,,
0,22,8,0,,,,,,,,
15,22,8,2,0,0,0,0,,1,,
48,22,9,1,0,0,0,0,0,1,,
0,22,9,0,,,,,,,,
27,22,9,0,,,,,,,,
49,22,10,0,,,,,,,,
0,22,10,0,,,,,,,,
39,22,10,2,0,0,1,0,0,1,,
19,22,11,1,0,0,1,0,,1,,
15,22,11,0,,,,,,,,
0,22,11,0,,,,,,,,
12,22,12,0,,,,,,,,
66,22,12,2,0,0,0,0,1,0,,
0,22,12,0,,,,,,,,
32,22,13,1,0,1,1,0,0,1,,
44,22,13,0,,,,,,,,
0,22,13,0,,,,,,,,
64,22,14,0,,,,,,,,
20,22,14,2,0,0,0,0,0,1,,
0,22,14,0,,,,,,,,
44,22,15,1,0,0,0,1,1,1,,
20,22,15,0,,,,,,,,
0,22,15,0,,,,,,,,
41,22,16,0,,,,,,,,
33,22,16,2,0,0,0,0,0,1,,
0,22,16,0,,,,,,,,
38,22,17,1,0,0,1,0,0,1,,
51,22,17,0,,,,,,,,
0,22,17,0,,,,,,,,
52,22,18,0,,,,,,,,
63,22,18,2,0,0,0,0,0,0,,
0,22,18,0,,,,,,,,
41,22,19,1,0,0,1,0,0,1,,
7,22,19,0,,,,,,,,
0,22,19,0,,,,,,,,
26,22,20,0,,,,,,,,
9,22,20,2,0,1,1,1,0,1,,
0,22,20,0,,,,,,,,
56,22,21,1,0,1,1,0,0,0,,
58,22,21,0,,,,,,,,
0,22,21,0,,,,,,,,
55,22,22,0,,,,,,,,
62,22,22,2,0,0,0,1,1,0,,
0,22,22,0,,,,,,,,
6,22,23,1,0,,1,1,1,1,,
42,22,23,0,,,,,,,,
0,22,23,0,,,,,,,,
40,22,24,0,,,,,,,,
53,22,24,2,0,0,0,1,,1,,
0,22,24,0,,,,,,,,
14,22,25,1,0,1,0,0,,1,,
23,22,25,0,,,,,,,,
0,22,25,0,,,,,,,,
34,22,26,0,,,,,,,,
59,22,26,2,0,0,1,1,0,0,,
0,22,26,0,,,,,,,,
17,22,27,1,0,0,0,1,1,1,,
56,22,27,0,,,,,,,,
0,22,27,0,,,,,,,,
29,22,28,0,,,,,,,,
65,22,28,2,0,0,1,0,1,1,,
0,22,28,0,,,,,,,,
64,22,29,1,0,,1,1,0,1,,
45,22,29,0,,,,,,,,
0,22,29,0,,,,,,,,
62,22,30,0,,,,,,,,
11,22,30,2,0,1,1,0,0,1,,
0,22,30,0,,,,,,,,
30,22,31,1,0,0,1,0,0,0,,
63,22,31,0,,,,,,,,
0,22,31,0,,,,,,,,
46,22,32,0,,,,,,,,
50,22,32,2,0,0,1,0,0,1,,
0,22,32,0,,,,,,,,
29,23,1,1,0,1,0,0,1,1,,
0,23,1,0,,,,,,,,
35,23,1,0,,,,,,,,
32,23,2,0,,,,,,,,
0,23,2,0,,,,,,,,
19,23,2,2,0,1,1,1,1,,1,
56,23,3,1,0,0,1,1,1,0,,
0,23,3,0,,,,,,,,
18,23,3,0,,,,,,,,
66,23,4,0,,,,,,,,
0,23,4,0,,,,,,,,
58,23,4,2,0,1,1,0,0,1,,
46,23,5,1,0,0,0,0,0,1,,
0,23,5,0,,,,,,,,
47,23,5,0,,,,,,,,
5,23,6,0,,,,,,,,
0,23,6,0,,,,,,,,
27,23,6,2,0,0,0,0,1,0,,
51,23,7,1,0,1,1,0,0,0,,
0,23,7,0,,,,,,,,
13,23,7,0,,,,,,,,
30,23,8,0,,,,,,,,
0,23,8,0,,,,,,,,
63,23,8,2,0,0,0,0,1,0,,
9,23,9,1,0,0,0,0,,1,,
0,23,9,0,,,,,,,,
27,23,9,0,,,,,,,,
49,23,10,0,,,,,,,,
0,23,10,0,,,,,,,,
34,23,10,2,0,0,0,0,0,1,,
45,23,11,1,0,0,1,1,0,1,,
15,23,11,0,,,,,,,,
0,23,11,0,,,,,,,,
12,23,12,0,,,,,,,,
38,23,12,2,0,1,0,0,0,,1,
0,23,12,0,,,,,,,,
16,23,13,1,0,1,0,0,,1,1,
44,23,13,0,,,,,,,,
0,23,13,0,,,,,,,,
64,23,14,0,,,,,,,,
67,23,14,2,0,0,1,1,0,1,,
0,23,14,0,,,,,,,,
42,23,15,1,0,1,1,0,0,1,,
20,23,15,0,,,,,,,,
0,23,15,0,,,,,,,,
41,23,16,0,,,,,,,,
15,23,16,2,0,1,0,0,0,0,,
0,23,16,0,,,,,,,,
61,23,17,1,0,1,1,0,0,1,,
51,23,17,0,,,,,,,,
0,23,17,0,,,,,,,,
52,23,18,0,,,,,,,,
31,23,18,2,0,0,1,,1,1,,
0,23,18,0,,,,,,,,
55,23,19,1,0,0,1,1,1,1,,
7,23,19,0,,,,,,,,
0,23,19,0,,,,,,,,
26,23,20,0,,,,,,,,
33,23,20,2,0,0,1,1,0,1,,
0,23,20,0,,,,,,,,
25,23,21,1,0,1,1,0,1,1,,
58,23,21,0,,,,,,,,
0,23,21,0,,,,,,,,
55,23,22,0,,,,,,,,
66,23,22,2,0,1,1,1,1,1,,
0,23,22,0,,,,,,,,
40,23,23,1,0,0,1,0,,1,,
42,23,23,0,,,,,,,,
0,23,23,0,,,,,,,,
40,23,24,0,,,,,,,,
37,23,24,2,0,1,0,0,,1,,
0,23,24,0,,,,,,,,
14,23,25,1,0,0,0,0,0,0,,
23,23,25,0,,,,,,,,
0,23,25,0,,,,,,,,
34,23,26,0,,,,,,,,
65,23,26,2,0,1,1,1,0,1,,
0,23,26,0,,,,,,,,
36,23,27,1,0,1,0,0,0,0,,
56,23,27,0,,,,,,,,
0,23,27,0,,,,,,,,
29,23,28,0,,,,,,,,
41,23,28,2,0,1,1,1,1,1,,
0,23,28,0,,,,,,,,
44,23,29,1,0,0,1,0,0,0,,
45,23,29,0,,,,,,,,
0,23,29,0,,,,,,,,
62,23,30,0,,,,,,,,
62,23,30,2,0,0,0,0,0,1,,
0,23,30,0,,,,,,,,
60,23,31,1,0,1,0,0,,1,,
63,23,31,0,,,,,,,,
0,23,31,0,,,,,,,,
46,23,32,0,,,,,,,,
26,23,32,2,0,1,1,0,1,1,,
0,23,32,0,,,,,,,,
29,24,1,0,,,,,,,,
0,24,1,0,,,,,,,,
15,24,1,2,0,0,0,0,0,1,,
33,24,2,1,0,0,1,0,0,1,,
0,24,2,0,,,,,,,,
19,24,2,0,,,,,,,,
56,24,3,0,,,,,,,,
0,24,3,0,,,,,,,,
38,24,3,2,0,0,0,0,,1,,
51,24,4,1,0,0,0,1,0,1,,
0,24,4,0,,,,,,,,
58,24,4,0,,,,,,,,
46,24,5,0,,,,,,,,
0,24,5,0,,,,,,,,
60,24,5,2,0,0,0,0,0,0,,
16,24,6,1,0,0,0,0,0,0,,
0,24,6,0,,,,,,,,
27,24,6,0,,,,,,,,
51,24,7,0,,,,,,,,
0,24,7,0,,,,,,,,
46,24,7,2,0,0,0,0,0,1,,
9,24,8,1,0,1,0,0,0,0,,
0,24,8,0,,,,,,,,
63,24,8,0,,,,,,,,
9,24,9,0,,,,,,,,
0,24,9,0,,,,,,,,
30,24,9,2,0,0,0,0,,1,,
20,24,10,1,0,0,0,0,0,0,,
0,24,10,0,,,,,,,,
34,24,10,0,,,,,,,,
45,24,11,0,,,,,,,,
37,24,11,2,0,0,0,0,,1,,
0,24,11,0,,,,,,,,
12,24,12,1,0,0,1,1,,1,,
38,24,12,0,,,,,,,,
0,24,12,0,,,,,,,,
16,24,13,0,,,,,,,,
31,24,13,2,0,0,0,0,,1,,
0,24,13,0,,,,,,,,
52,24,14,1,0,0,0,0,0,0,,
67,24,14,0,,,,,,,,
0,24,14,0,,,,,,,,
42,24,15,0,,,,,,,,
36,24,15,2,0,0,0,0,0,0,,
0,24,15,0,,,,,,,,
8,24,16,1,0,1,0,0,0,1,1,
15,24,16,0,,,,,,,,
0,24,16,0,,,,,,,,
61,24,17,0,,,,,,,,
28,24,17,2,0,0,0,0,0,1,,
0,24,17,0,,,,,,,,
34,24,18,1,0,0,1,0,1,1,,
31,24,18,0,,,,,,,,
0,24,18,0,,,,,,,,
55,24,19,0,,,,,,,,
50,24,19,2,0,0,0,0,0,0,,
0,24,19,0,,,,,,,,
10,24,20,1,0,0,0,1,0,1,,
33,24,20,0,,,,,,,,
0,24,20,0,,,,,,,,
25,24,21,0,,,,,,,,
27,24,21,2,0,0,0,0,,1,,
0,24,21,0,,,,,,,,
21,24,22,1,0,0,0,0,0,1,,
66,24,22,0,,,,,,,,
0,24,22,0,,,,,,,,
40,24,23,0,,,,,,,,
47,24,23,2,0,0,0,0,1,0,,
0,24,23,0,,,,,,,,
18,24,24,1,0,0,0,0,,1,,
37,24,24,0,,,,,,,,
0,24,24,0,,,,,,,,
14,24,25,0,,,,,,,,
49,24,25,2,0,0,0,0,,1,,
0,24,25,0,,,,,,,,
67,24,26,1,0,1,0,0,0,0,,
65,24,26,0,,,,,,,,
0,24,26,0,,,,,,,,
36,24,27,0,,,,,,,,
56,24,27,2,0,0,0,1,0,1,,
0,24,27,0,,,,,,,,
58,24,28,1,0,0,0,0,1,1,,
41,24,28,0,,,,,,,,
0,24,28,0,,,,,,,,
44,24,29,0,,,,,,,,
61,24,29,2,0,0,0,0,0,0,,
0,24,29,0,,,,,,,,
26,24,30,1,0,1,0,0,0,1,,
62,24,30,0,,,,,,,,
0,24,30,0,,,,,,,,
60,24,31,0,,,,,,,,
29,24,31,2,0,0,0,1,1,0,,
0,24,31,0,,,,,,,,
39,24,32,1,0,0,0,1,0,0,,
26,24,32,0,,,,,,,,
0,24,32,0,,,,,,,,
29,25,1,0,,,,,,,,
0,25,1,0,,,,,,,,
35,25,1,2,0,1,1,1,1,,1,
30,25,2,1,0,1,1,0,0,0,,
0,25,2,0,,,,,,,,
19,25,2,0,,,,,,,,
56,25,3,0,,,,,,,,
0,25,3,0,,,,,,,,
55,25,3,2,0,0,0,0,,1,,
17,25,4,1,0,0,1,0,0,0,,
0,25,4,0,,,,,,,,
58,25,4,0,,,,,,,,
46,25,5,0,,,,,,,,
0,25,5,0,,,,,,,,
42,25,5,2,0,0,0,0,0,1,,
66,25,6,1,0,1,0,0,0,1,,
0,25,6,0,,,,,,,,
27,25,6,0,,,,,,,,
51,25,7,0,,,,,,,,
0,25,7,0,,,,,,,,
9,25,7,2,0,0,1,0,0,1,,
23,25,8,1,0,0,1,0,0,1,,
0,25,8,0,,,,,,,,
63,25,8,0,,,,,,,,
9,25,9,0,,,,,,,,
0,25,9,0,,,,,,,,
38,25,9,2,0,0,0,0,0,1,,
5,25,10,1,0,0,1,0,1,1,,
0,25,10,0,,,,,,,,
34,25,10,0,,,,,,,,
45,25,11,0,,,,,,,,
46,25,11,2,0,0,1,1,0,1,,
0,25,11,0,,,,,,,,
37,25,12,1,0,1,0,0,,1,,
38,25,12,0,,,,,,,,
0,25,12,0,,,,,,,,
16,25,13,0,,,,,,,,
28,25,13,2,0,0,1,0,,1,,
0,25,13,0,,,,,,,,
32,25,14,1,0,1,1,0,1,1,,
67,25,14,0,,,,,,,,
0,25,14,0,,,,,,,,
42,25,15,0,,,,,,,,
64,25,15,2,0,0,0,0,0,1,,
0,25,15,0,,,,,,,,
58,25,16,1,0,0,0,,0,0,,
15,25,16,0,,,,,,,,
0,25,16,0,,,,,,,,
61,25,17,0,,,,,,,,
52,25,17,2,0,0,0,1,0,0,,
0,25,17,0,,,,,,,,
33,25,18,1,0,0,1,0,0,0,,
31,25,18,0,,,,,,,,
0,25,18,0,,,,,,,,
55,25,19,0,,,,,,,,
20,25,19,2,0,0,1,1,1,1,,
0,25,19,0,,,,,,,,
11,25,20,1,0,1,0,0,,1,,
33,25,20,0,,,,,,,,
0,25,20,0,,,,,,,,
25,25,21,0,,,,,,,,
21,25,21,2,0,0,0,0,0,1,,
0,25,21,0,,,,,,,,
60,25,22,1,0,0,0,0,1,1,,
66,25,22,0,,,,,,,,
0,25,22,0,,,,,,,,
40,25,23,0,,,,,,,,
40,25,23,2,0,0,0,0,0,0,,
0,25,23,0,,,,,,,,
19,25,24,1,0,1,0,0,,1,,
37,25,24,0,,,,,,,,
0,25,24,0,,,,,,,,
14,25,25,0,,,,,,,,
49,25,25,2,0,0,0,0,0,0,,
0,25,25,0,,,,,,,,
48,25,26,1,0,1,0,0,0,0,,
65,25,26,0,,,,,,,,
0,25,26,0,,,,,,,,
36,25,27,0,,,,,,,,
27,25,27,2,0,0,0,0,0,1,,
0,25,27,0,,,,,,,,
59,25,28,1,0,0,0,0,0,1,,
41,25,28,0,,,,,,,,
0,25,28,0,,,,,,,,
44,25,29,0,,,,,,,,
53,25,29,2,0,,1,1,0,0,,
0,25,29,0,,,,,,,,
51,25,30,1,0,0,0,0,0,0,,
62,25,30,0,,,,,,,,
0,25,30,0,,,,,,,,
60,25,31,0,,,,,,,,
56,25,31,2,0,0,0,1,1,0,,
0,25,31,0,,,,,,,,
14,25,32,1,0,0,1,1,1,0,,
26,25,32,0,,,,,,,,
0,25,32,0,,,,,,,,
29,26,1,0,,,,,,,,
0,26,1,0,,,,,,,,
39,26,1,2,0,1,0,0,,1,,
11,26,2,1,0,1,1,1,0,1,,
0,26,2,0,,,,,,,,
19,26,2,0,,,,,,,,
56,26,3,0,,,,,,,,
0,26,3,0,,,,,,,,
30,26,3,2,0,1,1,0,,0,,
5,26,4,1,0,1,0,1,0,0,,
0,26,4,0,,,,,,,,
58,26,4,0,,,,,,,,
46,26,5,0,,,,,,,,
0,26,5,0,,,,,,,,
9,26,5,2,0,1,1,0,1,1,,
61,26,6,1,0,0,0,0,0,1,,
0,26,6,0,,,,,,,,
27,26,6,0,,,,,,,,
51,26,7,0,,,,,,,,
0,26,7,0,,,,,,,,
13,26,7,2,0,1,0,0,0,1,,
7,26,8,1,0,0,0,1,0,0,,
0,26,8,0,,,,,,,,
63,26,8,0,,,,,,,,
9,26,9,0,,,,,,,,
0,26,9,0,,,,,,,,
40,26,9,2,0,0,0,0,,1,,
38,26,10,1,0,1,0,0,1,0,,
0,26,10,0,,,,,,,,
34,26,10,0,,,,,,,,
45,26,11,0,,,,,,,,
25,26,11,2,0,1,1,1,,1,,
0,26,11,0,,,,,,,,
62,26,12,1,0,0,1,0,,1,,
38,26,12,0,,,,,,,,
0,26,12,0,,,,,,,,
16,26,13,0,,,,,,,,
28,26,13,2,0,0,1,1,1,0,,
0,26,13,0,,,,,,,,
15,26,14,1,0,,1,0,1,1,,
67,26,14,0,,,,,,,,
0,26,14,0,,,,,,,,
42,26,15,0,,,,,,,,
16,26,15,2,0,1,0,1,1,1,,
0,26,15,0,,,,,,,,
60,26,16,1,0,0,,1,1,1,,
15,26,16,0,,,,,,,,
0,26,16,0,,,,,,,,
61,26,17,0,,,,,,,,
63,26,17,2,0,1,0,0,0,1,,
0,26,17,0,,,,,,,,
54,26,18,1,0,0,0,1,0,1,,
31,26,18,0,,,,,,,,
0,26,18,0,,,,,,,,
55,26,19,0,,,,,,,,
27,26,19,2,0,0,1,0,1,1,,
0,26,19,0,,,,,,,,
37,26,20,1,0,0,1,1,,1,,
33,26,20,0,,,,,,,,
0,26,20,0,,,,,,,,
25,26,21,0,,,,,,,,
36,26,21,2,0,1,0,0,1,1,,
0,26,21,0,,,,,,,,
29,26,22,1,0,0,,1,1,1,,
66,26,22,0,,,,,,,,
0,26,22,0,,,,,,,,
40,26,23,0,,,,,,,,
49,26,23,2,0,0,1,0,0,0,,
0,26,23,0,,,,,,,,
26,26,24,1,0,0,1,1,1,1,0,
37,26,24,0,,,,,,,,
0,26,24,0,,,,,,,,
14,26,25,0,,,,,,,,
51,26,25,2,0,1,0,0,0,0,,
0,26,25,0,,,,,,,,
35,26,26,1,0,0,0,1,0,0,,
65,26,26,0,,,,,,,,
0,26,26,0,,,,,,,,
36,26,27,0,,,,,,,,
57,26,27,2,0,0,1,0,1,1,,
0,26,27,0,,,,,,,,
64,26,28,1,0,1,1,1,0,1,,
41,26,28,0,,,,,,,,
0,26,28,0,,,,,,,,
44,26,29,0,,,,,,,,
58,26,29,2,0,0,1,0,0,1,,
0,26,29,0,,,,,,,,
23,26,30,1,0,1,1,1,1,1,,
62,26,30,0,,,,,,,,
0,26,30,0,,,,,,,,
60,26,31,0,,,,,,,,
19,26,31,2,0,1,1,0,1,1,,
0,26,31,0,,,,,,,,
33,26,32,1,0,0,,1,0,0,,
26,26,32,0,,,,,,,,
0,26,32,0,,,,,,,,
29,27,1,0,,,,,,,,
0,27,1,0,,,,,,,,
31,27,1,2,0,0,0,1,0,0,,
20,27,2,1,0,0,1,0,0,0,,
0,27,2,0,,,,,,,,
19,27,2,0,,,,,,,,
56,27,3,0,,,,,,,,
0,27,3,0,,,,,,,,
7,27,3,2,0,,1,1,1,1,,
8,27,4,1,0,0,1,0,0,0,,
0,27,4,0,,,,,,,,
58,27,4,0,,,,,,,,
46,27,5,0,,,,,,,,
0,27,5,0,,,,,,,,
32,27,5,2,0,1,0,0,0,0,,
22,27,6,1,0,0,0,0,0,0,,
0,27,6,0,,,,,,,,
27,27,6,0,,,,,,,,
51,27,7,0,,,,,,,,
0,27,7,0,,,,,,,,
58,27,7,2,0,0,1,0,0,0,,
62,27,8,1,0,,0,0,0,1,,
0,27,8,0,,,,,,,,
63,27,8,0,,,,,,,,
9,27,9,0,,,,,,,,
0,27,9,0,,,,,,,,
33,27,9,2,0,1,1,0,,1,,
6,27,10,1,0,1,0,0,1,0,,
0,27,10,0,,,,,,,,
34,27,10,0,,,,,,,,
45,27,11,0,,,,,,,,
44,27,11,2,0,0,1,0,0,1,,
0,27,11,0,,,,,,,,
10,27,12,1,0,1,0,0,0,0,,
38,27,12,0,,,,,,,,
0,27,12,0,,,,,,,,
16,27,13,0,,,,,,,,
35,27,13,2,0,,1,1,,1,,
0,27,13,0,,,,,,,,
23,27,14,1,0,0,0,0,1,,1,
67,27,14,0,,,,,,,,
0,27,14,0,,,,,,,,
42,27,15,0,,,,,,,,
29,27,15,2,0,0,1,0,1,0,,
0,27,15,0,,,,,,,,
38,27,16,1,0,0,0,0,0,0,,
15,27,16,0,,,,,,,,
0,27,16,0,,,,,,,,
61,27,17,0,,,,,,,,
48,27,17,2,0,0,0,1,0,1,,
0,27,17,0,,,,,,,,
49,27,18,1,0,1,0,1,1,1,,
31,27,18,0,,,,,,,,
0,27,18,0,,,,,,,,
55,27,19,0,,,,,,,,
5,27,19,2,0,0,0,0,1,0,,
0,27,19,0,,,,,,,,
41,27,20,1,0,0,1,1,0,1,,
33,27,20,0,,,,,,,,
0,27,20,0,,,,,,,,
25,27,21,0,,,,,,,,
51,27,21,2,0,0,1,0,0,1,,
0,27,21,0,,,,,,,,
60,27,22,1,0,1,0,1,1,0,,
66,27,22,0,,,,,,,,
0,27,22,0,,,,,,,,
40,27,23,0,,,,,,,,
30,27,23,2,0,0,0,0,0,0,,
0,27,23,0,,,,,,,,
42,27,24,1,0,0,0,0,,1,,
37,27,24,0,,,,,,,,
0,27,24,0,,,,,,,,
14,27,25,0,,,,,,,,
57,27,25,2,0,0,0,0,1,0,,
0,27,25,0,,,,,,,,
27,27,26,1,0,0,0,0,0,0,,
65,27,26,0,,,,,,,,
0,27,26,0,,,,,,,,
36,27,27,0,,,,,,,,
50,27,27,2,0,0,0,1,0,0,,
0,27,27,0,,,,,,,,
25,27,28,1,0,0,0,0,1,0,,
41,27,28,0,,,,,,,,
0,27,28,0,,,,,,,,
44,27,29,0,,,,,,,,
55,27,29,2,0,0,1,0,0,1,,
0,27,29,0,,,,,,,,
36,27,30,1,0,0,0,0,0,0,,
62,27,30,0,,,,,,,,
0,27,30,0,,,,,,,,
60,27,31,0,,,,,,,,
40,27,31,2,0,1,1,0,0,1,,
0,27,31,0,,,,,,,,
43,27,32,1,0,0,0,0,0,0,,
26,27,32,0,,,,,,,,
0,27,32,0,,,,,,,,
29,28,1,0,,,,,,,,
0,28,1,0,,,,,,,,
36,28,1,2,0,0,1,0,1,1,,
43,28,2,1,0,1,1,0,0,0,1,
0,28,2,0,,,,,,,,
19,28,2,0,,,,,,,,
56,28,3,0,,,,,,,,
0,28,3,0,,,,,,,,
68,28,3,2,0,,1,1,0,0,,
7,28,4,1,0,0,0,0,0,0,,
0,28,4,0,,,,,,,,
58,28,4,0,,,,,,,,
46,28,5,0,,,,,,,,
0,28,5,0,,,,,,,,
58,28,5,2,0,0,0,0,0,1,,
45,28,6,1,0,0,1,0,1,1,,
0,28,6,0,,,,,,,,
27,28,6,0,,,,,,,,
51,28,7,0,,,,,,,,
0,28,7,0,,,,,,,,
34,28,7,2,0,0,0,0,0,1,,
29,28,8,1,0,1,0,0,0,1,,
0,28,8,0,,,,,,,,
63,28,8,0,,,,,,,,
9,28,9,0,,,,,,,,
0,28,9,0,,,,,,,,
11,28,9,2,0,0,0,0,0,1,,
64,28,10,1,0,,1,1,0,1,,
0,28,10,0,,,,,,,,
34,28,10,0,,,,,,,,
45,28,11,0,,,,,,,,
21,28,11,2,0,0,1,0,,1,,
0,28,11,0,,,,,,,,
32,28,12,1,0,0,0,1,0,0,,
38,28,12,0,,,,,,,,
0,28,12,0,,,,,,,,
16,28,13,0,,,,,,,,
23,28,13,2,0,1,0,0,0,1,,
0,28,13,0,,,,,,,,
63,28,14,1,0,0,0,0,1,1,,
67,28,14,0,,,,,,,,
0,28,14,0,,,,,,,,
42,28,15,0,,,,,,,,
52,28,15,2,0,0,0,,1,1,,
0,28,15,0,,,,,,,,
16,28,16,1,0,0,0,0,0,0,,
15,28,16,0,,,,,,,,
0,28,16,0,,,,,,,,
61,28,17,0,,,,,,,,
56,28,17,2,0,0,0,0,0,0,,
0,28,17,0,,,,,,,,
62,28,18,1,0,0,1,1,0,1,,
31,28,18,0,,,,,,,,
0,28,18,0,,,,,,,,
55,28,19,0,,,,,,,,
20,28,19,2,0,0,0,0,0,0,,
0,28,19,0,,,,,,,,
55,28,20,1,0,1,0,0,0,1,,
33,28,20,0,,,,,,,,
0,28,20,0,,,,,,,,
25,28,21,0,,,,,,,,
67,28,21,2,0,0,1,0,1,1,,
0,28,21,0,,,,,,,,
47,28,22,1,0,0,1,1,1,1,,
66,28,22,0,,,,,,,,
0,28,22,0,,,,,,,,
40,28,23,0,,,,,,,,
57,28,23,2,0,0,0,0,0,1,,
0,28,23,0,,,,,,,,
18,28,24,1,0,0,0,0,,1,,
37,28,24,0,,,,,,,,
0,28,24,0,,,,,,,,
14,28,25,0,,,,,,,,
60,28,25,2,0,0,1,0,0,1,,
0,28,25,0,,,,,,,,
51,28,26,1,0,0,0,0,0,1,,
65,28,26,0,,,,,,,,
0,28,26,0,,,,,,,,
36,28,27,0,,,,,,,,
15,28,27,2,0,0,0,0,1,1,,
0,28,27,0,,,,,,,,
33,28,28,1,0,1,0,0,1,1,,
41,28,28,0,,,,,,,,
0,28,28,0,,,,,,,,
44,28,29,0,,,,,,,,
13,28,29,2,0,1,1,0,0,1,,
0,28,29,0,,,,,,,,
19,28,30,1,0,0,1,1,0,0,,
62,28,30,0,,,,,,,,
0,28,30,0,,,,,,,,
60,28,31,0,,,,,,,,
38,28,31,2,0,0,0,0,0,1,,
0,28,31,0,,,,,,,,
61,28,32,1,0,0,1,0,0,1,,
26,28,32,0,,,,,,,,
0,28,32,0,,,,,,,,
29,29,1,0,,,,,,,,
0,29,1,0,,,,,,,,
48,29,1,2,0,0,1,0,,1,,
19,29,2,1,0,0,0,0,1,0,,
0,29,2,0,,,,,,,,
19,29,2,0,,,,,,,,
56,29,3,0,,,,,,,,
0,29,3,0,,,,,,,,
12,29,3,2,0,0,1,0,,1,,
30,29,4,1,0,1,0,0,1,0,,
0,29,4,0,,,,,,,,
58,29,4,0,,,,,,,,
46,29,5,0,,,,,,,,
0,29,5,0,,,,,,,,
17,29,5,2,0,0,1,0,0,1,,
55,29,6,1,0,0,0,0,0,1,,
0,29,6,0,,,,,,,,
27,29,6,0,,,,,,,,
51,29,7,0,,,,,,,,
0,29,7,0,,,,,,,,
64,29,7,2,0,1,0,0,0,1,,
58,29,8,1,0,0,0,1,0,0,,
0,29,8,0,,,,,,,,
63,29,8,0,,,,,,,,
9,29,9,0,,,,,,,,
0,29,9,0,,,,,,,,
44,29,9,2,0,0,0,0,0,1,,
6,29,10,1,0,0,0,0,0,0,,
0,29,10,0,,,,,,,,
34,29,10,0,,,,,,,,
45,29,11,0,,,,,,,,
23,29,11,2,0,0,1,0,1,1,,
0,29,11,0,,,,,,,,
50,29,12,1,0,1,0,0,,1,,
38,29,12,0,,,,,,,,
0,29,12,0,,,,,,,,
16,29,13,0,,,,,,,,
32,29,13,2,0,0,1,0,,1,,
0,29,13,0,,,,,,,,
21,29,14,1,0,0,1,1,1,0,,
67,29,14,0,,,,,,,,
0,29,14,0,,,,,,,,
42,29,15,0,,,,,,,,
10,29,15,2,0,0,1,1,0,0,,
0,29,15,0,,,,,,,,
43,29,16,1,0,1,0,1,,0,,
15,29,16,0,,,,,,,,
0,29,16,0,,,,,,,,
61,29,17,0,,,,,,,,
22,29,17,2,0,1,1,1,1,0,,
0,29,17,0,,,,,,,,
41,29,18,1,0,0,1,0,0,1,,
31,29,18,0,,,,,,,,
0,29,18,0,,,,,,,,
55,29,19,0,,,,,,,,
42,29,19,2,0,0,0,1,0,1,,
0,29,19,0,,,,,,,,
40,29,20,1,0,0,0,0,0,1,,
33,29,20,0,,,,,,,,
0,29,20,0,,,,,,,,
25,29,21,0,,,,,,,,
60,29,21,2,0,0,1,0,0,0,,
0,29,21,0,,,,,,,,
33,29,22,1,0,0,1,0,1,0,,
66,29,22,0,,,,,,,,
0,29,22,0,,,,,,,,
40,29,23,0,,,,,,,,
16,29,23,2,0,0,0,0,1,0,,
0,29,23,0,,,,,,,,
53,29,24,1,0,0,1,0,,1,,
37,29,24,0,,,,,,,,
0,29,24,0,,,,,,,,
14,29,25,0,,,,,,,,
62,29,25,2,0,0,0,0,0,0,,
0,29,25,0,,,,,,,,
37,29,26,1,0,0,0,1,0,0,,
65,29,26,0,,,,,,,,
0,29,26,0,,,,,,,,
36,29,27,0,,,,,,,,
9,29,27,2,0,0,0,0,0,1,,
0,29,27,0,,,,,,,,
29,29,28,1,0,0,1,0,0,1,,
41,29,28,0,,,,,,,,
0,29,28,0,,,,,,,,
44,29,29,0,,,,,,,,
5,29,29,2,0,0,0,0,1,1,,
0,29,29,0,,,,,,,,
63,29,30,1,0,0,0,0,0,1,,
62,29,30,0,,,,,,,,
0,29,30,0,,,,,,,,
60,29,31,0,,,,,,,,
25,29,31,2,0,0,0,0,1,1,,
0,29,31,0,,,,,,,,
67,29,32,1,0,0,0,0,0,0,,
26,29,32,0,,,,,,,,
0,29,32,0,,,,,,,,
29,30,1,0,,,,,,,,
0,30,1,0,,,,,,,,
54,30,1,2,0,0,0,0,,1,,
64,30,2,1,0,0,1,0,,1,,
0,30,2,0,,,,,,,,
19,30,2,0,,,,,,,,
56,30,3,0,,,,,,,,
0,30,3,0,,,,,,,,
29,30,3,2,0,0,0,0,,1,,
27,30,4,1,0,0,0,0,0,1,,
0,30,4,0,,,,,,,,
58,30,4,0,,,,,,,,
46,30,5,0,,,,,,,,
0,30,5,0,,,,,,,,
58,30,5,2,0,0,0,0,0,1,,
16,30,6,1,0,0,0,0,0,0,,
0,30,6,0,,,,,,,,
27,30,6,0,,,,,,,,
51,30,7,0,,,,,,,,
0,30,7,0,,,,,,,,
66,30,7,2,0,0,1,1,1,0,,
41,30,8,1,0,0,1,0,0,0,,
0,30,8,0,,,,,,,,
63,30,8,0,,,,,,,,
9,30,9,0,,,,,,,,
0,30,9,0,,,,,,,,
38,30,9,2,0,0,0,0,1,1,,
51,30,10,1,0,1,1,0,0,0,,
0,30,10,0,,,,,,,,
34,30,10,0,,,,,,,,
45,30,11,0,,,,,,,,
50,30,11,2,0,0,1,0,0,1,,
0,30,11,0,,,,,,,,
45,30,12,1,0,0,0,1,,0,,
38,30,12,0,,,,,,,,
0,30,12,0,,,,,,,,
16,30,13,0,,,,,,,,
31,30,13,2,0,,1,0,,1,,
0,30,13,0,,,,,,,,
44,30,14,1,0,0,1,1,0,,1,
67,30,14,0,,,,,,,,
0,30,14,0,,,,,,,,
42,30,15,0,,,,,,,,
56,30,15,2,0,0,0,1,0,1,1,
0,30,15,0,,,,,,,,
32,30,16,1,0,0,0,0,0,1,,
15,30,16,0,,,,,,,,
0,30,16,0,,,,,,,,
61,30,17,0,,,,,,,,
40,30,17,2,0,1,0,1,0,1,,
0,30,17,0,,,,,,,,
48,30,18,1,0,0,0,0,0,0,,
31,30,18,0,,,,,,,,
0,30,18,0,,,,,,,,
55,30,19,0,,,,,,,,
53,30,19,2,0,0,0,1,1,1,,
0,30,19,0,,,,,,,,
6,30,20,1,0,0,0,0,,1,,
33,30,20,0,,,,,,,,
0,30,20,0,,,,,,,,
25,30,21,0,,,,,,,,
43,30,21,2,0,0,0,0,0,0,,
0,30,21,0,,,,,,,,
37,30,22,1,0,0,0,1,1,0,,
66,30,22,0,,,,,,,,
0,30,22,0,,,,,,,,
40,30,23,0,,,,,,,,
60,30,23,2,0,0,0,0,,1,,
0,30,23,0,,,,,,,,
5,30,24,1,0,0,0,0,,1,,
37,30,24,0,,,,,,,,
0,30,24,0,,,,,,,,
14,30,25,0,,,,,,,,
61,30,25,2,0,0,0,1,1,1,,
0,30,25,0,,,,,,,,
49,30,26,1,0,0,0,0,0,0,,
65,30,26,0,,,,,,,,
0,30,26,0,,,,,,,,
36,30,27,0,,,,,,,,
62,30,27,2,0,1,0,0,0,1,,
0,30,27,0,,,,,,,,
19,30,28,1,0,0,0,1,,1,,
41,30,28,0,,,,,,,,
0,30,28,0,,,,,,,,
44,30,29,0,,,,,,,,
57,30,29,2,0,0,0,0,0,1,,
0,30,29,0,,,,,,,,
22,30,30,1,0,0,0,0,0,1,,
62,30,30,0,,,,,,,,
0,30,30,0,,,,,,,,
60,30,31,0,,,,,,,,
18,30,31,2,0,0,0,0,0,0,,
0,30,31,0,,,,,,,,
46,30,32,1,0,0,1,0,0,1,,
26,30,32,0,,,,,,,,
0,30,32,0,,,,,,,,
29,31,1,0,,,,,,,,
0,31,1,0,,,,,,,,
22,31,1,2,0,0,1,0,,1,,
12,31,2,1,0,0,1,0,0,1,,
0,31,2,0,,,,,,,,
19,31,2,0,,,,,,,,
56,31,3,0,,,,,,,,
0,31,3,0,,,,,,,,
26,31,3,2,0,0,0,0,,1,,
14,31,4,1,0,0,0,0,1,1,,
0,31,4,0,,,,,,,,
58,31,4,0,,,,,,,,
46,31,5,0,,,,,,,,
0,31,5,0,,,,,,,,
43,31,5,2,0,0,0,0,0,1,,
35,31,6,1,0,0,0,0,0,1,,
0,31,6,0,,,,,,,,
27,31,6,0,,,,,,,,
51,31,7,0,,,,,,,,
0,31,7,0,,,,,,,,
31,31,7,2,0,1,0,0,0,1,,
7,31,8,1,0,1,0,0,0,0,,
0,31,8,0,,,,,,,,
63,31,8,0,,,,,,,,
9,31,9,0,,,,,,,,
0,31,9,0,,,,,,,,
53,31,9,2,0,0,0,0,0,1,,
58,31,10,1,0,0,0,0,0,1,,
0,31,10,0,,,,,,,,
34,31,10,0,,,,,,,,
45,31,11,0,,,,,,,,
61,31,11,2,0,0,1,0,0,1,,
0,31,11,0,,,,,,,,
48,31,12,1,,1,0,1,0,1,,
38,31,12,0,,,,,,,,
0,31,12,0,,,,,,,,
16,31,13,0,,,,,,,,
67,31,13,2,0,0,1,0,0,1,,
0,31,13,0,,,,,,,,
57,31,14,1,0,0,0,0,0,1,,
67,31,14,0,,,,,,,,
0,31,14,0,,,,,,,,
42,31,15,0,,,,,,,,
5,31,15,2,0,0,0,0,0,0,,
0,31,15,0,,,,,,,,
28,31,16,1,0,0,0,0,0,1,,
15,31,16,0,,,,,,,,
0,31,16,0,,,,,,,,
61,31,17,0,,,,,,,,
45,31,17,2,0,0,0,0,0,1,,
0,31,17,0,,,,,,,,
63,31,18,1,0,0,1,1,0,1,,
31,31,18,0,,,,,,,,
0,31,18,0,,,,,,,,
55,31,19,0,,,,,,,,
9,31,19,2,0,0,,,1,1,,
0,31,19,0,,,,,,,,
19,31,20,1,0,0,0,0,0,1,,
33,31,20,0,,,,,,,,
0,31,20,0,,,,,,,,
25,31,21,0,,,,,,,,
65,31,21,2,0,0,0,0,0,1,,
0,31,21,0,,,,,,,,
56,31,22,1,0,0,1,1,0,1,,
66,31,22,0,,,,,,,,
0,31,22,0,,,,,,,,
40,31,23,0,,,,,,,,
66,31,23,2,0,0,0,0,0,1,,
0,31,23,0,,,,,,,,
10,31,24,1,0,0,0,0,,1,,
37,31,24,0,,,,,,,,
0,31,24,0,,,,,,,,
14,31,25,0,,,,,,,,
17,31,25,2,0,1,0,0,0,1,,
0,31,25,0,,,,,,,,
62,31,26,1,0,0,0,0,0,1,,
65,31,26,0,,,,,,,,
0,31,26,0,,,,,,,,
36,31,27,0,,,,,,,,
51,31,27,2,0,0,0,0,0,1,,
0,31,27,0,,,,,,,,
38,31,28,1,0,0,1,0,0,1,,
41,31,28,0,,,,,,,,
0,31,28,0,,,,,,,,
44,31,29,0,,,,,,,,
52,31,29,2,0,1,1,0,1,1,,
0,31,29,0,,,,,,,,
11,31,30,1,0,0,1,0,0,1,,
62,31,30,0,,,,,,,,
0,31,30,0,,,,,,,,
60,31,31,0,,,,,,,,
37,31,31,2,0,0,0,0,0,1,,
0,31,31,0,,,,,,,,
16,31,32,1,,1,0,1,1,1,,
26,31,32,0,,,,,,,,
0,31,32,0,,,,,,,,
29,32,1,0,,,,,,,,
0,32,1,0,,,,,,,,
33,32,1,2,0,0,1,1,,1,,
26,32,2,1,0,1,1,0,0,0,,
0,32,2,0,,,,,,,,
19,32,2,0,,,,,,,,
56,32,3,0,,,,,,,,
0,32,3,0,,,,,,,,
6,32,3,2,0,,1,1,1,1,,
14,32,4,1,0,1,1,1,1,0,,
0,32,4,0,,,,,,,,
58,32,4,0,,,,,,,,
46,32,5,0,,,,,,,,
0,32,5,0,,,,,,,,
54,32,5,2,0,0,1,0,0,0,,
36,32,6,1,,1,1,0,1,,,
0,32,6,0,,,,,,,,
27,32,6,0,,,,,,,,
51,32,7,0,,,,,,,,
0,32,7,0,,,,,,,,
24,32,7,2,0,,0,1,1,1,,
38,32,8,1,0,1,1,0,0,1,,
0,32,8,0,,,,,,,,
63,32,8,0,,,,,,,,
9,32,9,0,,,,,,,,
0,32,9,0,,,,,,,,
68,32,9,2,0,0,0,0,0,1,,
8,32,10,1,0,0,1,1,1,0,,
0,32,10,0,,,,,,,,
34,32,10,0,,,,,,,,
45,32,11,0,,,,,,,,
12,32,11,2,0,1,1,1,1,0,,
0,32,11,0,,,,,,,,
66,32,12,1,0,0,1,0,,1,,
38,32,12,0,,,,,,,,
0,32,12,0,,,,,,,,
16,32,13,0,,,,,,,,
60,32,13,2,0,1,1,0,0,0,,
0,32,13,0,,,,,,,,
62,32,14,1,0,1,1,0,1,0,,
67,32,14,0,,,,,,,,
0,32,14,0,,,,,,,,
42,32,15,0,,,,,,,,
31,32,15,2,0,0,,1,0,1,,
0,32,15,0,,,,,,,,
20,32,16,1,0,1,1,0,0,,1,
15,32,16,0,,,,,,,,
0,32,16,0,,,,,,,,
61,32,17,0,,,,,,,,
61,32,17,2,0,0,0,0,1,1,,
0,32,17,0,,,,,,,,
44,32,18,1,0,1,1,0,1,1,,
31,32,18,0,,,,,,,,
0,32,18,0,,,,,,,,
55,32,19,0,,,,,,,,
67,32,19,2,0,1,0,,1,0,,
0,32,19,0,,,,,,,,
49,32,20,1,0,1,1,0,,1,,
33,32,20,0,,,,,,,,
0,32,20,0,,,,,,,,
25,32,21,0,,,,,,,,
30,32,21,2,0,1,0,0,0,0,,
0,32,21,0,,,,,,,,
13,32,22,1,0,1,0,1,1,1,,
66,32,22,0,,,,,,,,
0,32,22,0,,,,,,,,
40,32,23,0,,,,,,,,
65,32,23,2,0,1,1,0,0,0,,
0,32,23,0,,,,,,,,
48,32,24,1,0,1,1,1,,1,,
37,32,24,0,,,,,,,,
0,32,24,0,,,,,,,,
14,32,25,0,,,,,,,,
19,32,25,2,0,0,1,0,,1,,
0,32,25,0,,,,,,,,
56,32,26,1,0,0,1,0,0,0,,
65,32,26,0,,,,,,,,
0,32,26,0,,,,,,,,
36,32,27,0,,,,,,,,
69,32,27,2,0,1,1,1,0,1,,
0,32,27,0,,,,,,,,
47,32,28,1,0,1,1,0,0,1,,
41,32,28,0,,,,,,,,
0,32,28,0,,,,,,,,
44,32,29,0,,,,,,,,
21,32,29,2,0,1,0,1,1,0,,
0,32,29,0,,,,,,,,
71,32,30,1,0,1,1,1,0,0,,
62,32,30,0,,,,,,,,
0,32,30,0,,,,,,,,
60,32,31,0,,,,,,,,
53,32,31,2,0,1,0,1,0,0,,
0,32,31,0,,,,,,,,
57,32,32,1,0,0,1,0,0,0,,
26,32,32,0,,,,,,,,
0,32,32,0,,,,,,,,
29,33,1,0,,,,,,,,
0,33,1,0,,,,,,,,
38,33,1,2,0,0,0,0,,1,,
35,33,2,1,0,0,0,0,0,1,,
0,33,2,0,,,,,,,,
19,33,2,0,,,,,,,,
56,33,3,0,,,,,,,,
0,33,3,0,,,,,,,,
39,33,3,2,0,,1,0,,1,,
60,33,4,1,0,0,0,0,1,0,,
0,33,4,0,,,,,,,,
58,33,4,0,,,,,,,,
46,33,5,0,,,,,,,,
0,33,5,0,,,,,,,,
17,33,5,2,0,0,0,0,0,0,,
64,33,6,1,0,1,0,0,0,1,,
0,33,6,0,,,,,,,,
27,33,6,0,,,,,,,,
51,33,7,0,,,,,,,,
0,33,7,0,,,,,,,,
59,33,7,2,0,0,,1,0,0,,
26,33,8,1,0,0,1,0,0,1,,
0,33,8,0,,,,,,,,
63,33,8,0,,,,,,,,
9,33,9,0,,,,,,,,
0,33,9,0,,,,,,,,
8,33,9,2,0,0,1,1,,1,,
55,33,10,1,0,1,0,0,0,0,,
0,33,10,0,,,,,,,,
34,33,10,0,,,,,,,,
45,33,11,0,,,,,,,,
46,33,11,2,0,0,0,0,1,1,,
0,33,11,0,,,,,,,,
48,33,12,1,0,1,0,0,,1,,
38,33,12,0,,,,,,,,
0,33,12,0,,,,,,,,
16,33,13,0,,,,,,,,
44,33,13,2,0,1,0,0,0,0,,
0,33,13,0,,,,,,,,
21,33,14,1,0,0,0,0,0,1,,
67,33,14,0,,,,,,,,
0,33,14,0,,,,,,,,
42,33,15,0,,,,,,,,
32,33,15,2,0,0,0,0,0,0,,
0,33,15,0,,,,,,,,
34,33,16,1,0,0,0,0,0,1,,
15,33,16,0,,,,,,,,
0,33,16,0,,,,,,,,
61,33,17,0,,,,,,,,
13,33,17,2,0,0,0,0,0,1,,
0,33,17,0,,,,,,,,
53,33,18,1,0,1,0,0,0,0,,
31,33,18,0,,,,,,,,
0,33,18,0,,,,,,,,
55,33,19,0,,,,,,,,
52,33,19,2,0,1,0,0,0,1,,
0,33,19,0,,,,,,,,
6,33,20,1,0,0,0,0,0,0,,
33,33,20,0,,,,,,,,
0,33,20,0,,,,,,,,
25,33,21,0,,,,,,,,
23,33,21,2,0,1,0,0,0,0,,
0,33,21,0,,,,,,,,
42,33,22,1,0,0,0,0,0,0,,
66,33,22,0,,,,,,,,
0,33,22,0,,,,,,,,
40,33,23,0,,,,,,,,
51,33,23,2,0,1,0,0,0,1,,
0,33,23,0,,,,,,,,
36,33,24,1,0,,1,0,,1,,
37,33,24,0,,,,,,,,
0,33,24,0,,,,,,,,
14,33,25,0,,,,,,,,
56,33,25,2,0,0,1,0,0,0,,
0,33,25,0,,,,,,,,
14,33,26,1,0,0,0,0,0,0,,
65,33,26,0,,,,,,,,
0,33,26,0,,,,,,,,
36,33,27,0,,,,,,,,
45,33,27,2,0,1,0,0,0,1,,
0,33,27,0,,,,,,,,
58,33,28,1,0,0,0,0,0,1,,
41,33,28,0,,,,,,,,
0,33,28,0,,,,,,,,
44,33,29,0,,,,,,,,
62,33,29,2,0,1,0,0,0,0,,
0,33,29,0,,,,,,,,
47,33,30,1,0,0,0,0,0,0,,
62,33,30,0,,,,,,,,
0,33,30,0,,,,,,,,
60,33,31,0,,,,,,,,
22,33,31,2,0,0,0,0,0,0,,
0,33,31,0,,,,,,,,
25,33,32,1,0,0,0,1,0,1,,
26,33,32,0,,,,,,,,
0,33,32,0,,,,,,,,
29,34,1,0,,,,,,,,
0,34,1,0,,,,,,,,
57,34,1,2,0,0,0,0,1,,,
47,34,2,1,,1,1,0,1,0,1,
0,34,2,0,,,,,,,,
19,34,2,0,,,,,,,,
56,34,3,0,,,,,,,,
0,34,3,0,,,,,,,,
6,34,3,2,0,0,0,0,,1,,
39,34,4,1,0,1,1,1,0,,,
0,34,4,0,,,,,,,,
58,34,4,0,,,,,,,,
46,34,5,0,,,,,,,,
0,34,5,0,,,,,,,,
17,34,5,2,0,0,1,0,0,1,,
10,34,6,1,0,0,0,1,1,1,1,
0,34,6,0,,,,,,,,
27,34,6,0,,,,,,,,
51,34,7,0,,,,,,,,
0,34,7,0,,,,,,,,
33,34,7,2,0,0,1,1,1,1,,
8,34,8,1,0,0,1,0,1,1,,
0,34,8,0,,,,,,,,
63,34,8,0,,,,,,,,
9,34,9,0,,,,,,,,
0,34,9,0,,,,,,,,
59,34,9,2,0,0,0,0,1,,1,
26,34,10,1,0,1,1,,1,1,1,
0,34,10,0,,,,,,,,
34,34,10,0,,,,,,,,
45,34,11,0,,,,,,,,
46,34,11,2,0,,1,1,1,,0,
0,34,11,0,,,,,,,,
68,34,12,1,0,,0,0,1,1,1,
38,34,12,0,,,,,,,,
0,34,12,0,,,,,,,,
16,34,13,0,,,,,,,,
45,34,13,2,0,0,0,1,1,1,,
0,34,13,0,,,,,,,,
42,34,14,1,0,0,0,0,1,,1,
67,34,14,0,,,,,,,,
0,34,14,0,,,,,,,,
42,34,15,0,,,,,,,,
41,34,15,2,0,,1,0,1,0,0,
0,34,15,0,,,,,,,,
14,34,16,1,0,1,0,0,,1,,
15,34,16,0,,,,,,,,
0,34,16,0,,,,,,,,
61,34,17,0,,,,,,,,
21,34,17,2,0,1,0,0,0,1,,
0,34,17,0,,,,,,,,
32,34,18,1,0,0,0,1,1,1,,
31,34,18,0,,,,,,,,
0,34,18,0,,,,,,,,
55,34,19,0,,,,,,,,
12,34,19,2,0,0,1,,1,1,,
0,34,19,0,,,,,,,,
54,34,20,1,0,1,0,1,,1,,
33,34,20,0,,,,,,,,
0,34,20,0,,,,,,,,
25,34,21,0,,,,,,,,
16,34,21,2,0,0,1,1,0,1,,
0,34,21,0,,,,,,,,
55,34,22,1,0,0,1,0,1,1,,
66,34,22,0,,,,,,,,
0,34,22,0,,,,,,,,
40,34,23,0,,,,,,,,
24,34,23,2,0,0,,1,1,1,,
0,34,23,0,,,,,,,,
62,34,24,1,0,1,,1,0,0,0,
37,34,24,0,,,,,,,,
0,34,24,0,,,,,,,,
14,34,25,0,,,,,,,,
66,34,25,2,0,0,1,0,1,1,,
0,34,25,0,,,,,,,,
48,34,26,1,0,1,1,1,0,0,,
65,34,26,0,,,,,,,,
0,34,26,0,,,,,,,,
36,34,27,0,,,,,,,,
67,34,27,2,0,0,0,1,0,0,,
0,34,27,0,,,,,,,,
25,34,28,1,0,1,1,1,0,0,,
41,34,28,0,,,,,,,,
0,34,28,0,,,,,,,,
44,34,29,0,,,,,,,,
19,34,29,2,0,0,1,1,0,1,,
0,34,29,0,,,,,,,,
31,34,30,1,0,1,1,1,1,1,,
62,34,30,0,,,,,,,,
0,34,30,0,,,,,,,,
60,34,31,0,,,,,,,,
53,34,31,2,0,0,1,1,0,1,1,
0,34,31,0,,,,,,,,
56,34,32,1,0,0,1,1,0,1,1,
26,34,32,0,,,,,,,,
0,34,32,0,,,,,,,,
29,35,1,0,,,,,,,,
0,35,1,0,,,,,,,,
32,35,1,2,0,0,0,1,0,0,,
17,35,2,1,0,0,0,1,0,1,,
0,35,2,0,,,,,,,,
19,35,2,0,,,,,,,,
56,35,3,0,,,,,,,,
0,35,3,0,,,,,,,,
55,35,3,2,0,0,0,0,,1,,
38,35,4,1,0,0,0,0,1,1,,
0,35,4,0,,,,,,,,
58,35,4,0,,,,,,,,
46,35,5,0,,,,,,,,
0,35,5,0,,,,,,,,
49,35,5,2,0,0,1,0,0,0,,
25,35,6,1,0,0,0,0,0,1,,
0,35,6,0,,,,,,,,
27,35,6,0,,,,,,,,
51,35,7,0,,,,,,,,
0,35,7,0,,,,,,,,
12,35,7,2,0,0,0,1,0,1,,
29,35,8,1,0,0,0,0,0,1,,
0,35,8,0,,,,,,,,
63,35,8,0,,,,,,,,
9,35,9,0,,,,,,,,
0,35,9,0,,,,,,,,
65,35,9,2,0,0,0,0,,1,,
8,35,10,1,0,0,0,0,0,1,,
0,35,10,0,,,,,,,,
34,35,10,0,,,,,,,,
45,35,11,0,,,,,,,,
7,35,11,2,0,0,1,0,0,1,,
0,35,11,0,,,,,,,,
34,35,12,1,0,0,0,0,,1,,
38,35,12,0,,,,,,,,
0,35,12,0,,,,,,,,
16,35,13,0,,,,,,,,
21,35,13,2,0,0,1,0,0,1,,
0,35,13,0,,,,,,,,
57,35,14,1,0,0,0,0,1,0,,
67,35,14,0,,,,,,,,
0,35,14,0,,,,,,,,
42,35,15,0,,,,,,,,
46,35,15,2,0,0,0,0,1,0,,
0,35,15,0,,,,,,,,
59,35,16,1,0,0,0,0,0,1,,
15,35,16,0,,,,,,,,
0,35,16,0,,,,,,,,
61,35,17,0,,,,,,,,
37,35,17,2,0,0,0,0,1,0,,
0,35,17,0,,,,,,,,
48,35,18,1,0,0,1,0,0,0,,
31,35,18,0,,,,,,,,
0,35,18,0,,,,,,,,
55,35,19,0,,,,,,,,
43,35,19,2,0,0,0,0,0,1,,
0,35,19,0,,,,,,,,
54,35,20,1,0,0,0,0,0,0,,
33,35,20,0,,,,,,,,
0,35,20,0,,,,,,,,
25,35,21,0,,,,,,,,
44,35,21,2,0,0,0,0,0,0,,
0,35,21,0,,,,,,,,
36,35,22,1,0,0,0,0,0,0,,
66,35,22,0,,,,,,,,
0,35,22,0,,,,,,,,
40,35,23,0,,,,,,,,
61,35,23,2,0,0,0,0,0,1,,
0,35,23,0,,,,,,,,
31,35,24,1,0,1,0,0,,0,,
37,35,24,0,,,,,,,,
0,35,24,0,,,,,,,,
14,35,25,0,,,,,,,,
35,35,25,2,0,0,0,0,0,0,,
0,35,25,0,,,,,,,,
62,35,26,1,0,0,0,0,0,0,,
65,35,26,0,,,,,,,,
0,35,26,0,,,,,,,,
36,35,27,0,,,,,,,,
47,35,27,2,0,0,0,0,0,1,,
0,35,27,0,,,,,,,,
40,35,28,1,0,0,0,0,0,1,,
41,35,28,0,,,,,,,,
0,35,28,0,,,,,,,,
44,35,29,0,,,,,,,,
63,35,29,2,0,0,0,0,1,1,,
0,35,29,0,,,,,,,,
60,35,30,1,0,1,0,0,0,0,,
62,35,30,0,,,,,,,,
0,35,30,0,,,,,,,,
60,35,31,0,,,,,,,,
10,35,31,2,0,0,0,0,0,1,,
0,35,31,0,,,,,,,,
16,35,32,1,0,0,1,0,0,0,,
26,35,32,0,,,,,,,,
0,35,32,0,,,,,,,,
49,36,1,1,0,0,1,1,0,1,,
0,36,1,0,,,,,,,,
32,36,1,0,,,,,,,,
17,36,2,0,,,,,,,,
0,36,2,0,,,,,,,,
59,36,2,2,0,0,1,0,1,1,,
68,36,3,1,0,0,1,0,1,1,,
0,36,3,0,,,,,,,,
55,36,3,0,,,,,,,,
38,36,4,0,,,,,,,,
0,36,4,0,,,,,,,,
20,36,4,2,0,1,0,1,0,1,,
51,36,5,1,0,1,0,1,1,0,,
0,36,5,0,,,,,,,,
49,36,5,0,,,,,,,,
25,36,6,0,,,,,,,,
0,36,6,0,,,,,,,,
8,36,6,2,0,1,0,1,0,,,
36,36,7,1,0,1,0,1,0,1,,
0,36,7,0,,,,,,,,
12,36,7,0,,,,,,,,
29,36,8,0,,,,,,,,
0,36,8,0,,,,,,,,
26,36,8,2,0,1,0,1,1,1,,
58,36,9,1,0,0,0,0,0,1,,
0,36,9,0,,,,,,,,
65,36,9,0,,,,,,,,
8,36,10,0,,,,,,,,
0,36,10,0,,,,,,,,
34,36,10,2,0,1,1,1,1,1,,
61,36,11,1,0,0,1,0,1,1,,
7,36,11,0,,,,,,,,
0,36,11,0,,,,,,,,
34,36,12,0,,,,,,,,
41,36,12,2,0,0,0,1,1,0,,
0,36,12,0,,,,,,,,
39,36,13,1,0,0,0,0,1,1,,
21,36,13,0,,,,,,,,
0,36,13,0,,,,,,,,
57,36,14,0,,,,,,,,
38,36,14,2,0,0,0,0,1,1,,
0,36,14,0,,,,,,,,
43,36,15,1,,0,0,1,1,0,,
46,36,15,0,,,,,,,,
0,36,15,0,,,,,,,,
59,36,16,0,,,,,,,,
56,36,16,2,0,0,0,1,0,1,,
0,36,16,0,,,,,,,,
57,36,17,1,0,0,1,1,1,0,,
37,36,17,0,,,,,,,,
0,36,17,0,,,,,,,,
48,36,18,0,,,,,,,,
45,36,18,2,0,0,0,0,0,0,,
0,36,18,0,,,,,,,,
24,36,19,1,0,1,1,,1,0,,
43,36,19,0,,,,,,,,
0,36,19,0,,,,,,,,
54,36,20,0,,,,,,,,
15,36,20,2,0,1,0,0,,1,,
0,36,20,0,,,,,,,,
46,36,21,1,0,0,0,0,,1,,
44,36,21,0,,,,,,,,
0,36,21,0,,,,,,,,
36,36,22,0,,,,,,,,
33,36,22,2,0,1,0,0,1,1,,
0,36,22,0,,,,,,,,
23,36,23,1,0,0,0,0,0,1,,
61,36,23,0,,,,,,,,
0,36,23,0,,,,,,,,
31,36,24,0,,,,,,,,
44,36,24,2,0,0,1,1,,1,,
0,36,24,0,,,,,,,,
10,36,25,1,0,1,1,0,,1,,
35,36,25,0,,,,,,,,
0,36,25,0,,,,,,,,
62,36,26,0,,,,,,,,
7,36,26,2,0,0,0,0,0,1,,
0,36,26,0,,,,,,,,
69,36,27,1,0,0,1,1,1,1,,
47,36,27,0,,,,,,,,
0,36,27,0,,,,,,,,
40,36,28,0,,,,,,,,
28,36,28,2,0,0,1,0,1,1,,
0,36,28,0,,,,,,,,
53,36,29,1,0,,1,,,1,,
63,36,29,0,,,,,,,,
0,36,29,0,,,,,,,,
60,36,30,0,,,,,,,,
29,36,30,2,0,0,,1,0,1,,
0,36,30,0,,,,,,,,
42,36,31,1,0,0,1,1,0,0,,
10,36,31,0,,,,,,,,
0,36,31,0,,,,,,,,
16,36,32,0,,,,,,,,
40,36,32,2,0,0,0,1,1,0,,
0,36,32,0,,,,,,,,
49,37,1,0,,,,,,,,
0,37,1,0,,,,,,,,
50,37,1,2,0,0,0,0,,1,,
16,37,2,1,0,1,0,1,1,1,1,
0,37,2,0,,,,,,,,
59,37,2,0,,,,,,,,
68,37,3,0,,,,,,,,
0,37,3,0,,,,,,,,
10,37,3,2,0,,1,0,0,0,,
54,37,4,1,0,0,,1,0,1,,
0,37,4,0,,,,,,,,
20,37,4,0,,,,,,,,
51,37,5,0,,,,,,,,
0,37,5,0,,,,,,,,
12,37,5,2,0,1,0,0,0,1,,
33,37,6,1,0,0,0,0,0,1,,
0,37,6,0,,,,,,,,
8,37,6,0,,,,,,,,
36,37,7,0,,,,,,,,
0,37,7,0,,,,,,,,
44,37,7,2,0,0,0,0,0,0,,
46,37,8,1,0,0,0,0,0,0,,
0,37,8,0,,,,,,,,
26,37,8,0,,,,,,,,
58,37,9,0,,,,,,,,
0,37,9,0,,,,,,,,
52,37,9,2,0,0,1,1,1,0,,
17,37,10,1,0,0,1,1,0,0,,
0,37,10,0,,,,,,,,
34,37,10,0,,,,,,,,
61,37,11,0,,,,,,,,
27,37,11,2,0,0,1,1,0,1,,
0,37,11,0,,,,,,,,
34,37,12,1,0,0,0,0,0,0,,
41,37,12,0,,,,,,,,
0,37,12,0,,,,,,,,
39,37,13,0,,,,,,,,
57,37,13,2,0,1,1,0,,1,,
0,37,13,0,,,,,,,,
37,37,14,1,0,0,0,0,0,0,,
38,37,14,0,,,,,,,,
0,37,14,0,,,,,,,,
43,37,15,0,,,,,,,,
22,37,15,2,0,0,1,0,0,1,,
0,37,15,0,,,,,,,,
26,37,16,1,0,0,1,,1,0,,
56,37,16,0,,,,,,,,
0,37,16,0,,,,,,,,
57,37,17,0,,,,,,,,
43,37,17,2,0,0,0,0,0,0,,
0,37,17,0,,,,,,,,
14,37,18,1,0,1,1,0,0,1,,
45,37,18,0,,,,,,,,
0,37,18,0,,,,,,,,
24,37,19,0,,,,,,,,
42,37,19,2,0,0,1,,1,0,,
0,37,19,0,,,,,,,,
45,37,20,1,0,0,0,0,,1,,
15,37,20,0,,,,,,,,
0,37,20,0,,,,,,,,
46,37,21,0,,,,,,,,
5,37,21,2,0,1,0,0,0,1,,
0,37,21,0,,,,,,,,
8,37,22,1,0,0,0,0,0,0,,
33,37,22,0,,,,,,,,
0,37,22,0,,,,,,,,
23,37,23,0,,,,,,,,
66,37,23,2,0,0,0,0,0,0,,
0,37,23,0,,,,,,,,
35,37,24,1,0,0,0,0,,1,,
44,37,24,0,,,,,,,,
0,37,24,0,,,,,,,,
10,37,25,0,,,,,,,,
40,37,25,2,0,0,0,0,0,0,,
0,37,25,0,,,,,,,,
32,37,26,1,0,0,0,0,0,0,,
7,37,26,0,,,,,,,,
0,37,26,0,,,,,,,,
69,37,27,0,,,,,,,,
9,37,27,2,0,1,0,0,1,1,,
0,37,27,0,,,,,,,,
25,37,28,1,0,,1,0,1,1,,
28,37,28,0,,,,,,,,
0,37,28,0,,,,,,,,
53,37,29,0,,,,,,,,
15,37,29,2,0,0,1,1,1,1,,
0,37,29,0,,,,,,,,
39,37,30,1,0,0,1,0,0,0,,
29,37,30,0,,,,,,,,
0,37,30,0,,,,,,,,
42,37,31,0,,,,,,,,
41,37,31,2,0,0,0,0,0,0,,
0,37,31,0,,,,,,,,
49,37,32,1,0,0,0,0,0,0,,
40,37,32,0,,,,,,,,
0,37,32,0,,,,,,,,
12,38,1,1,0,0,1,1,0,0,1,
0,38,1,0,,,,,,,,
50,38,1,0,,,,,,,,
16,38,2,0,,,,,,,,
0,38,2,0,,,,,,,,
33,38,2,2,0,0,0,0,1,0,,
28,38,3,1,0,,1,1,1,1,,
0,38,3,0,,,,,,,,
10,38,3,0,,,,,,,,
54,38,4,0,,,,,,,,
0,38,4,0,,,,,,,,
66,38,4,2,0,1,,1,1,1,,
26,38,5,1,0,0,0,0,1,1,,
0,38,5,0,,,,,,,,
12,38,5,0,,,,,,,,
33,38,6,0,,,,,,,,
0,38,6,0,,,,,,,,
64,38,6,2,0,0,0,,1,1,,
48,38,7,1,0,0,0,1,1,1,,
0,38,7,0,,,,,,,,
44,38,7,0,,,,,,,,
46,38,8,0,,,,,,,,
0,38,8,0,,,,,,,,
19,38,8,2,0,0,0,1,0,1,,
41,38,9,1,0,0,0,0,1,1,,
0,38,9,0,,,,,,,,
52,38,9,0,,,,,,,,
17,38,10,0,,,,,,,,
0,38,10,0,,,,,,,,
61,38,10,2,0,0,0,,1,1,,
36,38,11,1,0,0,0,0,1,1,,
27,38,11,0,,,,,,,,
0,38,11,0,,,,,,,,
34,38,12,0,,,,,,,,
21,38,12,2,0,1,0,0,,1,,
0,38,12,0,,,,,,,,
11,38,13,1,0,1,1,1,1,1,1,
57,38,13,0,,,,,,,,
0,38,13,0,,,,,,,,
37,38,14,0,,,,,,,,
55,38,14,2,0,0,1,1,1,,1,
0,38,14,0,,,,,,,,
53,38,15,1,0,0,0,0,1,1,,
22,38,15,0,,,,,,,,
0,38,15,0,,,,,,,,
26,38,16,0,,,,,,,,
38,38,16,2,0,0,0,1,1,0,,
0,38,16,0,,,,,,,,
39,38,17,1,0,0,0,,0,1,,
43,38,17,0,,,,,,,,
0,38,17,0,,,,,,,,
14,38,18,0,,,,,,,,
68,38,18,2,0,1,1,,1,1,,
0,38,18,0,,,,,,,,
46,38,19,1,0,1,,1,1,1,,
42,38,19,0,,,,,,,,
0,38,19,0,,,,,,,,
45,38,20,0,,,,,,,,
24,38,20,2,0,1,1,1,0,0,,
0,38,20,0,,,,,,,,
63,38,21,1,0,0,0,0,,1,,
5,38,21,0,,,,,,,,
0,38,21,0,,,,,,,,
8,38,22,0,,,,,,,,
30,38,22,2,0,0,0,0,0,0,,
0,38,22,0,,,,,,,,
25,38,23,1,0,0,0,,1,1,1,
66,38,23,0,,,,,,,,
0,38,23,0,,,,,,,,
35,38,24,0,,,,,,,,
57,38,24,2,0,0,0,0,,0,,
0,38,24,0,,,,,,,,
37,38,25,1,0,1,0,0,,1,,
40,38,25,0,,,,,,,,
0,38,25,0,,,,,,,,
32,38,26,0,,,,,,,,
47,38,26,2,0,0,0,1,0,1,,
0,38,26,0,,,,,,,,
60,38,27,1,0,1,0,,1,1,,
9,38,27,0,,,,,,,,
0,38,27,0,,,,,,,,
25,38,28,0,,,,,,,,
50,38,28,2,0,1,0,0,1,1,,
0,38,28,0,,,,,,,,
58,38,29,1,0,0,1,1,1,1,,
15,38,29,0,,,,,,,,
0,38,29,0,,,,,,,,
39,38,30,0,,,,,,,,
31,38,30,2,0,1,0,0,0,0,,
0,38,30,0,,,,,,,,
45,38,31,1,0,0,0,,0,1,,
41,38,31,0,,,,,,,,
0,38,31,0,,,,,,,,
49,38,32,0,,,,,,,,
35,38,32,2,0,0,0,0,0,1,1,
0,38,32,0,,,,,,,,
12,39,1,0,,,,,,,,
0,39,1,0,,,,,,,,
34,39,1,2,0,0,0,1,1,1,,
50,39,2,1,0,0,1,1,0,1,,
0,39,2,0,,,,,,,,
33,39,2,0,,,,,,,,
28,39,3,0,,,,,,,,
0,39,3,0,,,,,,,,
7,39,3,2,0,1,1,1,1,1,,
47,39,4,1,0,0,1,0,,1,,
0,39,4,0,,,,,,,,
66,39,4,0,,,,,,,,
26,39,5,0,,,,,,,,
0,39,5,0,,,,,,,,
32,39,5,2,0,0,0,0,0,1,,
25,39,6,1,0,1,1,1,0,1,,
0,39,6,0,,,,,,,,
64,39,6,0,,,,,,,,
48,39,7,0,,,,,,,,
0,39,7,0,,,,,,,,
49,39,7,2,0,1,1,0,0,1,,
38,39,8,1,0,0,1,0,0,1,,
0,39,8,0,,,,,,,,
19,39,8,0,,,,,,,,
41,39,9,0,,,,,,,,
0,39,9,0,,,,,,,,
21,39,9,2,0,0,1,0,1,1,,
9,39,10,1,0,1,0,1,0,1,,
0,39,10,0,,,,,,,,
61,39,10,0,,,,,,,,
36,39,11,0,,,,,,,,
42,39,11,2,0,1,1,0,0,1,,
0,39,11,0,,,,,,,,
30,39,12,1,0,0,1,0,0,1,,
21,39,12,0,,,,,,,,
0,39,12,0,,,,,,,,
11,39,13,0,,,,,,,,
56,39,13,2,0,1,1,0,0,1,,
0,39,13,0,,,,,,,,
40,39,14,1,0,1,1,1,0,1,,
55,39,14,0,,,,,,,,
0,39,14,0,,,,,,,,
53,39,15,0,,,,,,,,
16,39,15,2,0,0,1,1,0,1,,
0,39,15,0,,,,,,,,
59,39,16,1,0,1,1,1,0,1,,
38,39,16,0,,,,,,,,
0,39,16,0,,,,,,,,
39,39,17,0,,,,,,,,
12,39,17,2,0,1,0,1,1,1,,
0,39,17,0,,,,,,,,
11,39,18,1,0,0,0,0,0,1,,
68,39,18,0,,,,,,,,
0,39,18,0,,,,,,,,
46,39,19,0,,,,,,,,
20,39,19,2,0,1,0,0,0,1,,
0,39,19,0,,,,,,,,
62,39,20,1,0,0,0,0,0,1,,
24,39,20,0,,,,,,,,
0,39,20,0,,,,,,,,
63,39,21,0,,,,,,,,
53,39,21,2,0,1,0,0,,1,,
0,39,21,0,,,,,,,,
57,39,22,1,0,1,0,1,1,1,,
30,39,22,0,,,,,,,,
0,39,22,0,,,,,,,,
25,39,23,0,,,,,,,,
5,39,23,2,0,1,0,1,1,1,,
0,39,23,0,,,,,,,,
60,39,24,1,0,1,0,1,,1,1,
57,39,24,0,,,,,,,,
0,39,24,0,,,,,,,,
37,39,25,0,,,,,,,,
6,39,25,2,0,0,1,0,0,1,,
0,39,25,0,,,,,,,,
55,39,26,1,0,0,0,0,1,1,,
47,39,26,0,,,,,,,,
0,39,26,0,,,,,,,,
60,39,27,0,,,,,,,,
23,39,27,2,0,1,0,1,1,1,,
0,39,27,0,,,,,,,,
37,39,28,1,0,0,1,0,0,1,,
50,39,28,0,,,,,,,,
0,39,28,0,,,,,,,,
58,39,29,0,,,,,,,,
58,39,29,2,0,0,1,1,1,1,,
0,39,29,0,,,,,,,,
41,39,30,1,0,0,1,1,1,1,,
31,39,30,0,,,,,,,,
0,39,30,0,,,,,,,,
45,39,31,0,,,,,,,,
27,39,31,2,0,1,1,0,0,1,,
0,39,31,0,,,,,,,,
31,39,32,1,0,0,1,1,0,1,,
35,39,32,0,,,,,,,,
0,39,32,0,,,,,,,,
23,40,1,1,0,0,1,1,,1,,
0,40,1,0,,,,,,,,
34,40,1,0,,,,,,,,
50,40,2,0,,,,,,,,
0,40,2,0,,,,,,,,
40,40,2,2,0,0,1,0,0,1,,
56,40,3,1,0,1,0,1,,1,,
0,40,3,0,,,,,,,,
7,40,3,0,,,,,,,,
47,40,4,0,,,,,,,,
0,40,4,0,,,,,,,,
21,40,4,2,0,1,0,0,1,1,,
30,40,5,1,0,0,0,0,0,1,,
0,40,5,0,,,,,,,,
32,40,5,0,,,,,,,,
25,40,6,0,,,,,,,,
0,40,6,0,,,,,,,,
15,40,6,2,0,1,0,0,0,1,,
7,40,7,1,0,1,1,0,1,1,,
0,40,7,0,,,,,,,,
49,40,7,0,,,,,,,,
38,40,8,0,,,,,,,,
0,40,8,0,,,,,,,,
19,40,8,2,0,0,0,0,1,1,,
25,40,9,1,0,0,0,0,0,1,,
0,40,9,0,,,,,,,,
21,40,9,0,,,,,,,,
9,40,10,0,,,,,,,,
0,40,10,0,,,,,,,,
37,40,10,2,0,1,0,0,0,1,,
17,40,11,1,0,0,0,0,1,1,,
42,40,11,0,,,,,,,,
0,40,11,0,,,,,,,,
30,40,12,0,,,,,,,,
59,40,12,2,0,1,0,0,,1,,
0,40,12,0,,,,,,,,
32,40,13,1,0,1,1,0,0,1,,
56,40,13,0,,,,,,,,
0,40,13,0,,,,,,,,
40,40,14,0,,,,,,,,
67,40,14,2,0,1,0,1,1,,,
0,40,14,0,,,,,,,,
63,40,15,1,0,1,1,1,1,1,,
16,40,15,0,,,,,,,,
0,40,15,0,,,,,,,,
59,40,16,0,,,,,,,,
66,40,16,2,0,1,1,1,1,,,
0,40,16,0,,,,,,,,
10,40,17,1,0,0,1,0,0,1,,
12,40,17,0,,,,,,,,
0,40,17,0,,,,,,,,
11,40,18,0,,,,,,,,
44,40,18,2,0,0,0,0,0,1,,
0,40,18,0,,,,,,,,
36,40,19,1,0,0,0,,1,1,,
20,40,19,0,,,,,,,,
0,40,19,0,,,,,,,,
62,40,20,0,,,,,,,,
28,40,20,2,0,0,0,1,1,1,,
0,40,20,0,,,,,,,,
49,40,21,1,0,0,0,0,1,1,,
53,40,21,0,,,,,,,,
0,40,21,0,,,,,,,,
57,40,22,0,,,,,,,,
5,40,22,2,0,0,1,0,1,1,,
0,40,22,0,,,,,,,,
35,40,23,1,0,0,0,0,0,1,,
5,40,23,0,,,,,,,,
0,40,23,0,,,,,,,,
60,40,24,0,,,,,,,,
51,40,24,2,0,0,1,0,,1,,
0,40,24,0,,,,,,,,
52,40,25,1,0,0,0,1,1,1,,
6,40,25,0,,,,,,,,
0,40,25,0,,,,,,,,
55,40,26,0,,,,,,,,
18,40,26,2,0,1,1,1,0,1,,
0,40,26,0,,,,,,,,
58,40,27,1,0,0,0,0,0,1,,
23,40,27,0,,,,,,,,
0,40,27,0,,,,,,,,
37,40,28,0,,,,,,,,
45,40,28,2,0,1,1,0,0,1,,
0,40,28,0,,,,,,,,
42,40,29,1,0,0,0,0,1,1,,
58,40,29,0,,,,,,,,
0,40,29,0,,,,,,,,
41,40,30,0,,,,,,,,
39,40,30,2,0,0,0,0,0,1,,
0,40,30,0,,,,,,,,
12,40,31,1,0,0,0,0,0,1,,
27,40,31,0,,,,,,,,
0,40,31,0,,,,,,,,
31,40,32,0,,,,,,,,
27,40,32,2,0,1,0,1,1,1,,
0,40,32,0,,,,,,,,
23,41,1,0,,,,,,,,
0,41,1,0,,,,,,,,
39,41,1,2,0,0,1,0,,1,,
60,41,2,1,0,0,0,0,0,1,,
0,41,2,0,,,,,,,,
40,41,2,0,,,,,,,,
56,41,3,0,,,,,,,,
0,41,3,0,,,,,,,,
20,41,3,2,0,0,1,0,,,,
5,41,4,1,0,1,1,1,0,1,,
0,41,4,0,,,,,,,,
21,41,4,0,,,,,,,,
30,41,5,0,,,,,,,,
0,41,5,0,,,,,,,,
16,41,5,2,0,0,1,0,0,1,,
32,41,6,1,0,0,1,0,0,1,,
0,41,6,0,,,,,,,,
15,41,6,0,,,,,,,,
7,41,7,0,,,,,,,,
0,41,7,0,,,,,,,,
49,41,7,2,0,1,0,0,0,1,,
23,41,8,1,0,0,0,0,0,1,,
0,41,8,0,,,,,,,,
19,41,8,0,,,,,,,,
25,41,9,0,,,,,,,,
0,41,9,0,,,,,,,,
63,41,9,2,0,0,0,0,,1,,
26,41,10,1,0,1,1,0,0,1,,
0,41,10,0,,,,,,,,
37,41,10,0,,,,,,,,
17,41,11,0,,,,,,,,
47,41,11,2,0,0,1,0,,1,,
0,41,11,0,,,,,,,,
22,41,12,1,0,0,1,1,0,1,,
59,41,12,0,,,,,,,,
0,41,12,0,,,,,,,,
32,41,13,0,,,,,,,,
37,41,13,2,0,0,1,0,,1,,
0,41,13,0,,,,,,,,
33,41,14,1,0,1,1,1,0,1,,
67,41,14,0,,,,,,,,
0,41,14,0,,,,,,,,
63,41,15,0,,,,,,,,
55,41,15,2,0,0,1,1,1,1,,
0,41,15,0,,,,,,,,
18,41,16,1,0,1,1,0,0,0,,
66,41,16,0,,,,,,,,
0,41,16,0,,,,,,,,
10,41,17,0,,,,,,,,
31,41,17,2,0,1,1,1,0,1,,
0,41,17,0,,,,,,,,
36,41,18,1,0,1,1,1,0,1,,
44,41,18,0,,,,,,,,
0,41,18,0,,,,,,,,
36,41,19,0,,,,,,,,
53,41,19,2,0,0,1,0,1,1,,
0,41,19,0,,,,,,,,
38,41,20,1,0,0,1,0,0,0,,
28,41,20,0,,,,,,,,
0,41,20,0,,,,,,,,
49,41,21,0,,,,,,,,
25,41,21,2,0,1,1,1,0,1,,
0,41,21,0,,,,,,,,
35,41,22,1,0,1,1,1,1,0,,
5,41,22,0,,,,,,,,
0,41,22,0,,,,,,,,
35,41,23,0,,,,,,,,
7,41,23,2,0,1,0,0,0,1,,
0,41,23,0,,,,,,,,
27,41,24,1,0,1,0,0,,1,,
51,41,24,0,,,,,,,,
0,41,24,0,,,,,,,,
52,41,25,0,,,,,,,,
19,41,25,2,0,1,1,,1,1,,
0,41,25,0,,,,,,,,
10,41,26,1,0,0,1,0,0,1,,
18,41,26,0,,,,,,,,
0,41,26,0,,,,,,,,
58,41,27,0,,,,,,,,
56,41,27,2,0,1,0,1,1,1,,
0,41,27,0,,,,,,,,
15,41,28,1,0,0,1,0,0,1,,
45,41,28,0,,,,,,,,
0,41,28,0,,,,,,,,
42,41,29,0,,,,,,,,
40,41,29,2,0,0,0,0,0,,1,
0,41,29,0,,,,,,,,
42,41,30,1,0,1,1,1,0,1,,
39,41,30,0,,,,,,,,
0,41,30,0,,,,,,,,
12,41,31,0,,,,,,,,
59,41,31,2,0,0,1,0,1,1,,
0,41,31,0,,,,,,,,
13,41,32,1,0,0,1,1,0,0,,
27,41,32,0,,,,,,,,
0,41,32,0,,,,,,,,
23,42,1,1,0,1,1,,1,1,,
0,42,1,0,,,,,,,,
39,42,1,0,,,,,,,,
60,42,2,0,,,,,,,,
0,42,2,0,,,,,,,,
11,42,2,2,0,0,0,0,0,1,,
39,42,3,1,0,0,0,0,0,1,,
0,42,3,0,,,,,,,,
20,42,3,0,,,,,,,,
5,42,4,0,,,,,,,,
0,42,4,0,,,,,,,,
13,42,4,2,0,1,0,0,0,1,,
5,42,5,1,0,0,0,0,0,0,,
0,42,5,0,,,,,,,,
16,42,5,0,,,,,,,,
32,42,6,0,,,,,,,,
0,42,6,0,,,,,,,,
9,42,6,2,0,0,1,0,0,1,,
41,42,7,1,0,0,0,0,0,1,,
0,42,7,0,,,,,,,,
49,42,7,0,,,,,,,,
23,42,8,0,,,,,,,,
0,42,8,0,,,,,,,,
17,42,8,2,0,0,0,0,0,1,,
43,42,9,1,0,1,1,0,,1,,
0,42,9,0,,,,,,,,
63,42,9,0,,,,,,,,
26,42,10,0,,,,,,,,
0,42,10,0,,,,,,,,
47,42,10,2,0,0,0,1,1,1,,
52,42,11,1,0,0,1,1,0,1,,
47,42,11,0,,,,,,,,
0,42,11,0,,,,,,,,
22,42,12,0,,,,,,,,
56,42,12,2,0,1,1,1,1,1,,
0,42,12,0,,,,,,,,
64,42,13,1,0,0,1,0,0,1,,
37,42,13,0,,,,,,,,
0,42,13,0,,,,,,,,
33,42,14,0,,,,,,,,
16,42,14,2,0,0,1,0,1,1,,
0,42,14,0,,,,,,,,
31,42,15,1,0,,1,0,0,1,,
55,42,15,0,,,,,,,,
0,42,15,0,,,,,,,,
18,42,16,0,,,,,,,,
7,42,16,2,0,0,0,0,0,1,,
0,42,16,0,,,,,,,,
32,42,17,1,0,,1,1,0,1,,
31,42,17,0,,,,,,,,
0,42,17,0,,,,,,,,
36,42,18,0,,,,,,,,
62,42,18,2,0,0,0,0,0,0,,
0,42,18,0,,,,,,,,
61,42,19,1,0,1,0,0,0,1,,
53,42,19,0,,,,,,,,
0,42,19,0,,,,,,,,
38,42,20,0,,,,,,,,
40,42,20,2,0,0,0,0,1,1,,
0,42,20,0,,,,,,,,
19,42,21,1,0,0,0,0,0,0,,
25,42,21,0,,,,,,,,
0,42,21,0,,,,,,,,
35,42,22,0,,,,,,,,
26,42,22,2,0,0,0,0,0,1,,
0,42,22,0,,,,,,,,
44,42,23,1,0,0,0,0,0,1,,
7,42,23,0,,,,,,,,
0,42,23,0,,,,,,,,
27,42,24,0,,,,,,,,
20,42,24,2,0,0,,1,,1,,
0,42,24,0,,,,,,,,
35,42,25,1,0,0,0,0,0,1,,
19,42,25,0,,,,,,,,
0,42,25,0,,,,,,,,
10,42,26,0,,,,,,,,
8,42,26,2,0,0,0,0,0,1,,
0,42,26,0,,,,,,,,
28,42,27,1,0,1,0,1,0,1,,
56,42,27,0,,,,,,,,
0,42,27,0,,,,,,,,
15,42,28,0,,,,,,,,
15,42,28,2,0,1,0,0,1,1,,
0,42,28,0,,,,,,,,
24,42,29,1,0,1,1,0,1,1,,
40,42,29,0,,,,,,,,
0,42,29,0,,,,,,,,
42,42,30,0,,,,,,,,
29,42,30,2,0,0,0,0,0,0,,
0,42,30,0,,,,,,,,
59,42,31,1,0,0,1,0,0,1,,
59,42,31,0,,,,,,,,
0,42,31,0,,,,,,,,
13,42,32,0,,,,,,,,
63,42,32,2,0,1,0,0,0,1,,
0,42,32,0,,,,,,,,
23,43,1,0,,,,,,,,
0,43,1,0,,,,,,,,
30,43,1,2,0,1,1,0,0,0,,
13,43,2,1,0,0,0,0,0,0,,
0,43,2,0,,,,,,,,
11,43,2,0,,,,,,,,
39,43,3,0,,,,,,,,
0,43,3,0,,,,,,,,
41,43,3,2,0,0,0,0,0,0,,
28,43,4,1,0,0,0,1,0,0,,
0,43,4,0,,,,,,,,
13,43,4,0,,,,,,,,
5,43,5,0,,,,,,,,
0,43,5,0,,,,,,,,
20,43,5,2,0,0,0,1,0,0,,
44,43,6,1,0,1,0,0,0,1,,
0,43,6,0,,,,,,,,
9,43,6,0,,,,,,,,
41,43,7,0,,,,,,,,
0,43,7,0,,,,,,,,
39,43,7,2,0,1,,1,0,1,,
64,43,8,1,0,0,1,0,0,1,,
0,43,8,0,,,,,,,,
17,43,8,0,,,,,,,,
43,43,9,0,,,,,,,,
0,43,9,0,,,,,,,,
48,43,9,2,0,0,1,0,,1,,
50,43,10,1,0,0,0,0,0,0,,
0,43,10,0,,,,,,,,
47,43,10,0,,,,,,,,
52,43,11,0,,,,,,,,
34,43,11,2,0,0,,1,,1,,
0,43,11,0,,,,,,,,
55,43,12,1,0,0,0,0,,1,,
56,43,12,0,,,,,,,,
0,43,12,0,,,,,,,,
64,43,13,0,,,,,,,,
66,43,13,2,0,,1,0,0,0,,
0,43,13,0,,,,,,,,
53,43,14,1,0,0,0,0,0,0,,
16,43,14,0,,,,,,,,
0,43,14,0,,,,,,,,
31,43,15,0,,,,,,,,
56,43,15,2,0,0,0,0,0,1,,
0,43,15,0,,,,,,,,
17,43,16,1,0,1,0,0,0,0,,
7,43,16,0,,,,,,,,
0,43,16,0,,,,,,,,
32,43,17,0,,,,,,,,
6,43,17,2,0,0,1,0,0,0,,
0,43,17,0,,,,,,,,
33,43,18,1,0,0,0,0,1,1,,
62,43,18,0,,,,,,,,
0,43,18,0,,,,,,,,
61,43,19,0,,,,,,,,
52,43,19,2,0,0,0,0,0,1,,
0,43,19,0,,,,,,,,
46,43,20,1,0,0,0,0,0,0,,
40,43,20,0,,,,,,,,
0,43,20,0,,,,,,,,
19,43,21,0,,,,,,,,
62,43,21,2,0,0,0,0,0,0,,
0,43,21,0,,,,,,,,
59,43,22,1,0,0,0,0,0,0,,
26,43,22,0,,,,,,,,
0,43,22,0,,,,,,,,
44,43,23,0,,,,,,,,
54,43,23,2,0,0,0,0,0,0,,
0,43,23,0,,,,,,,,
32,43,24,1,0,0,0,0,,1,,
20,43,24,0,,,,,,,,
0,43,24,0,,,,,,,,
35,43,25,0,,,,,,,,
67,43,25,2,0,0,0,0,1,0,,
0,43,25,0,,,,,,,,
43,43,26,1,0,0,0,0,0,0,,
8,43,26,0,,,,,,,,
0,43,26,0,,,,,,,,
28,43,27,0,,,,,,,,
23,43,27,2,0,0,0,0,0,1,,
0,43,27,0,,,,,,,,
15,43,28,1,0,1,1,0,1,0,,
15,43,28,0,,,,,,,,
0,43,28,0,,,,,,,,
24,43,29,0,,,,,,,,
37,43,29,2,0,0,1,0,0,1,,
0,43,29,0,,,,,,,,
27,43,30,1,0,1,1,1,0,0,,
29,43,30,0,,,,,,,,
0,43,30,0,,,,,,,,
59,43,31,0,,,,,,,,
26,43,31,2,0,0,0,1,0,0,,
0,43,31,0,,,,,,,,
5,43,32,1,0,0,,1,0,0,,
63,43,32,0,,,,,,,,
0,43,32,0,,,,,,,,
36,44,1,1,0,0,,1,0,1,,
0,44,1,0,,,,,,,,
30,44,1,0,,,,,,,,
13,44,2,0,,,,,,,,
0,44,2,0,,,,,,,,
7,44,2,2,0,1,1,1,1,1,,
29,44,3,1,0,,1,1,1,1,,
0,44,3,0,,,,,,,,
41,44,3,0,,,,,,,,
28,44,4,0,,,,,,,,
0,44,4,0,,,,,,,,
14,44,4,2,0,0,1,1,0,1,,
61,44,5,1,0,1,0,0,0,1,,
0,44,5,0,,,,,,,,
20,44,5,0,,,,,,,,
44,44,6,0,,,,,,,,
0,44,6,0,,,,,,,,
9,44,6,2,0,1,1,1,0,1,,
48,44,7,1,0,0,1,1,0,1,,
0,44,7,0,,,,,,,,
39,44,7,0,,,,,,,,
64,44,8,0,,,,,,,,
0,44,8,0,,,,,,,,
58,44,8,2,0,0,0,0,0,1,,
44,44,9,1,0,1,,1,1,1,,
0,44,9,0,,,,,,,,
48,44,9,0,,,,,,,,
50,44,10,0,,,,,,,,
0,44,10,0,,,,,,,,
40,44,10,2,0,1,1,1,1,1,,
39,44,11,1,0,0,1,0,,1,,
34,44,11,0,,,,,,,,
0,44,11,0,,,,,,,,
55,44,12,0,,,,,,,,
67,44,12,2,0,1,1,0,1,1,,
0,44,12,0,,,,,,,,
35,44,13,1,0,,1,0,1,1,,
66,44,13,0,,,,,,,,
0,44,13,0,,,,,,,,
53,44,14,0,,,,,,,,
64,44,14,2,0,1,0,1,0,1,,
0,44,14,0,,,,,,,,
57,44,15,1,0,0,1,1,1,0,,
56,44,15,0,,,,,,,,
0,44,15,0,,,,,,,,
17,44,16,0,,,,,,,,
16,44,16,2,0,1,1,0,1,1,,
0,44,16,0,,,,,,,,
38,44,17,1,0,0,1,0,0,1,,
6,44,17,0,,,,,,,,
0,44,17,0,,,,,,,,
33,44,18,0,,,,,,,,
19,44,18,2,0,1,1,1,0,1,,
0,44,18,0,,,,,,,,
27,44,19,1,0,1,1,1,0,1,,
52,44,19,0,,,,,,,,
0,44,19,0,,,,,,,,
46,44,20,0,,,,,,,,
47,44,20,2,0,1,1,1,0,1,,
0,44,20,0,,,,,,,,
43,44,21,1,0,1,0,0,1,1,,
62,44,21,0,,,,,,,,
0,44,21,0,,,,,,,,
59,44,22,0,,,,,,,,
22,44,22,2,0,0,,1,1,1,,
0,44,22,0,,,,,,,,
68,44,23,1,0,1,1,0,0,1,,
54,44,23,0,,,,,,,,
0,44,23,0,,,,,,,,
32,44,24,0,,,,,,,,
6,44,24,2,0,1,1,1,1,0,,
0,44,24,0,,,,,,,,
60,44,25,1,0,,0,1,0,1,,
67,44,25,0,,,,,,,,
0,44,25,0,,,,,,,,
43,44,26,0,,,,,,,,
33,44,26,2,0,,1,1,0,0,,
0,44,26,0,,,,,,,,
66,44,27,1,0,0,1,1,1,1,,
23,44,27,0,,,,,,,,
0,44,27,0,,,,,,,,
15,44,28,0,,,,,,,,
42,44,28,2,0,1,1,0,1,1,,
0,44,28,0,,,,,,,,
13,44,29,1,0,1,1,1,,1,,
37,44,29,0,,,,,,,,
0,44,29,0,,,,,,,,
27,44,30,0,,,,,,,,
11,44,30,2,0,1,0,1,1,1,,
0,44,30,0,,,,,,,,
34,44,31,1,0,1,1,1,1,1,,
26,44,31,0,,,,,,,,
0,44,31,0,,,,,,,,
5,44,32,0,,,,,,,,
24,44,32,2,0,1,1,1,0,1,,
0,44,32,0,,,,,,,,
36,45,1,0,,,,,,,,
0,45,1,0,,,,,,,,
60,45,1,2,0,1,1,1,1,0,,
42,45,2,1,0,1,0,0,1,1,1,
0,45,2,0,,,,,,,,
7,45,2,0,,,,,,,,
29,45,3,0,,,,,,,,
0,45,3,0,,,,,,,,
23,45,3,2,0,,1,0,1,1,,
38,45,4,1,0,1,1,0,0,0,,
0,45,4,0,,,,,,,,
14,45,4,0,,,,,,,,
61,45,5,0,,,,,,,,
0,45,5,0,,,,,,,,
54,45,5,2,0,0,0,0,0,0,,
43,45,6,1,0,,1,1,0,0,,
0,45,6,0,,,,,,,,
9,45,6,0,,,,,,,,
48,45,7,0,,,,,,,,
0,45,7,0,,,,,,,,
24,45,7,2,0,1,0,1,1,0,,
18,45,8,1,0,1,0,0,1,1,,
0,45,8,0,,,,,,,,
58,45,8,0,,,,,,,,
44,45,9,0,,,,,,,,
0,45,9,0,,,,,,,,
53,45,9,2,0,0,1,1,1,0,,
13,45,10,1,0,0,0,0,0,1,,
0,45,10,0,,,,,,,,
40,45,10,0,,,,,,,,
39,45,11,0,,,,,,,,
57,45,11,2,0,1,0,0,1,,,
0,45,11,0,,,,,,,,
65,45,12,1,0,0,1,1,1,1,,
67,45,12,0,,,,,,,,
0,45,12,0,,,,,,,,
35,45,13,0,,,,,,,,
9,45,13,2,0,1,0,0,0,1,,
0,45,13,0,,,,,,,,
61,45,14,1,0,0,0,0,1,0,,
64,45,14,0,,,,,,,,
0,45,14,0,,,,,,,,
57,45,15,0,,,,,,,,
39,45,15,2,0,1,0,1,1,1,,
0,45,15,0,,,,,,,,
20,45,16,1,0,1,0,0,0,0,,
16,45,16,0,,,,,,,,
0,45,16,0,,,,,,,,
38,45,17,0,,,,,,,,
12,45,17,2,0,1,1,0,0,0,,
0,45,17,0,,,,,,,,
55,45,18,1,0,1,1,0,1,1,,
19,45,18,0,,,,,,,,
0,45,18,0,,,,,,,,
27,45,19,0,,,,,,,,
36,45,19,2,0,1,0,0,1,1,,
0,45,19,0,,,,,,,,
62,45,20,1,0,1,1,1,0,,,
47,45,20,0,,,,,,,,
0,45,20,0,,,,,,,,
43,45,21,0,,,,,,,,
32,45,21,2,0,0,0,,1,0,,
0,45,21,0,,,,,,,,
16,45,22,1,0,0,1,1,1,1,,
22,45,22,0,,,,,,,,
0,45,22,0,,,,,,,,
68,45,23,0,,,,,,,,
45,45,23,2,0,1,0,0,1,0,,
0,45,23,0,,,,,,,,
28,45,24,1,0,0,0,0,,1,,
6,45,24,0,,,,,,,,
0,45,24,0,,,,,,,,
60,45,25,0,,,,,,,,
22,45,25,2,0,0,0,0,1,1,,
0,45,25,0,,,,,,,,
17,45,26,1,,1,0,0,1,0,,
33,45,26,0,,,,,,,,
0,45,26,0,,,,,,,,
66,45,27,0,,,,,,,,
15,45,27,2,0,0,1,1,1,1,,
0,45,27,0,,,,,,,,
7,45,28,1,0,1,1,1,1,1,,
42,45,28,0,,,,,,,,
0,45,28,0,,,,,,,,
13,45,29,0,,,,,,,,
59,45,29,2,0,0,1,1,1,0,,
0,45,29,0,,,,,,,,
37,45,30,1,0,1,0,0,0,0,,
11,45,30,0,,,,,,,,
0,45,30,0,,,,,,,,
34,45,31,0,,,,,,,,
48,45,31,2,0,0,1,1,0,0,,
0,45,31,0,,,,,,,,
46,45,32,1,0,1,0,0,1,0,,
24,45,32,0,,,,,,,,
0,45,32,0,,,,,,,,
41,46,1,1,0,1,0,0,1,1,,
0,46,1,0,,,,,,,,
60,46,1,0,,,,,,,,
42,46,2,0,,,,,,,,
0,46,2,0,,,,,,,,
5,46,2,2,0,1,1,1,0,1,,
8,46,3,1,0,1,0,0,1,1,,
0,46,3,0,,,,,,,,
23,46,3,0,,,,,,,,
38,46,4,0,,,,,,,,
0,46,4,0,,,,,,,,
62,46,4,2,0,1,1,,1,1,,
30,46,5,1,0,,1,0,,1,,
0,46,5,0,,,,,,,,
54,46,5,0,,,,,,,,
43,46,6,0,,,,,,,,
0,46,6,0,,,,,,,,
17,46,6,2,0,1,1,1,0,0,,
38,46,7,1,0,1,,1,1,1,,
0,46,7,0,,,,,,,,
24,46,7,0,,,,,,,,
18,46,8,0,,,,,,,,
0,46,8,0,,,,,,,,
55,46,8,2,0,0,0,0,0,0,,
21,46,9,1,0,1,1,0,0,0,,
0,46,9,0,,,,,,,,
53,46,9,0,,,,,,,,
13,46,10,0,,,,,,,,
0,46,10,0,,,,,,,,
24,46,10,2,0,1,1,0,0,1,,
35,46,11,1,0,,1,,1,0,,
57,46,11,0,,,,,,,,
0,46,11,0,,,,,,,,
65,46,12,0,,,,,,,,
7,46,12,2,0,1,1,0,0,0,,
0,46,12,0,,,,,,,,
10,46,13,1,0,1,0,0,0,0,,
9,46,13,0,,,,,,,,
0,46,13,0,,,,,,,,
61,46,14,0,,,,,,,,
12,46,14,2,0,1,1,1,0,0,,
0,46,14,0,,,,,,,,
32,46,15,1,0,1,1,0,0,1,,
39,46,15,0,,,,,,,,
0,46,15,0,,,,,,,,
20,46,16,0,,,,,,,,
47,46,16,2,0,1,1,,0,1,,
0,46,16,0,,,,,,,,
16,46,17,1,0,1,1,1,0,1,,
12,46,17,0,,,,,,,,
0,46,17,0,,,,,,,,
55,46,18,0,,,,,,,,
29,46,18,2,0,,1,1,,1,,
0,46,18,0,,,,,,,,
64,46,19,1,0,1,1,0,1,0,,
36,46,19,0,,,,,,,,
0,46,19,0,,,,,,,,
62,46,20,0,,,,,,,,
13,46,20,2,0,0,1,1,1,0,,
0,46,20,0,,,,,,,,
52,46,21,1,0,0,0,1,,1,,
32,46,21,0,,,,,,,,
0,46,21,0,,,,,,,,
16,46,22,0,,,,,,,,
53,46,22,2,0,1,0,0,0,0,,
0,46,22,0,,,,,,,,
28,46,23,1,0,,0,1,0,0,,
45,46,23,0,,,,,,,,
0,46,23,0,,,,,,,,
28,46,24,0,,,,,,,,
61,46,24,2,0,1,1,0,1,0,,
0,46,24,0,,,,,,,,
23,46,25,1,0,1,1,1,0,0,,
22,46,25,0,,,,,,,,
0,46,25,0,,,,,,,,
17,46,26,0,,,,,,,,
46,46,26,2,0,,1,1,0,1,,
0,46,26,0,,,,,,,,
15,46,27,1,0,1,1,1,1,1,,
15,46,27,0,,,,,,,,
0,46,27,0,,,,,,,,
7,46,28,0,,,,,,,,
37,46,28,2,0,,1,1,0,1,,
0,46,28,0,,,,,,,,
14,46,29,1,0,0,1,1,1,1,,
59,46,29,0,,,,,,,,
0,46,29,0,,,,,,,,
37,46,30,0,,,,,,,,
59,46,30,2,0,1,0,0,0,0,,
0,46,30,0,,,,,,,,
26,46,31,1,0,1,1,,1,0,,
48,46,31,0,,,,,,,,
0,46,31,0,,,,,,,,
46,46,32,0,,,,,,,,
68,46,32,2,0,0,0,1,0,0,0,
0,46,32,0,,,,,,,,
41,47,1,0,,,,,,,,
0,47,1,0,,,,,,,,
16,47,1,2,0,1,1,0,,1,,
9,47,2,1,0,1,1,0,0,1,,
0,47,2,0,,,,,,,,
5,47,2,0,,,,,,,,
8,47,3,0,,,,,,,,
0,47,3,0,,,,,,,,
11,47,3,2,0,0,0,0,,1,,
23,47,4,1,0,0,0,1,0,1,,
0,47,4,0,,,,,,,,
62,47,4,0,,,,,,,,
30,47,5,0,,,,,,,,
0,47,5,0,,,,,,,,
35,47,5,2,0,1,1,1,0,1,,
39,47,6,1,0,0,0,0,0,1,,
0,47,6,0,,,,,,,,
17,47,6,0,,,,,,,,
38,47,7,0,,,,,,,,
0,47,7,0,,,,,,,,
64,47,7,2,0,,1,0,1,1,,
19,47,8,1,0,0,1,0,0,1,,
0,47,8,0,,,,,,,,
55,47,8,0,,,,,,,,
21,47,9,0,,,,,,,,
0,47,9,0,,,,,,,,
61,47,9,2,0,0,0,0,0,1,,
25,47,10,1,0,1,0,0,0,1,,
0,47,10,0,,,,,,,,
24,47,10,0,,,,,,,,
35,47,11,0,,,,,,,,
27,47,11,2,0,0,1,0,1,1,,
0,47,11,0,,,,,,,,
29,47,12,1,0,1,0,0,,1,,
7,47,12,0,,,,,,,,
0,47,12,0,,,,,,,,
10,47,13,0,,,,,,,,
15,47,13,2,0,1,1,1,,1,,
0,47,13,0,,,,,,,,
60,47,14,1,0,1,0,0,1,1,,
12,47,14,0,,,,,,,,
0,47,14,0,,,,,,,,
32,47,15,0,,,,,,,,
48,47,15,2,0,1,1,1,1,0,,
0,47,15,0,,,,,,,,
6,47,16,1,0,0,0,1,0,1,,
47,47,16,0,,,,,,,,
0,47,16,0,,,,,,,,
16,47,17,0,,,,,,,,
58,47,17,2,0,1,0,0,0,1,,
0,47,17,0,,,,,,,,
41,47,18,1,0,0,0,1,0,1,,
29,47,18,0,,,,,,,,
0,47,18,0,,,,,,,,
64,47,19,0,,,,,,,,
51,47,19,2,0,0,0,0,1,1,,
0,47,19,0,,,,,,,,
43,47,20,1,0,1,1,0,,1,,
13,47,20,0,,,,,,,,
0,47,20,0,,,,,,,,
52,47,21,0,,,,,,,,
22,47,21,2,0,,1,0,0,1,,
0,47,21,0,,,,,,,,
42,47,22,1,0,1,1,1,1,1,,
53,47,22,0,,,,,,,,
0,47,22,0,,,,,,,,
28,47,23,0,,,,,,,,
53,47,23,2,0,1,1,0,0,1,,
0,47,23,0,,,,,,,,
54,47,24,1,0,0,0,0,,1,,
61,47,24,0,,,,,,,,
0,47,24,0,,,,,,,,
23,47,25,0,,,,,,,,
5,47,25,2,0,0,0,0,,1,,
0,47,25,0,,,,,,,,
44,47,26,1,0,0,0,0,0,0,,
46,47,26,0,,,,,,,,
0,47,26,0,,,,,,,,
15,47,27,0,,,,,,,,
62,47,27,2,0,0,1,1,0,1,,
0,47,27,0,,,,,,,,
32,47,28,1,0,0,1,0,1,1,,
37,47,28,0,,,,,,,,
0,47,28,0,,,,,,,,
14,47,29,0,,,,,,,,
49,47,29,2,0,1,1,1,1,1,,
0,47,29,0,,,,,,,,
50,47,30,1,0,1,0,0,1,1,,
59,47,30,0,,,,,,,,
0,47,30,0,,,,,,,,
26,47,31,0,,,,,,,,
18,47,31,2,0,1,1,1,0,1,,
0,47,31,0,,,,,,,,
59,47,32,1,0,0,0,0,0,0,,
68,47,32,0,,,,,,,,
0,47,32,0,,,,,,,,
59,48,1,1,0,0,1,0,,1,,
0,48,1,0,,,,,,,,
16,48,1,0,,,,,,,,
9,48,2,0,,,,,,,,
0,48,2,0,,,,,,,,
54,48,2,2,0,0,0,0,1,1,,
47,48,3,1,0,0,0,0,,1,,
0,48,3,0,,,,,,,,
11,48,3,0,,,,,,,,
23,48,4,0,,,,,,,,
0,48,4,0,,,,,,,,
35,48,4,2,0,0,0,0,0,1,,
41,48,5,1,0,0,0,0,0,0,,
0,48,5,0,,,,,,,,
35,48,5,0,,,,,,,,
39,48,6,0,,,,,,,,
0,48,6,0,,,,,,,,
45,48,6,2,0,0,0,0,0,,0,
48,48,7,1,0,0,1,0,0,1,,
0,48,7,0,,,,,,,,
64,48,7,0,,,,,,,,
19,48,8,0,,,,,,,,
0,48,8,0,,,,,,,,
13,48,8,2,0,1,1,0,0,1,,
28,48,9,1,0,0,0,0,0,1,,
0,48,9,0,,,,,,,,
61,48,9,0,,,,,,,,
25,48,10,0,,,,,,,,
0,48,10,0,,,,,,,,
63,48,10,2,0,0,0,0,0,1,,
6,48,11,1,0,0,1,1,0,1,,
27,48,11,0,,,,,,,,
0,48,11,0,,,,,,,,
29,48,12,0,,,,,,,,
9,48,12,2,0,1,0,0,0,1,1,
0,48,12,0,,,,,,,,
65,48,13,1,0,0,0,1,,1,,
15,48,13,0,,,,,,,,
0,48,13,0,,,,,,,,
60,48,14,0,,,,,,,,
52,48,14,2,0,0,0,0,0,1,,
0,48,14,0,,,,,,,,
15,48,15,1,0,0,0,0,1,1,,
48,48,15,0,,,,,,,,
0,48,15,0,,,,,,,,
6,48,16,0,,,,,,,,
20,48,16,2,0,1,0,0,1,0,,
0,48,16,0,,,,,,,,
53,48,17,1,0,0,0,1,0,1,,
58,48,17,0,,,,,,,,
0,48,17,0,,,,,,,,
41,48,18,0,,,,,,,,
43,48,18,2,0,1,0,0,0,1,,
0,48,18,0,,,,,,,,
5,48,19,1,0,0,0,0,0,0,,
51,48,19,0,,,,,,,,
0,48,19,0,,,,,,,,
43,48,20,0,,,,,,,,
16,48,20,2,0,1,0,0,0,0,,
0,48,20,0,,,,,,,,
39,48,21,1,0,0,0,0,0,0,,
22,48,21,0,,,,,,,,
0,48,21,0,,,,,,,,
42,48,22,0,,,,,,,,
57,48,22,2,0,0,1,0,0,1,,
0,48,22,0,,,,,,,,
44,48,23,1,0,0,1,0,0,1,,
53,48,23,0,,,,,,,,
0,48,23,0,,,,,,,,
54,48,24,0,,,,,,,,
55,48,24,2,0,0,0,0,,1,,
0,48,24,0,,,,,,,,
27,48,25,1,0,0,0,0,,1,,
5,48,25,0,,,,,,,,
0,48,25,0,,,,,,,,
44,48,26,0,,,,,,,,
38,48,26,2,0,0,0,0,0,1,,
0,48,26,0,,,,,,,,
7,48,27,1,,1,0,0,0,1,,
62,48,27,0,,,,,,,,
0,48,27,0,,,,,,,,
32,48,28,0,,,,,,,,
26,48,28,2,0,1,1,0,0,1,,
0,48,28,0,,,,,,,,
37,48,29,1,0,1,0,0,0,1,,
49,48,29,0,,,,,,,,
0,48,29,0,,,,,,,,
50,48,30,0,,,,,,,,
8,48,30,2,0,1,0,0,0,1,,
0,48,30,0,,,,,,,,
12,48,31,1,0,0,1,0,0,1,,
18,48,31,0,,,,,,,,
0,48,31,0,,,,,,,,
59,48,32,0,,,,,,,,
50,48,32,2,0,0,0,0,0,1,,
0,48,32,0,,,,,,,,
59,49,1,0,,,,,,,,
0,49,1,0,,,,,,,,
45,49,1,2,0,1,1,,1,1,,
22,49,2,1,0,0,0,1,1,1,1,
0,49,2,0,,,,,,,,
54,49,2,0,,,,,,,,
47,49,3,0,,,,,,,,
0,49,3,0,,,,,,,,
48,49,3,2,0,1,0,0,1,1,,
65,49,4,1,0,1,1,0,,1,,
0,49,4,0,,,,,,,,
35,49,4,0,,,,,,,,
41,49,5,0,,,,,,,,
0,49,5,0,,,,,,,,
40,49,5,2,0,1,0,0,0,1,,
14,49,6,1,0,0,1,0,0,0,,
0,49,6,0,,,,,,,,
45,49,6,0,,,,,,,,
48,49,7,0,,,,,,,,
0,49,7,0,,,,,,,,
20,49,7,2,0,0,0,,0,1,,
26,49,8,1,0,1,0,,0,1,,
0,49,8,0,,,,,,,,
13,49,8,0,,,,,,,,
28,49,9,0,,,,,,,,
0,49,9,0,,,,,,,,
11,49,9,2,0,0,1,0,1,1,,
50,49,10,1,0,,1,1,,0,1,
0,49,10,0,,,,,,,,
63,49,10,0,,,,,,,,
6,49,11,0,,,,,,,,
62,49,11,2,0,0,0,0,,1,,
0,49,11,0,,,,,,,,
42,49,12,1,0,1,1,1,,0,1,
9,49,12,0,,,,,,,,
0,49,12,0,,,,,,,,
65,49,13,0,,,,,,,,
18,49,13,2,0,1,1,0,1,0,1,
0,49,13,0,,,,,,,,
55,49,14,1,0,,,1,1,0,1,
52,49,14,0,,,,,,,,
0,49,14,0,,,,,,,,
15,49,15,0,,,,,,,,
5,49,15,2,0,0,0,0,0,0,,
0,49,15,0,,,,,,,,
7,49,16,1,0,1,1,0,0,0,,
20,49,16,0,,,,,,,,
0,49,16,0,,,,,,,,
53,49,17,0,,,,,,,,
28,49,17,2,0,0,1,,0,1,,
0,49,17,0,,,,,,,,
54,49,18,1,0,,1,0,1,1,,
43,49,18,0,,,,,,,,
0,49,18,0,,,,,,,,
5,49,19,0,,,,,,,,
56,49,19,2,0,,0,0,,0,,
0,49,19,0,,,,,,,,
32,49,20,1,0,1,1,1,1,1,,
16,49,20,0,,,,,,,,
0,49,20,0,,,,,,,,
39,49,21,0,,,,,,,,
57,49,21,2,0,1,0,0,1,1,,
0,49,21,0,,,,,,,,
13,49,22,1,0,1,0,0,0,1,,
57,49,22,0,,,,,,,,
0,49,22,0,,,,,,,,
44,49,23,0,,,,,,,,
58,49,23,2,0,1,1,0,0,1,,
0,49,23,0,,,,,,,,
67,49,24,1,0,0,0,0,0,1,,
55,49,24,0,,,,,,,,
0,49,24,0,,,,,,,,
27,49,25,0,,,,,,,,
34,49,25,2,0,0,1,0,,1,,
0,49,25,0,,,,,,,,
59,49,26,1,0,1,0,1,1,1,,
38,49,26,0,,,,,,,,
0,49,26,0,,,,,,,,
7,49,27,0,,,,,,,,
6,49,27,2,0,0,,1,0,1,,
0,49,27,0,,,,,,,,
53,49,28,1,0,1,1,,1,1,,
26,49,28,0,,,,,,,,
0,49,28,0,,,,,,,,
37,49,29,0,,,,,,,,
37,49,29,2,0,1,0,,1,1,,
0,49,29,0,,,,,,,,
33,49,30,1,0,1,1,0,0,0,,
8,49,30,0,,,,,,,,
0,49,30,0,,,,,,,,
12,49,31,0,,,,,,,,
63,49,31,2,0,1,1,0,1,1,,
0,49,31,0,,,,,,,,
30,49,32,1,0,1,0,,1,0,1,
50,49,32,0,,,,,,,,
0,49,32,0,,,,,,,,
24,50,1,1,0,0,0,0,,1,,
0,50,1,0,,,,,,,,
45,50,1,0,,,,,,,,
22,50,2,0,,,,,,,,
0,50,2,0,,,,,,,,
22,50,2,2,0,0,0,0,0,0,,
66,50,3,1,0,0,0,0,,1,,
0,50,3,0,,,,,,,,
48,50,3,0,,,,,,,,
65,50,4,0,,,,,,,,
0,50,4,0,,,,,,,,
41,50,4,2,0,0,0,0,0,1,,
59,50,5,1,0,0,0,0,0,0,,
0,50,5,0,,,,,,,,
40,50,5,0,,,,,,,,
14,50,6,0,,,,,,,,
0,50,6,0,,,,,,,,
51,50,6,2,0,0,0,0,0,1,,
63,50,7,1,0,0,0,0,0,1,,
0,50,7,0,,,,,,,,
20,50,7,0,,,,,,,,
26,50,8,0,,,,,,,,
0,50,8,0,,,,,,,,
34,50,8,2,0,0,0,0,0,1,,
49,50,9,1,0,0,0,0,0,1,,
0,50,9,0,,,,,,,,
11,50,9,0,,,,,,,,
50,50,10,0,,,,,,,,
0,50,10,0,,,,,,,,
19,50,10,2,0,0,0,0,0,0,,
69,50,11,1,0,0,1,1,0,1,,
62,50,11,0,,,,,,,,
0,50,11,0,,,,,,,,
42,50,12,0,,,,,,,,
30,50,12,2,0,0,1,0,,1,,
0,50,12,0,,,,,,,,
43,50,13,1,0,0,0,1,0,0,,
18,50,13,0,,,,,,,,
0,50,13,0,,,,,,,,
55,50,14,0,,,,,,,,
62,50,14,2,0,0,0,0,1,0,,
0,50,14,0,,,,,,,,
54,50,15,1,0,0,0,0,1,1,,
5,50,15,0,,,,,,,,
0,50,15,0,,,,,,,,
7,50,16,0,,,,,,,,
40,50,16,2,0,0,0,0,0,0,,
0,50,16,0,,,,,,,,
37,50,17,1,0,0,0,0,0,0,,
28,50,17,0,,,,,,,,
0,50,17,0,,,,,,,,
54,50,18,0,,,,,,,,
53,50,18,2,0,0,0,0,0,0,,
0,50,18,0,,,,,,,,
6,50,19,1,0,0,0,0,0,0,,
56,50,19,0,,,,,,,,
0,50,19,0,,,,,,,,
32,50,20,0,,,,,,,,
21,50,20,2,0,0,0,1,0,0,,
0,50,20,0,,,,,,,,
16,50,21,1,0,0,0,0,,1,,
57,50,21,0,,,,,,,,
0,50,21,0,,,,,,,,
13,50,22,0,,,,,,,,
38,50,22,2,0,0,0,0,0,0,,
0,50,22,0,,,,,,,,
58,50,23,1,0,0,0,0,0,0,,
58,50,23,0,,,,,,,,
0,50,23,0,,,,,,,,
67,50,24,0,,,,,,,,
56,50,24,2,0,0,0,0,0,1,,
0,50,24,0,,,,,,,,
57,50,25,1,0,0,0,0,0,0,,
34,50,25,0,,,,,,,,
0,50,25,0,,,,,,,,
59,50,26,0,,,,,,,,
5,50,26,2,0,0,0,0,0,1,,
0,50,26,0,,,,,,,,
10,50,27,1,0,,1,0,0,1,,
6,50,27,0,,,,,,,,
0,50,27,0,,,,,,,,
53,50,28,0,,,,,,,,
33,50,28,2,0,0,0,1,0,0,,
0,50,28,0,,,,,,,,
55,50,29,1,0,0,0,0,0,0,,
37,50,29,0,,,,,,,,
0,50,29,0,,,,,,,,
33,50,30,0,,,,,,,,
17,50,30,2,0,0,0,0,0,0,,
0,50,30,0,,,,,,,,
9,50,31,1,0,0,0,0,0,1,,
63,50,31,0,,,,,,,,
0,50,31,0,,,,,,,,
30,50,32,0,,,,,,,,
48,50,32,2,0,0,,1,,1,,
0,50,32,0,,,,,,,,
